0.0 0.0 0.0
0.0 3.0 0.0
0.0 3.0 0.0
-3.2676752 2.307011 0.0
0.0 3.0 0.0
0.0 6.0 0.0
0.0 6.0 0.0
6.126891 4.3256454 0.0
0.0 6.0 0.0
0.0 9.0 0.0
0.0 9.0 0.0
-8.169188 5.767527 0.0
-8.169188 5.767527 0.0
-6.4631505 0.60598516 7.6979914
-8.169188 5.767527 0.0
-7.919182 -0.17650723 6.673563
-7.919182 -0.17650723 6.673563
-7.919182 0.15682611 6.673563
-7.919182 -0.17650723 6.673563
0.16409168 0.9666922 10.318324
0.0 9.0 0.0
0.0 12.0 0.0
0.0 12.0 0.0
-10.619945 7.4977856 0.0
0.0 12.0 0.0
0.0 15.0 0.0
0.0 15.0 0.0
13.47916 9.51642 0.0
0.0 15.0 0.0
0.0 18.0 0.0
0.0 18.0 0.0
15.929916 11.246678 0.0
15.929916 11.246678 0.0
15.929916 11.366678 0.0
15.929916 11.246678 0.0
15.7119875 -0.15386057 13.013448
15.7119875 -0.15386057 13.013448
6.4265327 16.311646 10.44996
15.7119875 -0.15386057 13.013448
-0.21369684 1.7697575 20.34096
0.0 18.0 0.0
0.0 21.0 0.0
0.0 21.0 0.0
-17.645447 12.457859 0.0
0.0 21.0 0.0
0.0 24.0 0.0
0.0 24.0 0.0
20.831429 14.707194 0.0
0.0 24.0 0.0
0.0 27.0 0.0
