0.0 0.0 0.0
0.0 3.0 0.0
0.0 3.0 0.0
-1.8833907 3.5288582 0.0
0.0 3.0 0.0
0.0 6.0 0.0
0.0 6.0 0.0
3.2959337 6.175502 0.0
0.0 6.0 0.0
0.0 9.0 0.0
0.0 9.0 0.0
-4.7084765 8.822145 0.0
-4.7084765 8.822145 0.0
-9.41105 3.1506348 3.9116955
-4.7084765 8.822145 0.0
-8.524776 7.1504993 2.2169752
-8.524776 7.1504993 2.2169752
-8.524776 7.270499 2.2169752
-8.524776 7.1504993 2.2169752
-9.787016 4.581999 5.969719
0.0 9.0 0.0
0.0 12.0 0.0
0.0 12.0 0.0
-6.3564434 11.909897 0.0
0.0 12.0 0.0
0.0 15.0 0.0
0.0 15.0 0.0
7.7689867 14.55654 0.0
0.0 15.0 0.0
0.0 18.0 0.0
0.0 18.0 0.0
8.946106 16.762077 0.0
8.946106 16.762077 0.0
8.946106 17.512077 0.0
8.946106 16.762077 0.0
15.32601 11.953852 4.212253
15.32601 11.953852 4.212253
13.008244 2.6593928 15.077063
15.32601 11.953852 4.212253
16.089502 5.642786 10.932327
0.0 18.0 0.0
0.0 21.0 0.0
0.0 21.0 0.0
-10.594072 19.849827 0.0
0.0 21.0 0.0
0.0 24.0 0.0
0.0 24.0 0.0
11.582852 21.702478 0.0
0.0 24.0 0.0
0.0 27.0 0.0
