0.0 0.0 0.0
0.0 3.0 0.0
0.0 3.0 0.0
-3.0895963 2.54055 0.0
0.0 3.0 0.0
0.0 6.0 0.0
0.0 6.0 0.0
5.792993 4.763531 0.0
0.0 6.0 0.0
0.0 9.0 0.0
0.0 9.0 0.0
-7.7239904 6.351375 0.0
-7.7239904 6.351375 0.0
-6.637759 0.21389055 7.578465
-7.7239904 6.351375 0.0
-8.48509 0.62584686 5.966003
-8.48509 0.62584686 5.966003
-8.48509 0.74584687 5.966003
-8.48509 0.62584686 5.966003
-2.138085 0.7469123 10.343108
0.0 9.0 0.0
0.0 12.0 0.0
0.0 12.0 0.0
-9.732228 8.002732 0.0
0.0 12.0 0.0
0.0 15.0 0.0
0.0 15.0 0.0
12.744585 10.479769 0.0
0.0 15.0 0.0
0.0 18.0 0.0
0.0 18.0 0.0
15.061782 12.385181 0.0
15.061782 12.385181 0.0
15.061782 13.135181 0.0
15.061782 12.385181 0.0
16.10566 0.8583727 11.633706
16.10566 0.8583727 11.633706
4.3845305 13.94172 13.554578
16.10566 0.8583727 11.633706
2.2251635 0.21988684 19.828999
0.0 18.0 0.0
0.0 21.0 0.0
0.0 21.0 0.0
-16.992779 13.973025 0.0
0.0 21.0 0.0
0.0 24.0 0.0
0.0 24.0 0.0
19.001017 15.624383 0.0
0.0 24.0 0.0
0.0 27.0 0.0
