0.0 0.0 0.0
0.0 3.0 0.0
0.0 3.0 0.0
-2.972701 2.0305293 0.0
0.0 3.0 0.0
0.0 6.0 0.0
0.0 6.0 0.0
5.780252 3.9482512 0.0
0.0 6.0 0.0
0.0 9.0 0.0
0.0 9.0 0.0
-8.670378 5.9223766 0.0
-8.670378 5.9223766 0.0
-7.362424 0.51071954 8.076505
-8.670378 5.9223766 0.0
-8.474518 -0.13378406 7.159567
-8.474518 -0.13378406 7.159567
-8.474518 0.61621594 7.159567
-8.474518 -0.13378406 7.159567
-0.07674295 1.4233943 11.036089
0.0 9.0 0.0
0.0 12.0 0.0
0.0 12.0 0.0
-11.147629 7.614485 0.0
0.0 12.0 0.0
0.0 15.0 0.0
0.0 15.0 0.0
13.62488 9.306592 0.0
0.0 15.0 0.0
0.0 18.0 0.0
0.0 18.0 0.0
15.689256 10.716682 0.0
15.689256 10.716682 0.0
15.689256 11.466682 0.0
15.689256 10.716682 0.0
15.079253 -0.41666746 12.955407
15.079253 -0.41666746 12.955407
6.1080685 16.458406 9.334177
15.079253 -0.41666746 12.955407
-0.34219414 2.4216535 19.759012
0.0 18.0 0.0
0.0 21.0 0.0
0.0 21.0 0.0
-17.836206 12.183175 0.0
0.0 21.0 0.0
0.0 24.0 0.0
0.0 24.0 0.0
21.056633 14.3829155 0.0
0.0 24.0 0.0
0.0 27.0 0.0
