0.0 0.0 0.0
0.0 3.0 0.0
0.0 3.0 0.0
-1.5727729 3.6778235 0.0
0.0 3.0 0.0
0.0 6.0 0.0
0.0 6.0 0.0
2.5950751 6.068409 0.0
0.0 6.0 0.0
0.0 9.0 0.0
0.0 9.0 0.0
-3.774655 8.8267765 0.0
-3.774655 8.8267765 0.0
-8.424469 4.4424224 2.7292554
-3.774655 8.8267765 0.0
-6.8976345 7.3028774 1.4841688
-6.8976345 7.3028774 1.4841688
-6.8976345 7.636211 1.4841688
-6.8976345 7.3028774 1.4841688
-8.559326 5.3699245 4.0767307
0.0 9.0 0.0
0.0 12.0 0.0
0.0 12.0 0.0
-5.3081083 12.412655 0.0
0.0 12.0 0.0
0.0 15.0 0.0
0.0 15.0 0.0
6.2910914 14.711294 0.0
0.0 15.0 0.0
0.0 18.0 0.0
0.0 18.0 0.0
7.470671 17.469662 0.0
7.470671 17.469662 0.0
7.470671 18.219662 0.0
7.470671 17.469662 0.0
13.4205675 13.913432 2.9374173
13.4205675 13.913432 2.9374173
15.083981 4.52664 11.732872
13.4205675 13.913432 2.9374173
16.147648 9.314516 7.9777017
0.0 18.0 0.0
0.0 21.0 0.0
0.0 21.0 0.0
-8.65025 20.22803 0.0
0.0 21.0 0.0
0.0 24.0 0.0
0.0 24.0 0.0
9.82983 22.986397 0.0
0.0 24.0 0.0
0.0 27.0 0.0
