0.0 0.0 0.0
0.0 3.0 0.0
0.0 3.0 0.0
-3.1645672 3.1992989 0.0
0.0 3.0 0.0
0.0 6.0 0.0
0.0 6.0 0.0
5.2742786 5.332165 0.0
0.0 6.0 0.0
0.0 9.0 0.0
0.0 9.0 0.0
-6.751077 6.8251715 0.0
-6.751077 6.8251715 0.0
-7.158883 0.0044514164 6.750675
-6.751077 6.8251715 0.0
-8.634039 1.9036276 4.7476087
-8.634039 1.9036276 4.7476087
-8.634039 2.236961 4.7476087
-8.634039 1.9036276 4.7476087
-4.0324154 0.095481515 9.447115
0.0 9.0 0.0
0.0 12.0 0.0
0.0 12.0 0.0
-8.860788 8.958037 0.0
0.0 12.0 0.0
0.0 15.0 0.0
0.0 15.0 0.0
10.9705 11.090903 0.0
0.0 15.0 0.0
0.0 18.0 0.0
0.0 18.0 0.0
13.713125 13.863628 0.0
13.713125 13.863628 0.0
13.713125 13.983628 0.0
13.713125 13.863628 0.0
17.735676 4.0666995 9.6435795
17.735676 4.0666995 9.6435795
4.0833106 9.494556 17.839878
17.735676 4.0666995 9.6435795
7.7062187 -0.49595237 19.32854
0.0 18.0 0.0
0.0 21.0 0.0
0.0 21.0 0.0
-15.471218 15.641017 0.0
0.0 21.0 0.0
0.0 24.0 0.0
0.0 24.0 0.0
17.580929 17.773884 0.0
0.0 24.0 0.0
0.0 27.0 0.0
