0.0 0.0 0.0
0.0 3.0 0.0
0.0 3.0 0.0
-2.900449 2.1324618 0.0
0.0 3.0 0.0
0.0 6.0 0.0
0.0 6.0 0.0
5.31749 3.9095135 0.0
0.0 6.0 0.0
0.0 9.0 0.0
0.0 9.0 0.0
-7.7345314 5.6865654 0.0
-7.7345314 5.6865654 0.0
-6.230283 0.47002006 7.382536
-7.7345314 5.6865654 0.0
-8.10112 0.26952267 6.2315598
-8.10112 0.26952267 6.2315598
-8.10112 0.38952267 6.2315598
-8.10112 0.26952267 6.2315598
-1.294202 1.2269924 10.218181
0.0 9.0 0.0
0.0 12.0 0.0
0.0 12.0 0.0
-10.151572 7.463617 0.0
0.0 12.0 0.0
0.0 15.0 0.0
0.0 15.0 0.0
12.568613 9.240668 0.0
0.0 15.0 0.0
0.0 18.0 0.0
0.0 18.0 0.0
15.710767 11.550836 0.0
15.710767 11.550836 0.0
15.710767 11.884169 0.0
15.710767 11.550836 0.0
16.027382 0.23278189 12.657856
16.027382 0.23278189 12.657856
5.3656287 15.989245 11.522882
16.027382 0.23278189 12.657856
0.978842 1.5939009 20.410835
0.0 18.0 0.0
0.0 21.0 0.0
0.0 21.0 0.0
-18.127808 13.327888 0.0
0.0 21.0 0.0
0.0 24.0 0.0
0.0 24.0 0.0
19.819736 14.571823 0.0
0.0 24.0 0.0
0.0 27.0 0.0
