0.0 0.0 0.0
0.0 3.0 0.0
0.0 3.0 0.0
-1.307848 3.78015 0.0
0.0 3.0 0.0
0.0 6.0 0.0
0.0 6.0 0.0
2.452215 7.087781 0.0
0.0 6.0 0.0
0.0 9.0 0.0
0.0 9.0 0.0
-3.433101 9.922894 0.0
-3.433101 9.922894 0.0
-8.460161 6.395378 2.121597
-3.433101 9.922894 0.0
-6.8009405 9.734264 1.1224935
-6.8009405 9.734264 1.1224935
-6.8009405 10.067597 1.1224935
-6.8009405 9.734264 1.1224935
-9.4002285 8.635368 3.2844474
0.0 9.0 0.0
0.0 12.0 0.0
0.0 12.0 0.0
-4.250506 12.285487 0.0
0.0 12.0 0.0
0.0 15.0 0.0
0.0 15.0 0.0
5.231392 15.1206 0.0
0.0 15.0 0.0
0.0 18.0 0.0
0.0 18.0 0.0
6.212278 17.955711 0.0
6.212278 17.955711 0.0
6.212278 18.289045 0.0
6.212278 17.955711 0.0
11.745956 15.994318 2.0311787
11.745956 15.994318 2.0311787
16.620989 8.23315 8.855694
11.745956 15.994318 2.0311787
15.419146 12.64801 5.760021
0.0 18.0 0.0
0.0 21.0 0.0
0.0 21.0 0.0
-7.0623794 20.41281 0.0
0.0 21.0 0.0
0.0 24.0 0.0
0.0 24.0 0.0
8.337531 24.098455 0.0
0.0 24.0 0.0
0.0 27.0 0.0
