0.0 0.0 0.0
0.0 3.0 0.0
0.0 3.0 0.0
-2.4361854 2.6504717 0.0
0.0 3.0 0.0
0.0 6.0 0.0
0.0 6.0 0.0
4.737027 5.153695 0.0
0.0 6.0 0.0
0.0 9.0 0.0
0.0 9.0 0.0
-6.767182 7.362422 0.0
-6.767182 7.362422 0.0
-7.7163577 0.080114245 6.743205
-6.767182 7.362422 0.0
-9.056484 2.4906683 4.579475
-9.056484 2.4906683 4.579475
-9.056484 2.8240016 4.579475
-9.056484 2.4906683 4.579475
-4.989664 0.15493798 9.50029
0.0 9.0 0.0
0.0 12.0 0.0
0.0 12.0 0.0
-8.526649 9.276651 0.0
0.0 12.0 0.0
0.0 15.0 0.0
0.0 15.0 0.0
10.556804 11.485378 0.0
0.0 15.0 0.0
0.0 18.0 0.0
0.0 18.0 0.0
12.586958 13.694105 0.0
12.586958 13.694105 0.0
12.586958 14.444105 0.0
12.586958 13.694105 0.0
16.76656 4.5472403 8.517823
16.76656 4.5472403 8.517823
4.683219 7.497941 17.423548
16.76656 4.5472403 8.517823
8.598453 -0.36874962 17.617416
0.0 18.0 0.0
0.0 21.0 0.0
0.0 21.0 0.0
-14.617113 15.902831 0.0
0.0 21.0 0.0
0.0 24.0 0.0
0.0 24.0 0.0
17.256313 18.774176 0.0
0.0 24.0 0.0
0.0 27.0 0.0
