0.0 0.0 0.0
0.0 3.0 0.0
0.0 3.0 0.0
-2.6770897 2.4069045 0.0
0.0 3.0 0.0
0.0 6.0 0.0
0.0 6.0 0.0
4.907998 4.412658 0.0
0.0 6.0 0.0
0.0 9.0 0.0
0.0 9.0 0.0
-7.808179 7.0201383 0.0
-7.808179 7.0201383 0.0
-7.3997664 0.04353255 7.764198
-7.808179 7.0201383 0.0
-9.454361 1.480042 5.8064437
-9.454361 1.480042 5.8064437
-9.454361 1.8133754 5.8064437
-9.454361 1.480042 5.8064437
-3.555348 0.5027889 10.912703
0.0 9.0 0.0
0.0 12.0 0.0
0.0 12.0 0.0
-9.667269 8.6916 0.0
0.0 12.0 0.0
0.0 15.0 0.0
0.0 15.0 0.0
11.600723 10.42992 0.0
0.0 15.0 0.0
0.0 18.0 0.0
0.0 18.0 0.0
14.129086 12.703107 0.0
14.129086 12.703107 0.0
14.129086 13.453107 0.0
14.129086 12.703107 0.0
16.505901 2.1369367 10.506898
16.505901 2.1369367 10.506898
4.1634436 11.822476 15.29931
16.505901 2.1369367 10.506898
4.1896534 -0.56633234 19.299133
0.0 18.0 0.0
0.0 21.0 0.0
0.0 21.0 0.0
-16.731812 15.043153 0.0
0.0 21.0 0.0
0.0 24.0 0.0
0.0 24.0 0.0
18.590902 16.714615 0.0
0.0 24.0 0.0
0.0 27.0 0.0
