0.0 0.0 0.0
0.0 3.0 0.0
0.0 3.0 0.0
-1.8223299 3.5607743 0.0
0.0 3.0 0.0
0.0 6.0 0.0
0.0 6.0 0.0
3.0068443 5.8752775 0.0
0.0 6.0 0.0
0.0 9.0 0.0
0.0 9.0 0.0
-4.5558248 8.901936 0.0
-4.5558248 8.901936 0.0
-8.876337 3.115498 3.6952896
-4.5558248 8.901936 0.0
-8.1213875 6.9669943 2.075554
-8.1213875 6.9669943 2.075554
-8.1213875 7.300328 2.075554
-8.1213875 6.9669943 2.075554
-9.041386 3.8731997 5.5476065
0.0 9.0 0.0
0.0 12.0 0.0
0.0 12.0 0.0
-5.7403393 11.216439 0.0
0.0 12.0 0.0
0.0 15.0 0.0
0.0 15.0 0.0
7.2893195 14.243097 0.0
0.0 15.0 0.0
0.0 18.0 0.0
0.0 18.0 0.0
8.883858 17.358774 0.0
8.883858 17.358774 0.0
8.883858 17.478775 0.0
8.883858 17.358774 0.0
15.631693 13.185053 4.04733
15.631693 13.185053 4.04733
14.730336 3.397366 15.046312
15.631693 13.185053 4.04733
17.20829 7.127952 10.724432
0.0 18.0 0.0
0.0 21.0 0.0
0.0 21.0 0.0
-9.840582 19.228182 0.0
0.0 21.0 0.0
0.0 24.0 0.0
0.0 24.0 0.0
11.207329 21.898762 0.0
0.0 24.0 0.0
0.0 27.0 0.0
