0.0 0.0 0.0
0.0 3.0 0.0
0.0 3.0 0.0
-3.4480891 2.8914843 0.0
0.0 3.0 0.0
0.0 6.0 0.0
0.0 6.0 0.0
5.746815 4.8191404 0.0
0.0 6.0 0.0
0.0 9.0 0.0
0.0 9.0 0.0
-7.6624203 6.425521 0.0
-7.6624203 6.425521 0.0
-7.2984056 0.06441641 7.5451913
-7.6624203 6.425521 0.0
-8.546857 0.7416675 5.8712683
-8.546857 0.7416675 5.8712683
-8.546857 0.8616675 5.8712683
-8.546857 0.7416675 5.8712683
-1.9725854 0.35824293 10.321557
0.0 9.0 0.0
0.0 12.0 0.0
0.0 12.0 0.0
-10.344267 8.674453 0.0
0.0 12.0 0.0
0.0 15.0 0.0
0.0 15.0 0.0
12.642994 10.602109 0.0
0.0 15.0 0.0
0.0 18.0 0.0
0.0 18.0 0.0
14.5585985 12.208489 0.0
14.5585985 12.208489 0.0
14.5585985 12.958489 0.0
14.5585985 12.208489 0.0
16.514875 1.6404862 11.15541
16.514875 1.6404862 11.15541
4.769509 13.233883 14.318339
16.514875 1.6404862 11.15541
3.0429332 -0.14183605 19.822323
0.0 18.0 0.0
0.0 21.0 0.0
0.0 21.0 0.0
-16.857325 14.136146 0.0
0.0 21.0 0.0
0.0 24.0 0.0
0.0 24.0 0.0
19.156052 16.063803 0.0
0.0 24.0 0.0
0.0 27.0 0.0
