0.0 0.0 0.0
0.0 3.0 0.0
0.0 3.0 0.0
-1.3890733 3.7510633 0.0
0.0 3.0 0.0
0.0 6.0 0.0
0.0 6.0 0.0
2.6045125 7.0332437 0.0
0.0 6.0 0.0
0.0 9.0 0.0
0.0 9.0 0.0
-3.4726832 9.377659 0.0
-3.4726832 9.377659 0.0
-8.324435 5.6525154 2.2618027
-3.4726832 9.377659 0.0
-6.518819 8.225806 1.2059529
-6.518819 8.225806 1.2059529
-6.518819 8.345806 1.2059529
-6.518819 8.225806 1.2059529
-8.404878 6.299077 3.3946805
0.0 9.0 0.0
0.0 12.0 0.0
0.0 12.0 0.0
-4.514488 12.190956 0.0
0.0 12.0 0.0
0.0 15.0 0.0
0.0 15.0 0.0
5.417386 14.629148 0.0
0.0 15.0 0.0
0.0 18.0 0.0
0.0 18.0 0.0
6.459191 17.442446 0.0
6.459191 17.442446 0.0
6.459191 17.77578 0.0
6.459191 17.442446 0.0
12.084721 15.191218 2.2430723
12.084721 15.191218 2.2430723
15.822098 6.5972886 9.572996
12.084721 15.191218 2.2430723
15.693221 11.9874935 6.300117
0.0 18.0 0.0
0.0 21.0 0.0
0.0 21.0 0.0
-7.813537 21.099731 0.0
0.0 21.0 0.0
0.0 24.0 0.0
0.0 24.0 0.0
8.681707 23.444145 0.0
0.0 24.0 0.0
0.0 27.0 0.0
