0.0 0.0 0.0
0.0 3.0 0.0
0.0 3.0 0.0
-3.3933485 2.9555347 0.0
0.0 3.0 0.0
0.0 6.0 0.0
0.0 6.0 0.0
5.278542 4.5974984 0.0
0.0 6.0 0.0
0.0 9.0 0.0
0.0 9.0 0.0
-7.5407743 6.567855 0.0
-7.5407743 6.567855 0.0
-7.3906684 0.020801425 7.4693956
-7.5407743 6.567855 0.0
-8.959591 1.2357595 5.686328
-8.959591 1.2357595 5.686328
-8.959591 1.9857595 5.686328
-8.959591 1.2357595 5.686328
-2.7345579 0.26445615 10.490923
0.0 9.0 0.0
0.0 12.0 0.0
0.0 12.0 0.0
-10.180045 8.866604 0.0
0.0 12.0 0.0
0.0 15.0 0.0
0.0 15.0 0.0
12.065239 10.508568 0.0
0.0 15.0 0.0
0.0 18.0 0.0
0.0 18.0 0.0
14.025841 12.21621 0.0
14.025841 12.21621 0.0
14.025841 12.33621 0.0
14.025841 12.21621 0.0
15.714703 1.470964 10.57657
15.714703 1.470964 10.57657
3.934092 12.209096 14.114153
15.714703 1.470964 10.57657
3.7809167 0.18249452 18.79664
0.0 18.0 0.0
0.0 21.0 0.0
0.0 21.0 0.0
-16.288073 14.186566 0.0
0.0 21.0 0.0
0.0 24.0 0.0
0.0 24.0 0.0
18.550304 16.156923 0.0
0.0 24.0 0.0
0.0 27.0 0.0
