0.0 0.0 0.0
0.0 3.0 0.0
0.0 3.0 0.0
-2.9744267 3.3768008 0.0
0.0 3.0 0.0
0.0 6.0 0.0
0.0 6.0 0.0
4.957378 5.628001 0.0
0.0 6.0 0.0
0.0 9.0 0.0
0.0 9.0 0.0
-6.6098375 7.5040016 0.0
-6.6098375 7.5040016 0.0
-8.293281 0.21416444 6.5569897
-6.6098375 7.5040016 0.0
-9.34301 3.1029096 4.368995
-9.34301 3.1029096 4.368995
-9.34301 3.4362428 4.368995
-9.34301 3.1029096 4.368995
-6.1364694 0.72868156 9.454073
0.0 9.0 0.0
0.0 12.0 0.0
0.0 12.0 0.0
-8.328396 9.455043 0.0
0.0 12.0 0.0
0.0 15.0 0.0
0.0 15.0 0.0
10.57574 12.006403 0.0
0.0 15.0 0.0
0.0 18.0 0.0
0.0 18.0 0.0
12.294298 13.957444 0.0
12.294298 13.957444 0.0
12.294298 14.290777 0.0
12.294298 13.957444 0.0
16.545158 4.825909 8.126331
16.545158 4.825909 8.126331
4.3641515 6.5766864 17.438425
16.545158 4.825909 8.126331
9.136739 -0.2842841 17.03408
0.0 18.0 0.0
0.0 21.0 0.0
0.0 21.0 0.0
-14.277249 16.208645 0.0
0.0 21.0 0.0
0.0 24.0 0.0
0.0 24.0 0.0
16.524593 18.760004 0.0
0.0 24.0 0.0
0.0 27.0 0.0
