0.0 0.0 0.0
0.0 3.0 0.0
0.0 3.0 0.0
-2.0667078 3.4247217 0.0
0.0 3.0 0.0
0.0 6.0 0.0
0.0 6.0 0.0
3.6167388 5.9932632 0.0
0.0 6.0 0.0
0.0 9.0 0.0
0.0 9.0 0.0
-5.425108 8.989895 0.0
-5.425108 8.989895 0.0
-9.238414 2.008893 4.799796
-5.425108 8.989895 0.0
-9.396735 6.581345 2.8030283
-9.396735 6.581345 2.8030283
-9.396735 6.9146786 2.8030283
-9.396735 6.581345 2.8030283
-9.358692 2.7399886 7.254975
0.0 9.0 0.0
0.0 12.0 0.0
0.0 12.0 0.0
-6.51013 10.787873 0.0
0.0 12.0 0.0
0.0 15.0 0.0
0.0 15.0 0.0
8.266831 13.698887 0.0
0.0 15.0 0.0
0.0 18.0 0.0
0.0 18.0 0.0
9.610191 15.924956 0.0
9.610191 15.924956 0.0
9.610191 16.25829 0.0
9.610191 15.924956 0.0
16.047775 10.66766 4.9653645
16.047775 10.66766 4.9653645
10.982907 2.2971344 16.512373
16.047775 10.66766 4.9653645
15.595629 4.2161183 12.542763
0.0 18.0 0.0
0.0 21.0 0.0
0.0 21.0 0.0
-11.366893 18.83597 0.0
0.0 21.0 0.0
0.0 24.0 0.0
0.0 24.0 0.0
12.916924 21.40451 0.0
0.0 24.0 0.0
0.0 27.0 0.0
