0.0 0.0 0.0
0.0 3.0 0.0
0.0 3.0 0.0
-1.5981046 3.2258427 0.0
0.0 3.0 0.0
0.0 6.0 0.0
0.0 6.0 0.0
2.9298584 5.914045 0.0
0.0 6.0 0.0
0.0 9.0 0.0
0.0 9.0 0.0
-4.6611385 9.408709 0.0
-4.6611385 9.408709 0.0
-9.792895 3.908182 3.7082193
-4.6611385 9.408709 0.0
-8.585172 7.920829 2.069163
-8.585172 7.920829 2.069163
-8.585172 8.040829 2.069163
-8.585172 7.920829 2.069163
-10.030395 4.9864063 5.6652217
0.0 9.0 0.0
0.0 12.0 0.0
0.0 12.0 0.0
-5.7709336 11.648877 0.0
0.0 12.0 0.0
0.0 15.0 0.0
0.0 15.0 0.0
7.3246465 14.785112 0.0
0.0 15.0 0.0
0.0 18.0 0.0
0.0 18.0 0.0
8.656401 17.473314 0.0
8.656401 17.473314 0.0
8.656401 17.593315 0.0
8.656401 17.473314 0.0
14.973612 12.751561 3.8427317
14.973612 12.751561 3.8427317
13.884434 3.0132494 14.240629
14.973612 12.751561 3.8427317
16.421299 6.7649508 10.090402
0.0 18.0 0.0
0.0 21.0 0.0
0.0 21.0 0.0
-9.766195 19.713484 0.0
0.0 21.0 0.0
0.0 24.0 0.0
0.0 24.0 0.0
10.920382 22.043259 0.0
0.0 24.0 0.0
0.0 27.0 0.0
