0.0 0.0 0.0
0.0 3.0 0.0
0.0 3.0 0.0
-1.9298704 3.5036552 0.0
0.0 3.0 0.0
0.0 6.0 0.0
0.0 6.0 0.0
3.377273 6.131397 0.0
0.0 6.0 0.0
0.0 9.0 0.0
0.0 9.0 0.0
-4.631689 8.408772 0.0
-4.631689 8.408772 0.0
-8.711809 2.5800052 3.9147038
-4.631689 8.408772 0.0
-8.334209 6.7218785 2.23464
-8.334209 6.7218785 2.23464
-8.334209 7.055212 2.23464
-8.334209 6.7218785 2.23464
-9.416645 4.1997876 5.9783382
0.0 9.0 0.0
0.0 12.0 0.0
0.0 12.0 0.0
-6.5133123 11.824837 0.0
0.0 12.0 0.0
0.0 15.0 0.0
0.0 15.0 0.0
7.9607153 14.452578 0.0
0.0 15.0 0.0
0.0 18.0 0.0
0.0 18.0 0.0
9.408118 17.080318 0.0
9.408118 17.080318 0.0
9.408118 17.20032 0.0
9.408118 17.080318 0.0
15.748324 11.510564 4.539112
15.748324 11.510564 4.539112
12.810535 2.6814442 15.736414
15.748324 11.510564 4.539112
16.007233 5.00916 11.573927
0.0 18.0 0.0
0.0 21.0 0.0
0.0 21.0 0.0
-10.855521 19.708061 0.0
0.0 21.0 0.0
0.0 24.0 0.0
0.0 24.0 0.0
12.302923 22.335802 0.0
0.0 24.0 0.0
0.0 27.0 0.0
