0.0 0.0 0.0
0.0 3.0 0.0
0.0 3.0 0.0
-1.6181972 4.1989803 0.0
0.0 3.0 0.0
0.0 6.0 0.0
0.0 6.0 0.0
2.6969953 6.998301 0.0
0.0 6.0 0.0
0.0 9.0 0.0
0.0 9.0 0.0
-3.4521542 8.957826 0.0
-3.4521542 8.957826 0.0
-8.412257 5.4796047 2.3167038
-3.4521542 8.957826 0.0
-6.7663774 8.599916 1.2413925
-6.7663774 8.599916 1.2413925
-6.7663774 8.719916 1.2413925
-6.7663774 8.599916 1.2413925
-8.783148 6.4746103 3.591537
0.0 9.0 0.0
0.0 12.0 0.0
0.0 12.0 0.0
-4.5309525 11.757146 0.0
0.0 12.0 0.0
0.0 15.0 0.0
0.0 15.0 0.0
5.9333897 15.396262 0.0
0.0 15.0 0.0
0.0 18.0 0.0
0.0 18.0 0.0
7.012188 18.195581 0.0
7.012188 18.195581 0.0
7.012188 18.315582 0.0
7.012188 18.195581 0.0
13.187948 16.025179 2.5215786
13.187948 16.025179 2.5215786
17.251696 7.0109468 10.71973
13.187948 16.025179 2.5215786
16.758734 11.787234 7.09528
0.0 18.0 0.0
0.0 21.0 0.0
0.0 21.0 0.0
-8.090986 20.994902 0.0
0.0 21.0 0.0
0.0 24.0 0.0
0.0 24.0 0.0
8.846145 22.954428 0.0
0.0 24.0 0.0
0.0 27.0 0.0
