0.0 0.0 0.0
0.0 3.0 0.0
0.0 3.0 0.0
-1.079515 3.4343336 0.0
0.0 3.0 0.0
0.0 6.0 0.0
0.0 6.0 0.0
1.9791108 6.2962785 0.0
0.0 6.0 0.0
0.0 9.0 0.0
0.0 9.0 0.0
-2.9986527 9.539816 0.0
-2.9986527 9.539816 0.0
-7.6658325 6.6904883 1.7156248
-2.9986527 9.539816 0.0
-5.889541 9.196978 0.8991918
-5.889541 9.196978 0.8991918
-5.889541 9.530311 0.8991918
-5.889541 9.196978 0.8991918
-8.310383 8.600777 2.6238813
0.0 9.0 0.0
0.0 12.0 0.0
0.0 12.0 0.0
-4.048181 12.878752 0.0
0.0 12.0 0.0
0.0 15.0 0.0
0.0 15.0 0.0
4.6778984 14.882113 0.0
0.0 15.0 0.0
0.0 18.0 0.0
0.0 18.0 0.0
5.577494 17.744059 0.0
5.577494 17.744059 0.0
5.577494 17.86406 0.0
5.577494 17.744059 0.0
10.846596 16.762945 1.6724968
10.846596 16.762945 1.6724968
16.292648 9.479515 7.577401
10.846596 16.762945 1.6724968
14.869257 14.470062 4.8480487
0.0 18.0 0.0
0.0 21.0 0.0
0.0 21.0 0.0
-6.7469687 21.464586 0.0
0.0 21.0 0.0
0.0 24.0 0.0
0.0 24.0 0.0
7.6465645 24.32653 0.0
0.0 24.0 0.0
0.0 27.0 0.0
