0.0 0.0 0.0
0.0 3.0 0.0
0.0 3.0 0.0
-2.5068831 3.1169755 0.0
0.0 3.0 0.0
0.0 6.0 0.0
0.0 6.0 0.0
4.1363573 5.1430097 0.0
0.0 6.0 0.0
0.0 9.0 0.0
0.0 9.0 0.0
-6.5805683 8.182061 0.0
-6.5805683 8.182061 0.0
-8.619908 0.4477359 6.4274826
-6.5805683 8.182061 0.0
-10.063808 4.3309455 4.124179
-10.063808 4.3309455 4.124179
-10.063808 4.664279 4.124179
-10.063808 4.3309455 4.124179
-7.751212 1.248774 9.520939
0.0 9.0 0.0
0.0 12.0 0.0
0.0 12.0 0.0
-8.460731 10.519793 0.0
0.0 12.0 0.0
0.0 15.0 0.0
0.0 15.0 0.0
10.340893 12.857524 0.0
0.0 15.0 0.0
0.0 18.0 0.0
0.0 18.0 0.0
11.657007 14.493937 0.0
11.657007 14.493937 0.0
11.657007 15.243937 0.0
11.657007 14.493937 0.0
17.102112 6.7702646 7.305689
17.102112 6.7702646 7.305689
6.1945906 4.9109483 18.270906
17.102112 6.7702646 7.305689
11.435993 0.2606244 16.411163
0.0 18.0 0.0
0.0 21.0 0.0
0.0 21.0 0.0
-13.537169 16.831669 0.0
0.0 21.0 0.0
0.0 24.0 0.0
0.0 24.0 0.0
15.98138 19.87072 0.0
0.0 24.0 0.0
0.0 27.0 0.0
