0.0 0.0 0.0
0.0 3.0 0.0
0.0 3.0 0.0
-2.382323 2.6989882 0.0
0.0 3.0 0.0
0.0 6.0 0.0
0.0 6.0 0.0
4.3675923 4.948145 0.0
0.0 6.0 0.0
0.0 9.0 0.0
0.0 9.0 0.0
-6.617564 7.4971895 0.0
-6.617564 7.4971895 0.0
-8.285387 0.20868653 6.5663614
-6.617564 7.4971895 0.0
-9.34266 3.0873232 4.3792152
-9.34266 3.0873232 4.3792152
-9.34266 3.8373232 4.3792152
-9.34266 3.0873232 4.3792152
-5.5187526 0.047022343 9.465746
0.0 9.0 0.0
0.0 12.0 0.0
0.0 12.0 0.0
-8.933711 10.121206 0.0
0.0 12.0 0.0
0.0 15.0 0.0
0.0 15.0 0.0
10.918981 12.370363 0.0
0.0 15.0 0.0
0.0 18.0 0.0
0.0 18.0 0.0
12.573372 14.24466 0.0
12.573372 14.24466 0.0
12.573372 14.577993 0.0
12.573372 14.24466 0.0
16.890772 4.89128 8.320509
16.890772 4.89128 8.320509
4.832946 6.811773 17.793129
16.890772 4.89128 8.320509
9.5953455 0.055353165 17.415619
0.0 18.0 0.0
0.0 21.0 0.0
0.0 21.0 0.0
-14.5586405 16.493816 0.0
0.0 21.0 0.0
0.0 24.0 0.0
0.0 24.0 0.0
16.54391 18.742973 0.0
0.0 24.0 0.0
0.0 27.0 0.0
