0.0 0.0 0.0
0.0 3.0 0.0
0.0 3.0 0.0
-1.3727375 3.328001 0.0
0.0 3.0 0.0
0.0 6.0 0.0
0.0 6.0 0.0
2.5166855 6.101335 0.0
0.0 6.0 0.0
0.0 9.0 0.0
0.0 9.0 0.0
-4.003818 9.70667 0.0
-4.003818 9.70667 0.0
-9.092072 5.118458 2.8227363
-4.003818 9.70667 0.0
-7.351753 8.116579 1.5267199
-7.351753 8.116579 1.5267199
-7.351753 8.236579 1.5267199
-7.351753 8.116579 1.5267199
-9.4115715 6.5204496 4.2147093
0.0 9.0 0.0
0.0 12.0 0.0
0.0 12.0 0.0
-5.147766 12.480004 0.0
0.0 12.0 0.0
0.0 15.0 0.0
0.0 15.0 0.0
6.291714 15.253338 0.0
0.0 15.0 0.0
0.0 18.0 0.0
0.0 18.0 0.0
7.092478 17.194672 0.0
7.092478 17.194672 0.0
7.092478 17.314672 0.0
7.092478 17.194672 0.0
12.999138 14.319831 2.7044754
12.999138 14.319831 2.7044754
15.366064 5.085452 11.0825405
12.999138 14.319831 2.7044754
15.997393 9.973305 7.456918
0.0 18.0 0.0
0.0 21.0 0.0
0.0 21.0 0.0
-8.57961 20.800007 0.0
0.0 21.0 0.0
0.0 24.0 0.0
0.0 24.0 0.0
9.723558 23.573341 0.0
0.0 24.0 0.0
0.0 27.0 0.0
