0.0 0.0 0.0
0.0 3.0 0.0
0.0 3.0 0.0
-2.7024095 2.3784413 0.0
0.0 3.0 0.0
0.0 6.0 0.0
0.0 6.0 0.0
5.6300197 4.955086 0.0
0.0 6.0 0.0
0.0 9.0 0.0
0.0 9.0 0.0
-7.8820276 6.9371204 0.0
-7.8820276 6.9371204 0.0
-7.3387213 0.06956798 7.818196
-7.8820276 6.9371204 0.0
-9.098355 1.070513 5.916796
-9.098355 1.070513 5.916796
-9.098355 1.190513 5.916796
-9.098355 1.070513 5.916796
-2.9665575 0.52008593 10.738954
0.0 9.0 0.0
0.0 12.0 0.0
0.0 12.0 0.0
-10.134035 8.919155 0.0
0.0 12.0 0.0
0.0 15.0 0.0
0.0 15.0 0.0
12.010709 10.57085 0.0
0.0 15.0 0.0
0.0 18.0 0.0
0.0 18.0 0.0
14.638051 12.883224 0.0
14.638051 12.883224 0.0
14.638051 13.003223 0.0
14.638051 12.883224 0.0
16.811155 1.9125891 10.988336
16.811155 1.9125891 10.988336
3.8832312 12.643701 15.279396
16.811155 1.9125891 10.988336
4.0747128 -0.22124624 19.879372
0.0 18.0 0.0
0.0 21.0 0.0
0.0 21.0 0.0
-16.214457 14.270648 0.0
0.0 21.0 0.0
0.0 24.0 0.0
0.0 24.0 0.0
18.766733 16.516954 0.0
0.0 24.0 0.0
0.0 27.0 0.0
