0.0 0.0 0.0
0.0 3.0 0.0
0.0 3.0 0.0
-1.1710799 3.4041991 0.0
0.0 3.0 0.0
0.0 6.0 0.0
0.0 6.0 0.0
2.2770998 6.619276 0.0
0.0 6.0 0.0
0.0 9.0 0.0
0.0 9.0 0.0
-3.12288 9.077865 0.0
-3.12288 9.077865 0.0
-7.9871483 6.2332654 1.9212406
-3.12288 9.077865 0.0
-6.070746 8.5691185 1.0158728
-6.070746 8.5691185 1.0158728
-6.070746 8.9024515 1.0158728
-6.070746 8.5691185 1.0158728
-8.391334 7.761563 2.9354339
0.0 9.0 0.0
0.0 12.0 0.0
0.0 12.0 0.0
-4.2289 12.292941 0.0
0.0 12.0 0.0
0.0 15.0 0.0
0.0 15.0 0.0
5.3674498 15.602579 0.0
0.0 15.0 0.0
0.0 18.0 0.0
0.0 18.0 0.0
6.0505795 17.588364 0.0
6.0505795 17.588364 0.0
6.0505795 18.338364 0.0
6.0505795 17.588364 0.0
11.457102 15.716156 1.9682534
11.457102 15.716156 1.9682534
16.03997 7.840923 8.6002655
11.457102 15.716156 1.9682534
15.077027 12.4909725 5.5881968
0.0 18.0 0.0
0.0 21.0 0.0
0.0 21.0 0.0
-7.3192496 21.276245 0.0
0.0 21.0 0.0
0.0 24.0 0.0
0.0 24.0 0.0
8.1325 23.640272 0.0
0.0 24.0 0.0
0.0 27.0 0.0
