0.0 0.0 0.0
0.0 3.0 0.0
0.0 3.0 0.0
-1.4412218 3.2989209 0.0
0.0 3.0 0.0
0.0 6.0 0.0
0.0 6.0 0.0
2.802376 6.4145684 0.0
0.0 6.0 0.0
0.0 9.0 0.0
0.0 9.0 0.0
-4.003394 9.16367 0.0
-4.003394 9.16367 0.0
-8.816312 4.456998 2.937353
-4.003394 9.16367 0.0
-7.430681 7.8449745 1.6027164
-7.430681 7.8449745 1.6027164
-7.430681 7.9649744 1.6027164
-7.430681 7.8449745 1.6027164
-9.192777 5.6361084 4.443471
0.0 9.0 0.0
0.0 12.0 0.0
0.0 12.0 0.0
-5.404582 12.370954 0.0
0.0 12.0 0.0
0.0 15.0 0.0
0.0 15.0 0.0
6.245295 14.295324 0.0
0.0 15.0 0.0
0.0 18.0 0.0
0.0 18.0 0.0
7.606449 17.410973 0.0
7.606449 17.410973 0.0
7.606449 17.744307 0.0
7.606449 17.410973 0.0
13.597854 13.714174 3.0451615
13.597854 13.714174 3.0451615
15.066381 4.40509 12.046014
13.597854 13.714174 3.0451615
16.03189 8.6166115 8.234242
0.0 18.0 0.0
0.0 21.0 0.0
0.0 21.0 0.0
-9.007637 20.618256 0.0
0.0 21.0 0.0
0.0 24.0 0.0
0.0 24.0 0.0
10.008486 22.909174 0.0
0.0 24.0 0.0
0.0 27.0 0.0
