0.0 0.0 0.0
0.0 3.0 0.0
0.0 3.0 0.0
-2.4017107 3.805494 0.0
0.0 3.0 0.0
0.0 6.0 0.0
0.0 6.0 0.0
3.522509 5.5813913 0.0
0.0 6.0 0.0
0.0 9.0 0.0
0.0 9.0 0.0
-5.603992 8.879486 0.0
-5.603992 8.879486 0.0
-9.353907 1.7875397 5.0586452
-5.603992 8.879486 0.0
-9.067024 5.48715 2.9909263
-9.067024 5.48715 2.9909263
-9.067024 5.60715 2.9909263
-9.067024 5.48715 2.9909263
-8.596627 2.2455857 7.368516
0.0 9.0 0.0
0.0 12.0 0.0
0.0 12.0 0.0
-7.2051325 11.416482 0.0
0.0 12.0 0.0
0.0 15.0 0.0
0.0 15.0 0.0
8.325932 13.19238 0.0
0.0 15.0 0.0
0.0 18.0 0.0
0.0 18.0 0.0
10.4074135 16.490475 0.0
10.4074135 16.490475 0.0
10.4074135 17.240475 0.0
10.4074135 16.490475 0.0
17.04462 10.516607 5.5545774
17.04462 10.516607 5.5545774
11.168614 2.753555 17.776073
17.04462 10.516607 5.5545774
16.095863 4.05128 13.794258
0.0 18.0 0.0
0.0 21.0 0.0
0.0 21.0 0.0
-11.741697 18.604637 0.0
0.0 21.0 0.0
0.0 24.0 0.0
0.0 24.0 0.0
13.6096945 21.564466 0.0
0.0 24.0 0.0
0.0 27.0 0.0
