0.0 0.0 0.0
0.0 3.0 0.0
0.0 3.0 0.0
-1.6335951 4.193014 0.0
0.0 3.0 0.0
0.0 6.0 0.0
0.0 6.0 0.0
2.541148 6.522466 0.0
0.0 6.0 0.0
0.0 9.0 0.0
0.0 9.0 0.0
-3.485003 8.945097 0.0
-3.485003 8.945097 0.0
-8.022675 4.939576 2.3576474
-3.485003 8.945097 0.0
-6.636014 8.087828 1.2651297
-6.636014 8.087828 1.2651297
-6.636014 8.421161 1.2651297
-6.636014 8.087828 1.2651297
-8.8141365 6.855807 3.5878367
0.0 9.0 0.0
0.0 12.0 0.0
0.0 12.0 0.0
-4.9007854 12.5790415 0.0
0.0 12.0 0.0
0.0 15.0 0.0
0.0 15.0 0.0
5.808338 14.908494 0.0
0.0 15.0 0.0
0.0 18.0 0.0
0.0 18.0 0.0
6.897402 17.703836 0.0
6.897402 17.703836 0.0
6.897402 18.453836 0.0
6.897402 17.703836 0.0
12.95983 15.560679 2.5039027
12.95983 15.560679 2.5039027
16.389235 6.2370515 10.611437
12.95983 15.560679 2.5039027
16.271633 11.004444 7.037781
0.0 18.0 0.0
0.0 21.0 0.0
0.0 21.0 0.0
-7.986465 20.49918 0.0
0.0 21.0 0.0
0.0 24.0 0.0
0.0 24.0 0.0
9.075528 23.294521 0.0
0.0 24.0 0.0
0.0 27.0 0.0
