0.0 0.0 0.0
0.0 3.0 0.0
0.0 3.0 0.0
-2.2212687 2.8330135 0.0
0.0 3.0 0.0
0.0 6.0 0.0
0.0 6.0 0.0
4.0723257 5.193858 0.0
0.0 6.0 0.0
0.0 9.0 0.0
0.0 9.0 0.0
-6.170191 7.869482 0.0
-6.170191 7.869482 0.0
-8.109973 0.47654426 5.9920206
-6.170191 7.869482 0.0
-9.293761 3.9838128 3.8071253
-9.293761 3.9838128 3.8071253
-9.293761 4.3171463 3.8071253
-9.293761 3.9838128 3.8071253
-6.982022 0.8587253 8.730438
0.0 9.0 0.0
0.0 12.0 0.0
0.0 12.0 0.0
-7.7744403 9.915547 0.0
0.0 12.0 0.0
0.0 15.0 0.0
0.0 15.0 0.0
9.625498 12.276392 0.0
0.0 15.0 0.0
0.0 18.0 0.0
0.0 18.0 0.0
11.476555 14.637237 0.0
11.476555 14.637237 0.0
11.476555 15.387237 0.0
11.476555 14.637237 0.0
16.75576 6.733116 7.081253
16.75576 6.733116 7.081253
5.968304 4.4311104 17.96133
16.75576 6.733116 7.081253
11.462917 0.3307433 15.911202
0.0 18.0 0.0
0.0 21.0 0.0
0.0 21.0 0.0
-13.574419 17.31286 0.0
0.0 21.0 0.0
0.0 24.0 0.0
0.0 24.0 0.0
15.425476 19.673706 0.0
0.0 24.0 0.0
0.0 27.0 0.0
