0.0 0.0 0.0
0.0 3.0 0.0
0.0 3.0 0.0
-3.4504354 2.0234861 0.0
0.0 3.0 0.0
0.0 6.0 0.0
0.0 6.0 0.0
5.693218 3.338752 0.0
0.0 6.0 0.0
0.0 9.0 0.0
0.0 9.0 0.0
-8.626088 5.0587153 0.0
-8.626088 5.0587153 0.0
-6.7616825 1.0429013 7.528319
-8.626088 5.0587153 0.0
-7.865074 -0.4462924 7.44094
-7.865074 -0.4462924 7.44094
-7.865074 0.3037076 7.44094
-7.865074 -0.4462924 7.44094
0.7566446 2.3847873 10.548642
0.0 9.0 0.0
0.0 12.0 0.0
0.0 12.0 0.0
-11.213915 6.57633 0.0
0.0 12.0 0.0
0.0 15.0 0.0
0.0 15.0 0.0
13.456698 7.8915963 0.0
0.0 15.0 0.0
0.0 18.0 0.0
0.0 18.0 0.0
16.820873 9.864495 0.0
16.820873 9.864495 0.0
16.820873 10.197828 0.0
16.820873 9.864495 0.0
13.676373 -1.8440733 14.509834
13.676373 -1.8440733 14.509834
8.486683 17.412815 4.85237
13.676373 -1.8440733 14.509834
-3.559885 4.40174 19.137472
0.0 18.0 0.0
0.0 21.0 0.0
0.0 21.0 0.0
-18.63235 10.926826 0.0
0.0 21.0 0.0
0.0 24.0 0.0
0.0 24.0 0.0
21.220179 12.44444 0.0
0.0 24.0 0.0
0.0 27.0 0.0
