0.0 0.0 0.0
0.0 3.0 0.0
0.0 3.0 0.0
-1.4170337 4.271067 0.0
0.0 3.0 0.0
0.0 6.0 0.0
0.0 6.0 0.0
2.078316 6.264232 0.0
0.0 6.0 0.0
0.0 9.0 0.0
0.0 9.0 0.0
-3.306412 9.965824 0.0
-3.306412 9.965824 0.0
-8.281353 6.6721787 1.9764168
-3.306412 9.965824 0.0
-6.305689 9.040091 1.0411772
-6.305689 9.040091 1.0411772
-6.305689 9.16009 1.0411772
-6.305689 9.040091 1.0411772
-8.6882715 8.222496 2.973847
0.0 9.0 0.0
0.0 12.0 0.0
0.0 12.0 0.0
-4.251101 12.813202 0.0
0.0 12.0 0.0
0.0 15.0 0.0
0.0 15.0 0.0
5.038342 15.186017 0.0
0.0 15.0 0.0
0.0 18.0 0.0
0.0 18.0 0.0
5.857073 17.653746 0.0
5.857073 17.653746 0.0
5.857073 17.773746 0.0
5.857073 17.653746 0.0
11.024325 15.574565 1.844371
11.024325 15.574565 1.844371
15.582876 7.9581046 8.068417
11.024325 15.574565 1.844371
14.756636 13.093893 5.2220607
0.0 18.0 0.0
0.0 21.0 0.0
0.0 21.0 0.0
-6.92772 20.880774 0.0
0.0 21.0 0.0
0.0 24.0 0.0
0.0 24.0 0.0
8.029858 24.202715 0.0
0.0 24.0 0.0
0.0 27.0 0.0
