0.0 0.0 0.0
0.0 3.0 0.0
0.0 3.0 0.0
-2.4019063 2.681575 0.0
0.0 3.0 0.0
0.0 6.0 0.0
0.0 6.0 0.0
4.403495 4.916221 0.0
0.0 6.0 0.0
0.0 9.0 0.0
0.0 9.0 0.0
-6.6719623 7.44882 0.0
-6.6719623 7.44882 0.0
-7.8154764 0.12620336 6.631696
-6.6719623 7.44882 0.0
-9.338953 2.9775262 4.451508
-9.338953 2.9775262 4.451508
-9.338953 3.097526 4.451508
-9.338953 2.9775262 4.451508
-5.9567776 0.6755252 9.546762
0.0 9.0 0.0
0.0 12.0 0.0
0.0 12.0 0.0
-8.4066725 9.385513 0.0
0.0 12.0 0.0
0.0 15.0 0.0
0.0 15.0 0.0
10.675139 11.918112 0.0
0.0 15.0 0.0
0.0 18.0 0.0
0.0 18.0 0.0
12.40985 13.854805 0.0
12.40985 13.854805 0.0
12.40985 14.188138 0.0
12.40985 13.854805 0.0
17.130262 5.2700405 8.279805
17.130262 5.2700405 8.279805
4.6608524 6.903625 17.935162
17.130262 5.2700405 8.279805
9.90674 0.21520329 17.596724
0.0 18.0 0.0
0.0 21.0 0.0
0.0 21.0 0.0
-14.411439 16.08945 0.0
0.0 21.0 0.0
0.0 24.0 0.0
0.0 24.0 0.0
16.413027 18.324097 0.0
0.0 24.0 0.0
0.0 27.0 0.0
