0.0 0.0 0.0
0.0 3.0 0.0
0.0 3.0 0.0
-2.815625 2.8411715 0.0
0.0 3.0 0.0
0.0 6.0 0.0
0.0 6.0 0.0
4.927344 4.97205 0.0
0.0 6.0 0.0
0.0 9.0 0.0
0.0 9.0 0.0
-6.7575 6.818812 0.0
-6.7575 6.818812 0.0
-7.5690546 0.007330224 6.7572246
-6.7575 6.818812 0.0
-8.912977 2.1750345 4.7566466
-8.912977 2.1750345 4.7566466
-8.912977 2.9250345 4.7566466
-8.912977 2.1750345 4.7566466
-4.705393 0.51088643 9.652513
0.0 9.0 0.0
0.0 12.0 0.0
0.0 12.0 0.0
-9.150781 9.233808 0.0
0.0 12.0 0.0
0.0 15.0 0.0
0.0 15.0 0.0
11.2625 11.364686 0.0
0.0 15.0 0.0
0.0 18.0 0.0
0.0 18.0 0.0
13.092656 13.211448 0.0
13.092656 13.211448 0.0
13.092656 13.544781 0.0
13.092656 13.211448 0.0
16.960934 3.9033751 9.216002
16.960934 3.9033751 9.216002
4.571334 9.104096 17.04348
16.960934 3.9033751 9.216002
7.7527184 -0.075760365 18.484968
0.0 18.0 0.0
0.0 21.0 0.0
0.0 21.0 0.0
-15.485937 15.626443 0.0
0.0 21.0 0.0
0.0 24.0 0.0
0.0 24.0 0.0
17.94961 18.112469 0.0
0.0 24.0 0.0
0.0 27.0 0.0
