0.0 0.0 0.0
0.0 3.0 0.0
0.0 3.0 0.0
-3.1746583 3.189286 0.0
0.0 3.0 0.0
0.0 6.0 0.0
0.0 6.0 0.0
4.6561656 4.6776195 0.0
0.0 6.0 0.0
0.0 9.0 0.0
0.0 9.0 0.0
-7.407536 7.4416676 0.0
-7.407536 7.4416676 0.0
-7.561744 7.089004E-4 7.407458
-7.407536 7.4416676 0.0
-9.676219 2.279136 5.225866
-9.676219 2.279136 5.225866
-9.676219 2.6124692 5.225866
-9.676219 2.279136 5.225866
-4.5608087 0.08688569 10.530105
0.0 9.0 0.0
0.0 12.0 0.0
0.0 12.0 0.0
-9.523975 9.567858 0.0
0.0 12.0 0.0
0.0 15.0 0.0
0.0 15.0 0.0
11.005483 11.056191 0.0
0.0 15.0 0.0
0.0 18.0 0.0
0.0 18.0 0.0
13.756853 13.820239 0.0
13.756853 13.820239 0.0
13.756853 14.570239 0.0
13.756853 13.820239 0.0
17.718164 3.9795623 9.705179
17.718164 3.9795623 9.705179
4.685272 9.6452675 17.762592
17.718164 3.9795623 9.705179
7.9129896 -0.1451757 19.378157
0.0 18.0 0.0
0.0 21.0 0.0
0.0 21.0 0.0
-15.23836 15.308573 0.0
0.0 21.0 0.0
0.0 24.0 0.0
0.0 24.0 0.0
17.98973 18.07262 0.0
0.0 24.0 0.0
0.0 27.0 0.0
