0.0 0.0 0.0
0.0 3.0 0.0
0.0 3.0 0.0
-2.4450107 3.1657422 0.0
0.0 3.0 0.0
0.0 6.0 0.0
0.0 6.0 0.0
4.584395 5.9357667 0.0
0.0 6.0 0.0
0.0 9.0 0.0
0.0 9.0 0.0
-6.112527 7.9143553 0.0
-6.112527 7.9143553 0.0
-8.163967 0.53587973 5.914078
-6.112527 7.9143553 0.0
-9.033127 3.7815244 3.7362983
-9.033127 3.7815244 3.7362983
-9.033127 4.5315247 3.7362983
-9.033127 3.7815244 3.7362983
-6.528802 0.49375725 8.478562
0.0 9.0 0.0
0.0 12.0 0.0
0.0 12.0 0.0
-8.251911 10.68438 0.0
0.0 12.0 0.0
0.0 15.0 0.0
0.0 15.0 0.0
10.085669 13.058686 0.0
0.0 15.0 0.0
0.0 18.0 0.0
0.0 18.0 0.0
11.3693 14.720701 0.0
11.3693 14.720701 0.0
11.3693 15.470701 0.0
11.3693 14.720701 0.0
16.48621 6.625255 6.949515
16.48621 6.625255 6.949515
6.489513 4.3381658 17.707394
16.48621 6.625255 6.949515
11.3809805 0.33938408 15.577333
0.0 18.0 0.0
0.0 21.0 0.0
0.0 21.0 0.0
-13.203058 17.095009 0.0
0.0 21.0 0.0
0.0 24.0 0.0
0.0 24.0 0.0
15.281317 19.785889 0.0
0.0 24.0 0.0
0.0 27.0 0.0
