0.0 0.0 0.0
0.0 3.0 0.0
0.0 3.0 0.0
-1.4896438 3.2773404 0.0
0.0 3.0 0.0
0.0 6.0 0.0
0.0 6.0 0.0
2.8965297 6.3726068 0.0
0.0 6.0 0.0
0.0 9.0 0.0
0.0 9.0 0.0
-4.1378994 9.103724 0.0
-4.1378994 9.103724 0.0
-8.899077 4.155449 3.1175177
-4.1378994 9.103724 0.0
-7.817114 8.094578 1.7122213
-7.817114 8.094578 1.7122213
-7.817114 8.427911 1.7122213
-7.817114 8.094578 1.7122213
-9.431381 5.263744 4.793402
0.0 9.0 0.0
0.0 12.0 0.0
0.0 12.0 0.0
-5.2137537 11.470693 0.0
0.0 12.0 0.0
0.0 15.0 0.0
0.0 15.0 0.0
6.827534 15.021144 0.0
0.0 15.0 0.0
0.0 18.0 0.0
0.0 18.0 0.0
7.696493 16.932926 0.0
7.696493 16.932926 0.0
7.696493 17.052927 0.0
7.696493 16.932926 0.0
14.0060425 13.881535 3.1847315
14.0060425 13.881535 3.1847315
15.501675 4.4900856 12.646374
14.0060425 13.881535 3.1847315
16.772924 9.272102 8.694851
0.0 18.0 0.0
0.0 21.0 0.0
0.0 21.0 0.0
-9.310274 20.48338 0.0
0.0 21.0 0.0
0.0 24.0 0.0
0.0 24.0 0.0
10.551644 23.214495 0.0
0.0 24.0 0.0
0.0 27.0 0.0
