0.0 0.0 0.0
0.0 3.0 0.0
0.0 3.0 0.0
-2.892319 2.143476 0.0
0.0 3.0 0.0
0.0 6.0 0.0
0.0 6.0 0.0
5.623954 4.1678705 0.0
0.0 6.0 0.0
0.0 9.0 0.0
0.0 9.0 0.0
-7.712851 5.7159367 0.0
-7.712851 5.7159367 0.0
-6.236436 0.44902694 7.3791237
-7.712851 5.7159367 0.0
-8.531749 0.60687923 6.196674
-8.531749 0.60687923 6.196674
-8.531749 1.3568792 6.196674
-8.531749 0.60687923 6.196674
-1.3513439 0.8753292 10.544156
0.0 9.0 0.0
0.0 12.0 0.0
0.0 12.0 0.0
-10.846197 8.038035 0.0
0.0 12.0 0.0
0.0 15.0 0.0
0.0 15.0 0.0
12.533383 9.288397 0.0
0.0 15.0 0.0
0.0 18.0 0.0
0.0 18.0 0.0
14.943649 11.074627 0.0
14.943649 11.074627 0.0
14.943649 11.194627 0.0
14.943649 11.074627 0.0
15.400452 0.33853245 12.006056
15.400452 0.33853245 12.006056
5.0848722 15.143367 11.240643
15.400452 0.33853245 12.006056
0.47041643 0.94151855 19.521587
0.0 18.0 0.0
0.0 21.0 0.0
0.0 21.0 0.0
-18.076994 13.396726 0.0
0.0 21.0 0.0
0.0 24.0 0.0
0.0 24.0 0.0
20.085548 14.885251 0.0
0.0 24.0 0.0
0.0 27.0 0.0
