0.0 0.0 0.0
0.0 3.0 0.0
0.0 3.0 0.0
-3.2167056 2.377563 0.0
0.0 3.0 0.0
0.0 6.0 0.0
0.0 6.0 0.0
5.3075643 3.9229789 0.0
0.0 6.0 0.0
0.0 9.0 0.0
0.0 9.0 0.0
-8.041764 5.9439077 0.0
-8.041764 5.9439077 0.0
-6.69324 0.41387057 7.687846
-8.041764 5.9439077 0.0
-8.827373 0.580667 6.466997
-8.827373 0.580667 6.466997
-8.827373 0.700667 6.466997
-8.827373 0.580667 6.466997
-1.7007449 1.199494 10.942688
0.0 9.0 0.0
0.0 12.0 0.0
0.0 12.0 0.0
-10.856381 8.024275 0.0
0.0 12.0 0.0
0.0 15.0 0.0
0.0 15.0 0.0
13.26891 9.807447 0.0
0.0 15.0 0.0
0.0 18.0 0.0
0.0 18.0 0.0
14.957681 11.055668 0.0
14.957681 11.055668 0.0
14.957681 11.389001 0.0
14.957681 11.055668 0.0
15.381525 0.3132758 12.028614
15.381525 0.3132758 12.028614
5.3161087 15.117754 11.175398
15.381525 0.3132758 12.028614
1.1428747 1.5044025 19.519156
0.0 18.0 0.0
0.0 21.0 0.0
0.0 21.0 0.0
-17.691881 13.076596 0.0
0.0 21.0 0.0
0.0 24.0 0.0
0.0 24.0 0.0
20.10441 14.859769 0.0
0.0 24.0 0.0
0.0 27.0 0.0
