0.0 0.0 0.0
0.0 3.0 0.0
0.0 3.0 0.0
-2.6889186 2.3936825 0.0
0.0 3.0 0.0
0.0 6.0 0.0
0.0 6.0 0.0
5.2284527 4.6543827 0.0
0.0 6.0 0.0
0.0 9.0 0.0
0.0 9.0 0.0
-7.1704497 6.3831534 0.0
-7.1704497 6.3831534 0.0
-6.555543 0.07167882 7.122224
-7.1704497 6.3831534 0.0
-9.05821 1.68049 5.3557653
-9.05821 1.68049 5.3557653
-9.05821 2.0138233 5.3557653
-9.05821 1.68049 5.3557653
-3.0481803 0.005620718 10.326887
0.0 9.0 0.0
0.0 12.0 0.0
0.0 12.0 0.0
-9.411216 8.377889 0.0
0.0 12.0 0.0
0.0 15.0 0.0
0.0 15.0 0.0
11.651981 10.372624 0.0
0.0 15.0 0.0
0.0 18.0 0.0
0.0 18.0 0.0
14.191515 12.633325 0.0
14.191515 12.633325 0.0
14.191515 12.966658 0.0
14.191515 12.633325 0.0
16.830667 2.349381 10.599953
16.830667 2.349381 10.599953
4.1093597 12.082856 15.49016
16.830667 2.349381 10.599953
5.0518246 0.11439538 19.619226
0.0 18.0 0.0
0.0 21.0 0.0
0.0 21.0 0.0
-16.805742 14.960516 0.0
0.0 21.0 0.0
0.0 24.0 0.0
0.0 24.0 0.0
18.673046 16.622795 0.0
0.0 24.0 0.0
0.0 27.0 0.0
