0.0 0.0 0.0
0.0 3.0 0.0
0.0 3.0 0.0
-2.8664558 2.1779416 0.0
0.0 3.0 0.0
0.0 6.0 0.0
0.0 6.0 0.0
5.573664 4.2348866 0.0
0.0 6.0 0.0
0.0 9.0 0.0
0.0 9.0 0.0
-7.9623775 6.049838 0.0
-7.9623775 6.049838 0.0
-7.1229568 0.23349655 7.671129
-7.9623775 6.049838 0.0
-8.2091255 0.1874795 6.339946
-8.2091255 0.1874795 6.339946
-8.2091255 0.9374795 6.339946
-8.2091255 0.1874795 6.339946
-0.5775841 0.5414778 10.371981
0.0 9.0 0.0
0.0 12.0 0.0
0.0 12.0 0.0
-10.032597 7.622796 0.0
0.0 12.0 0.0
0.0 15.0 0.0
0.0 15.0 0.0
12.739804 9.679741 0.0
0.0 15.0 0.0
0.0 18.0 0.0
0.0 18.0 0.0
14.810022 11.252699 0.0
14.810022 11.252699 0.0
14.810022 12.002699 0.0
14.810022 11.252699 0.0
15.176609 0.2785344 11.792299
15.176609 0.2785344 11.792299
5.1254835 14.5881605 11.461269
15.176609 0.2785344 11.792299
1.2903774 1.2414995 19.21834
0.0 18.0 0.0
0.0 21.0 0.0
0.0 21.0 0.0
-17.91535 13.612136 0.0
0.0 21.0 0.0
0.0 24.0 0.0
0.0 24.0 0.0
19.58745 14.882602 0.0
0.0 24.0 0.0
0.0 27.0 0.0
