0.0 0.0 0.0
0.0 3.0 0.0
0.0 3.0 0.0
-2.5816352 2.5090153 0.0
0.0 3.0 0.0
0.0 6.0 0.0
0.0 6.0 0.0
5.0198464 4.878641 0.0
0.0 6.0 0.0
0.0 9.0 0.0
0.0 9.0 0.0
-7.52977 7.317961 0.0
-7.52977 7.317961 0.0
-7.6543083 -0.0035538971 7.5267057
-7.52977 7.317961 0.0
-9.335628 1.75506 5.3997555
-9.335628 1.75506 5.3997555
-9.335628 2.50506 5.3997555
-9.335628 1.75506 5.3997555
-3.8115966 0.03111291 10.458127
0.0 9.0 0.0
0.0 12.0 0.0
0.0 12.0 0.0
-9.035725 8.781554 0.0
0.0 12.0 0.0
0.0 15.0 0.0
0.0 15.0 0.0
11.832496 11.499654 0.0
0.0 15.0 0.0
0.0 18.0 0.0
0.0 18.0 0.0
13.625298 13.242025 0.0
13.625298 13.242025 0.0
13.625298 13.362025 0.0
13.625298 13.242025 0.0
16.831573 3.116085 9.770987
16.831573 3.116085 9.770987
4.156811 10.132682 16.546007
16.831573 3.116085 9.770987
5.9571037 -0.7975898 18.88015
0.0 18.0 0.0
0.0 21.0 0.0
0.0 21.0 0.0
-16.135221 15.681346 0.0
0.0 21.0 0.0
0.0 24.0 0.0
0.0 24.0 0.0
17.928024 17.423717 0.0
0.0 24.0 0.0
0.0 27.0 0.0
