0.0 0.0 0.0
0.0 3.0 0.0
0.0 3.0 0.0
-2.124621 2.9061978 0.0
0.0 3.0 0.0
0.0 6.0 0.0
0.0 6.0 0.0
4.1312075 5.6509404 0.0
0.0 6.0 0.0
0.0 9.0 0.0
0.0 9.0 0.0
-6.1968107 8.476411 0.0
-6.1968107 8.476411 0.0
-8.964901 0.8813615 5.9047275
-6.1968107 8.476411 0.0
-9.395088 4.374816 3.657187
-9.395088 4.374816 3.657187
-9.395088 4.7081494 3.657187
-9.395088 4.374816 3.657187
-7.316342 0.8137386 8.497087
0.0 9.0 0.0
0.0 12.0 0.0
0.0 12.0 0.0
-7.672242 10.494604 0.0
0.0 12.0 0.0
0.0 15.0 0.0
0.0 15.0 0.0
9.737845 13.320074 0.0
0.0 15.0 0.0
0.0 18.0 0.0
0.0 18.0 0.0
11.508363 15.741905 0.0
11.508363 15.741905 0.0
11.508363 16.07524 0.0
11.508363 15.741905 0.0
17.144503 7.7094865 6.7919188
17.144503 7.7094865 6.7919188
7.6753635 3.776939 18.397028
17.144503 7.7094865 6.7919188
13.077219 1.228416 15.601175
0.0 18.0 0.0
0.0 21.0 0.0
0.0 21.0 0.0
-13.27888 18.163736 0.0
0.0 21.0 0.0
0.0 24.0 0.0
0.0 24.0 0.0
15.049398 20.58557 0.0
0.0 24.0 0.0
0.0 27.0 0.0
