0.0 0.0 0.0
0.0 3.0 0.0
0.0 3.0 0.0
-1.8324997 4.109981 0.0
0.0 3.0 0.0
0.0 6.0 0.0
0.0 6.0 0.0
3.054166 6.8499684 0.0
0.0 6.0 0.0
0.0 9.0 0.0
0.0 9.0 0.0
-4.0722218 9.133291 0.0
-4.0722218 9.133291 0.0
-8.702088 4.1598473 3.0291455
-4.0722218 9.133291 0.0
-7.7270374 8.197122 1.6582989
-7.7270374 8.197122 1.6582989
-7.7270374 8.947122 1.6582989
-7.7270374 8.197122 1.6582989
-9.574167 5.801094 4.6611934
0.0 9.0 0.0
0.0 12.0 0.0
0.0 12.0 0.0
-5.497499 12.329943 0.0
0.0 12.0 0.0
0.0 15.0 0.0
0.0 15.0 0.0
6.352666 14.247934 0.0
0.0 15.0 0.0
0.0 18.0 0.0
0.0 18.0 0.0
7.737221 17.353252 0.0
7.737221 17.353252 0.0
7.737221 18.103252 0.0
7.737221 17.353252 0.0
13.928009 13.884872 3.1507678
13.928009 13.884872 3.1507678
15.07255 4.179115 12.466213
13.928009 13.884872 3.1507678
16.50792 8.937065 8.549482
0.0 18.0 0.0
0.0 21.0 0.0
0.0 21.0 0.0
-8.795999 19.72791 0.0
0.0 21.0 0.0
0.0 24.0 0.0
0.0 24.0 0.0
10.017665 22.467897 0.0
0.0 24.0 0.0
0.0 27.0 0.0
