0.0 0.0 0.0
0.0 3.0 0.0
0.0 3.0 0.0
-2.0853684 3.413391 0.0
0.0 3.0 0.0
0.0 6.0 0.0
0.0 6.0 0.0
3.6493948 5.9734344 0.0
0.0 6.0 0.0
0.0 9.0 0.0
0.0 9.0 0.0
-5.213421 8.533478 0.0
-5.213421 8.533478 0.0
-9.346164 2.119873 4.638757
-5.213421 8.533478 0.0
-9.0273 6.242667 2.7179759
-9.0273 6.242667 2.7179759
-9.0273 6.362667 2.7179759
-9.0273 6.242667 2.7179759
-9.140419 2.9031327 7.02569
0.0 9.0 0.0
0.0 12.0 0.0
0.0 12.0 0.0
-6.777447 11.093521 0.0
0.0 12.0 0.0
0.0 15.0 0.0
0.0 15.0 0.0
8.1329365 13.312225 0.0
0.0 15.0 0.0
0.0 18.0 0.0
0.0 18.0 0.0
9.905499 16.213608 0.0
9.905499 16.213608 0.0
9.905499 16.546942 0.0
9.905499 16.213608 0.0
16.44806 10.709048 5.164154
16.44806 10.709048 5.164154
11.525018 2.6389017 16.99197
16.44806 10.709048 5.164154
16.045147 4.5046554 12.981885
0.0 18.0 0.0
0.0 21.0 0.0
0.0 21.0 0.0
-11.469526 18.773651 0.0
0.0 21.0 0.0
0.0 24.0 0.0
0.0 24.0 0.0
12.825016 20.992355 0.0
0.0 24.0 0.0
0.0 27.0 0.0
