0.0 0.0 0.0
0.0 3.0 0.0
0.0 3.0 0.0
-3.1073253 2.518835 0.0
0.0 3.0 0.0
0.0 6.0 0.0
0.0 6.0 0.0
5.1270866 4.156078 0.0
0.0 6.0 0.0
0.0 9.0 0.0
0.0 9.0 0.0
-8.156729 6.6119423 0.0
-8.156729 6.6119423 0.0
-7.5518765 0.12793338 7.980176
-8.156729 6.6119423 0.0
-9.147608 0.80321884 6.3364024
-9.147608 0.80321884 6.3364024
-9.147608 1.5532188 6.3364024
-9.147608 0.80321884 6.3364024
-1.6177683 0.23262471 11.096236
0.0 9.0 0.0
0.0 12.0 0.0
0.0 12.0 0.0
-10.098807 8.186214 0.0
0.0 12.0 0.0
0.0 15.0 0.0
0.0 15.0 0.0
12.429301 10.07534 0.0
0.0 15.0 0.0
0.0 18.0 0.0
0.0 18.0 0.0
14.449063 11.712584 0.0
14.449063 11.712584 0.0
14.449063 12.462584 0.0
14.449063 11.712584 0.0
15.294333 0.6851859 11.224485
15.294333 0.6851859 11.224485
4.3314986 13.543255 12.640561
15.294333 0.6851859 11.224485
1.8830492 0.35313827 18.949274
0.0 18.0 0.0
0.0 21.0 0.0
0.0 21.0 0.0
-17.09029 13.853593 0.0
0.0 21.0 0.0
0.0 24.0 0.0
0.0 24.0 0.0
19.809198 16.057573 0.0
0.0 24.0 0.0
0.0 27.0 0.0
