0.0 0.0 0.0
0.0 3.0 0.0
0.0 3.0 0.0
-2.4001985 3.8064485 0.0
0.0 3.0 0.0
0.0 6.0 0.0
0.0 6.0 0.0
3.5202909 5.582791 0.0
0.0 6.0 0.0
0.0 9.0 0.0
0.0 9.0 0.0
-5.1204233 8.120423 0.0
-5.1204233 8.120423 0.0
-8.579445 1.6522498 4.620382
-5.1204233 8.120423 0.0
-8.314983 5.0662184 2.7311182
-8.314983 5.0662184 2.7311182
-8.314983 5.1862183 2.7311182
-8.314983 5.0662184 2.7311182
-8.219511 2.5797086 6.7452154
0.0 9.0 0.0
0.0 12.0 0.0
0.0 12.0 0.0
-7.200595 11.419345 0.0
0.0 12.0 0.0
0.0 15.0 0.0
0.0 15.0 0.0
8.320688 13.195688 0.0
0.0 15.0 0.0
0.0 18.0 0.0
0.0 18.0 0.0
10.134171 16.07167 0.0
10.134171 16.07167 0.0
10.134171 16.191671 0.0
10.134171 16.07167 0.0
16.35673 9.868288 5.405338
16.35673 9.868288 5.405338
10.141778 2.4366798 17.089186
16.35673 9.868288 5.405338
15.0615425 3.351315 13.296563
0.0 18.0 0.0
0.0 21.0 0.0
0.0 21.0 0.0
-11.520952 18.270952 0.0
0.0 21.0 0.0
0.0 24.0 0.0
0.0 24.0 0.0
13.121084 20.808584 0.0
0.0 24.0 0.0
0.0 27.0 0.0
