0.0 0.0 0.0
0.0 3.0 0.0
0.0 3.0 0.0
-0.96138996 3.4692547 0.0
0.0 3.0 0.0
0.0 6.0 0.0
0.0 6.0 0.0
2.0028958 7.227614 0.0
0.0 6.0 0.0
0.0 9.0 0.0
0.0 9.0 0.0
-2.804054 10.11866 0.0
-2.804054 10.11866 0.0
-7.440915 7.723771 1.4432687
-2.804054 10.11866 0.0
-5.706872 10.475059 0.7488304
-5.706872 10.475059 0.7488304
-5.706872 10.808392 0.7488304
-5.706872 10.475059 0.7488304
-8.064784 9.257552 2.2456703
0.0 9.0 0.0
0.0 12.0 0.0
0.0 12.0 0.0
-3.6052125 13.009706 0.0
0.0 12.0 0.0
0.0 15.0 0.0
0.0 15.0 0.0
4.4063706 15.900751 0.0
0.0 15.0 0.0
0.0 18.0 0.0
0.0 18.0 0.0
5.207529 18.791796 0.0
5.207529 18.791796 0.0
5.207529 18.911797 0.0
5.207529 18.791796 0.0
10.014775 17.347345 1.3906851
10.014775 17.347345 1.3906851
15.738501 10.924879 6.347009
10.014775 17.347345 1.3906851
13.84236 15.202842 4.0146513
0.0 18.0 0.0
0.0 21.0 0.0
0.0 21.0 0.0
-5.76834 20.815529 0.0
0.0 21.0 0.0
0.0 24.0 0.0
0.0 24.0 0.0
6.8098454 24.573889 0.0
0.0 24.0 0.0
0.0 27.0 0.0
