0.0 0.0 0.0
0.0 3.0 0.0
0.0 3.0 0.0
-2.247991 2.8118563 0.0
0.0 3.0 0.0
0.0 6.0 0.0
0.0 6.0 0.0
4.3710938 5.4674983 0.0
0.0 6.0 0.0
0.0 9.0 0.0
0.0 9.0 0.0
-5.994643 7.498284 0.0
-5.994643 7.498284 0.0
-7.721908 0.38981104 5.847578
-5.994643 7.498284 0.0
-8.96385 3.7139754 3.7433069
-8.96385 3.7139754 3.7433069
-8.96385 3.8339753 3.7433069
-8.96385 3.7139754 3.7433069
-6.898684 1.1601341 8.5211935
0.0 9.0 0.0
0.0 12.0 0.0
0.0 12.0 0.0
-8.429967 10.544461 0.0
0.0 12.0 0.0
0.0 15.0 0.0
0.0 15.0 0.0
9.741295 12.1847105 0.0
0.0 15.0 0.0
0.0 18.0 0.0
0.0 18.0 0.0
11.864398 14.840353 0.0
11.864398 14.840353 0.0
11.864398 14.960353 0.0
11.864398 14.840353 0.0
17.441742 6.9763126 7.408628
17.441742 6.9763126 7.408628
6.1765537 4.866289 18.644815
17.441742 6.9763126 7.408628
12.00803 0.6119733 16.67802
0.0 18.0 0.0
0.0 21.0 0.0
0.0 21.0 0.0
-13.487947 16.871138 0.0
0.0 21.0 0.0
0.0 24.0 0.0
0.0 24.0 0.0
15.61105 19.52678 0.0
0.0 24.0 0.0
0.0 27.0 0.0
