0.0 0.0 0.0
0.0 3.0 0.0
0.0 3.0 0.0
-2.9309266 2.0903752 0.0
0.0 3.0 0.0
0.0 6.0 0.0
0.0 6.0 0.0
6.106097 4.3549485 0.0
0.0 6.0 0.0
0.0 9.0 0.0
0.0 9.0 0.0
-8.548536 6.096928 0.0
-8.548536 6.096928 0.0
-6.7846627 0.60755944 8.082505
-8.548536 6.096928 0.0
-8.660212 0.07964897 6.959759
-8.660212 0.07964897 6.959759
-8.660212 0.829649 6.959759
-8.660212 0.07964897 6.959759
-0.915822 1.4363589 11.091932
0.0 9.0 0.0
0.0 12.0 0.0
0.0 12.0 0.0
-10.583901 7.5485773 0.0
0.0 12.0 0.0
0.0 15.0 0.0
0.0 15.0 0.0
13.0263405 9.290557 0.0
0.0 15.0 0.0
0.0 18.0 0.0
0.0 18.0 0.0
15.46878 11.0325365 0.0
15.46878 11.0325365 0.0
15.46878 11.152536 0.0
15.46878 11.0325365 0.0
15.418861 -0.035602093 12.593849
15.418861 -0.035602093 12.593849
5.794647 15.908873 10.476871
15.418861 -0.035602093 12.593849
-0.29542682 1.3862138 19.865952
0.0 18.0 0.0
0.0 21.0 0.0
0.0 21.0 0.0
-17.911219 12.774516 0.0
0.0 21.0 0.0
0.0 24.0 0.0
0.0 24.0 0.0
20.353657 14.516495 0.0
0.0 24.0 0.0
0.0 27.0 0.0
