0.0 0.0 0.0
0.0 3.0 0.0
0.0 3.0 0.0
-1.9808345 3.006043 0.0
0.0 3.0 0.0
0.0 6.0 0.0
0.0 6.0 0.0
3.6315298 5.511079 0.0
0.0 6.0 0.0
0.0 9.0 0.0
0.0 9.0 0.0
-5.5023184 8.35012 0.0
-5.5023184 8.35012 0.0
-8.639479 1.3468033 5.0560822
-5.5023184 8.35012 0.0
-9.256313 5.696927 3.0275507
-9.256313 5.696927 3.0275507
-9.256313 6.446927 3.0275507
-9.256313 5.696927 3.0275507
-8.5276785 1.9218013 7.6211596
0.0 9.0 0.0
0.0 12.0 0.0
0.0 12.0 0.0
-7.4281297 11.272661 0.0
0.0 12.0 0.0
0.0 15.0 0.0
0.0 15.0 0.0
9.078825 13.777698 0.0
0.0 15.0 0.0
0.0 18.0 0.0
0.0 18.0 0.0
10.234312 15.531222 0.0
10.234312 15.531222 0.0
10.234312 15.864555 0.0
10.234312 15.531222 0.0
16.231827 9.101613 5.631244
16.231827 9.101613 5.631244
8.958468 2.5087438 17.1369
16.231827 9.101613 5.631244
14.563629 3.099646 13.633424
0.0 18.0 0.0
0.0 21.0 0.0
0.0 21.0 0.0
-12.380216 18.78777 0.0
0.0 21.0 0.0
0.0 24.0 0.0
0.0 24.0 0.0
13.7557955 20.8753 0.0
0.0 24.0 0.0
0.0 27.0 0.0
