0.0 0.0 0.0
0.0 3.0 0.0
0.0 3.0 0.0
-3.346019 2.1918387 0.0
0.0 3.0 0.0
0.0 6.0 0.0
0.0 6.0 0.0
5.855533 3.8357177 0.0
0.0 6.0 0.0
0.0 9.0 0.0
0.0 9.0 0.0
-8.365047 5.479597 0.0
-8.365047 5.479597 0.0
-6.468317 0.8265214 7.668588
-8.365047 5.479597 0.0
-8.350154 -0.009756327 6.997402
-8.350154 -0.009756327 6.997402
-8.350154 0.7402437 6.997402
-8.350154 -0.009756327 6.997402
0.20644805 1.3923259 10.819238
0.0 9.0 0.0
0.0 12.0 0.0
0.0 12.0 0.0
-11.292814 7.3974557 0.0
0.0 12.0 0.0
0.0 15.0 0.0
0.0 15.0 0.0
13.384076 8.767355 0.0
0.0 15.0 0.0
0.0 18.0 0.0
0.0 18.0 0.0
15.558989 10.19205 0.0
15.558989 10.19205 0.0
15.558989 10.94205 0.0
15.558989 10.19205 0.0
13.699341 -1.2181787 13.015168
13.699341 -1.2181787 13.015168
5.9458776 16.393827 7.359453
13.699341 -1.2181787 13.015168
-2.3695219 2.4891202 18.59135
0.0 18.0 0.0
0.0 21.0 0.0
0.0 21.0 0.0
-18.068502 11.83593 0.0
0.0 21.0 0.0
0.0 24.0 0.0
0.0 24.0 0.0
21.330872 13.972972 0.0
0.0 24.0 0.0
0.0 27.0 0.0
