0.0 0.0 0.0
0.0 3.0 0.0
0.0 3.0 0.0
-3.0345664 1.9368548 0.0
0.0 3.0 0.0
0.0 6.0 0.0
0.0 6.0 0.0
5.900546 3.7661066 0.0
0.0 6.0 0.0
0.0 9.0 0.0
0.0 9.0 0.0
-8.850819 5.64916 0.0
-8.850819 5.64916 0.0
-7.373509 0.68583035 8.027904
-8.850819 5.64916 0.0
-8.58824 -0.16759467 7.460666
-8.58824 -0.16759467 7.460666
-8.58824 0.16573867 7.460666
-8.58824 -0.16759467 7.460666
0.5330564 1.6388705 11.253281
0.0 9.0 0.0
0.0 12.0 0.0
0.0 12.0 0.0
-10.958157 6.9941983 0.0
0.0 12.0 0.0
0.0 15.0 0.0
0.0 15.0 0.0
13.90843 8.877252 0.0
0.0 15.0 0.0
0.0 18.0 0.0
0.0 18.0 0.0
16.437235 10.491298 0.0
16.437235 10.491298 0.0
16.437235 11.241298 0.0
16.437235 10.491298 0.0
14.865815 -1.0029817 13.855523
14.865815 -1.0029817 13.855523
7.3202615 17.358492 7.6493764
14.865815 -1.0029817 13.855523
-1.561626 3.3704765 19.985401
0.0 18.0 0.0
0.0 21.0 0.0
0.0 21.0 0.0
-18.544573 11.836335 0.0
0.0 21.0 0.0
0.0 24.0 0.0
0.0 24.0 0.0
20.736204 13.235175 0.0
0.0 24.0 0.0
0.0 27.0 0.0
