0.0 0.0 0.0
0.0 3.0 0.0
0.0 3.0 0.0
-3.7907894 2.424854 0.0
0.0 3.0 0.0
0.0 6.0 0.0
0.0 6.0 0.0
6.317982 4.0414233 0.0
0.0 6.0 0.0
0.0 9.0 0.0
0.0 9.0 0.0
-8.087018 5.1730223 0.0
-8.087018 5.1730223 0.0
-6.226916 0.8590286 7.3419023
-8.087018 5.1730223 0.0
-7.969536 -0.07515025 6.8124847
-7.969536 -0.07515025 6.8124847
-7.969536 0.67484975 6.8124847
-7.969536 -0.07515025 6.8124847
-7.750392E-4 1.7151078 10.38447
0.0 9.0 0.0
0.0 12.0 0.0
0.0 12.0 0.0
-10.951169 7.0051336 0.0
0.0 12.0 0.0
0.0 15.0 0.0
0.0 15.0 0.0
13.899561 8.891131 0.0
0.0 15.0 0.0
0.0 18.0 0.0
0.0 18.0 0.0
15.668596 10.02273 0.0
15.668596 10.02273 0.0
15.668596 10.356063 0.0
15.668596 10.02273 0.0
14.256351 -0.9033699 13.199188
14.256351 -0.9033699 13.199188
7.390921 16.369768 7.408819
14.256351 -0.9033699 13.199188
-1.7705615 2.947254 19.121984
0.0 18.0 0.0
0.0 21.0 0.0
0.0 21.0 0.0
-18.19579 11.639299 0.0
0.0 21.0 0.0
0.0 24.0 0.0
0.0 24.0 0.0
21.05994 13.471411 0.0
0.0 24.0 0.0
0.0 27.0 0.0
