0.0 0.0 0.0
0.0 3.0 0.0
0.0 3.0 0.0
-2.1027918 3.4026852 0.0
0.0 3.0 0.0
0.0 6.0 0.0
0.0 6.0 0.0
3.9427347 6.3800344 0.0
0.0 6.0 0.0
0.0 9.0 0.0
0.0 9.0 0.0
-5.2569795 8.506713 0.0
-5.2569795 8.506713 0.0
-9.330857 2.0373354 4.7018023
-5.2569795 8.506713 0.0
-9.064678 6.161523 2.7635834
-9.064678 6.161523 2.7635834
-9.064678 6.2815228 2.7635834
-9.064678 6.161523 2.7635834
-9.088512 2.8021522 7.1161838
0.0 9.0 0.0
0.0 12.0 0.0
0.0 12.0 0.0
-6.834073 11.058727 0.0
0.0 12.0 0.0
0.0 15.0 0.0
0.0 15.0 0.0
8.674016 14.036077 0.0
0.0 15.0 0.0
0.0 18.0 0.0
0.0 18.0 0.0
9.777982 15.822486 0.0
9.777982 15.822486 0.0
9.777982 16.155819 0.0
9.777982 15.822486 0.0
15.709021 9.597461 5.140265
15.709021 9.597461 5.140265
9.968462 2.2694275 16.349182
15.709021 9.597461 5.140265
14.902906 3.835833 12.630876
0.0 18.0 0.0
0.0 21.0 0.0
0.0 21.0 0.0
-11.565355 18.714767 0.0
0.0 21.0 0.0
0.0 24.0 0.0
0.0 24.0 0.0
13.405297 21.692118 0.0
0.0 24.0 0.0
0.0 27.0 0.0
