0.0 0.0 0.0
0.0 3.0 0.0
0.0 3.0 0.0
-1.7531548 4.144448 0.0
0.0 3.0 0.0
0.0 6.0 0.0
0.0 6.0 0.0
2.5712936 6.0785236 0.0
0.0 6.0 0.0
0.0 9.0 0.0
0.0 9.0 0.0
-4.0906944 9.670379 0.0
-4.0906944 9.670379 0.0
-9.162921 4.922549 2.9355464
-4.0906944 9.670379 0.0
-7.6268797 8.359522 1.5936934
-7.6268797 8.359522 1.5936934
-7.6268797 9.109522 1.5936934
-7.6268797 8.359522 1.5936934
-9.38798 5.7569237 4.439129
0.0 9.0 0.0
0.0 12.0 0.0
0.0 12.0 0.0
-5.2594643 12.433344 0.0
0.0 12.0 0.0
0.0 15.0 0.0
0.0 15.0 0.0
6.428234 15.196309 0.0
0.0 15.0 0.0
0.0 18.0 0.0
0.0 18.0 0.0
7.597004 17.959274 0.0
7.597004 17.959274 0.0
7.597004 18.292608 0.0
7.597004 17.959274 0.0
14.025065 15.195902 2.9597163
14.025065 15.195902 2.9597163
16.314283 5.1813807 12.12587
14.025065 15.195902 2.9597163
16.988293 9.9647665 8.189889
0.0 18.0 0.0
0.0 21.0 0.0
0.0 21.0 0.0
-8.570978 20.261745 0.0
0.0 21.0 0.0
0.0 24.0 0.0
0.0 24.0 0.0
9.583913 22.656317 0.0
0.0 24.0 0.0
0.0 27.0 0.0
