0.0 0.0 0.0
0.0 3.0 0.0
0.0 3.0 0.0
-3.8289115 2.3641987 0.0
0.0 3.0 0.0
0.0 6.0 0.0
0.0 6.0 0.0
6.3815193 3.9403315 0.0
0.0 6.0 0.0
0.0 9.0 0.0
0.0 9.0 0.0
-8.508693 5.253775 0.0
-8.508693 5.253775 0.0
-7.0751066 0.7182834 7.60724
-8.508693 5.253775 0.0
-8.095162 -0.25533867 7.2397847
-8.095162 -0.25533867 7.2397847
-8.095162 -0.13533866 7.2397847
-8.095162 -0.25533867 7.2397847
0.7086823 1.8037646 10.691545
0.0 9.0 0.0
0.0 12.0 0.0
0.0 12.0 0.0
-10.720953 6.6197567 0.0
0.0 12.0 0.0
0.0 15.0 0.0
0.0 15.0 0.0
13.613908 8.40604 0.0
0.0 15.0 0.0
0.0 18.0 0.0
0.0 18.0 0.0
16.59195 10.244862 0.0
16.59195 10.244862 0.0
16.59195 10.994862 0.0
16.59195 10.244862 0.0
14.147642 -1.5092616 14.117579
14.147642 -1.5092616 14.117579
7.4416637 17.477541 6.324704
14.147642 -1.5092616 14.117579
-2.4137735 3.891571 19.454853
0.0 18.0 0.0
0.0 21.0 0.0
0.0 21.0 0.0
-18.378777 11.348154 0.0
0.0 21.0 0.0
0.0 24.0 0.0
0.0 24.0 0.0
21.27173 13.134438 0.0
0.0 24.0 0.0
0.0 27.0 0.0
