0.0 0.0 0.0
0.0 3.0 0.0
0.0 3.0 0.0
-2.9766948 2.6719446 0.0
0.0 3.0 0.0
0.0 6.0 0.0
0.0 6.0 0.0
5.209216 4.6759033 0.0
0.0 6.0 0.0
0.0 9.0 0.0
0.0 9.0 0.0
-7.8138237 7.0138545 0.0
-7.8138237 7.0138545 0.0
-7.394989 0.0453251 7.768468
-7.8138237 7.0138545 0.0
-9.450272 1.4689102 5.814842
-9.450272 1.4689102 5.814842
-9.450272 1.8022436 5.814842
-9.450272 1.4689102 5.814842
-3.1635163 0.17171693 10.916878
0.0 9.0 0.0
0.0 12.0 0.0
0.0 12.0 0.0
-9.376589 8.416626 0.0
0.0 12.0 0.0
0.0 15.0 0.0
0.0 15.0 0.0
12.278866 11.021771 0.0
0.0 15.0 0.0
0.0 18.0 0.0
0.0 18.0 0.0
14.1393 12.691737 0.0
14.1393 12.691737 0.0
14.1393 13.02507 0.0
14.1393 12.691737 0.0
16.200394 1.8500824 10.522096
16.200394 1.8500824 10.522096
3.2716637 11.921206 14.974296
16.200394 1.8500824 10.522096
4.4912386 0.01170826 19.084522
0.0 18.0 0.0
0.0 21.0 0.0
0.0 21.0 0.0
-16.743908 15.029689 0.0
0.0 21.0 0.0
0.0 24.0 0.0
0.0 24.0 0.0
18.306673 16.432459 0.0
0.0 24.0 0.0
0.0 27.0 0.0
