0.0 0.0 0.0
0.0 3.0 0.0
0.0 3.0 0.0
-2.2821774 3.285067 0.0
0.0 3.0 0.0
0.0 6.0 0.0
0.0 6.0 0.0
3.9938107 5.7488675 0.0
0.0 6.0 0.0
0.0 9.0 0.0
0.0 9.0 0.0
-5.990716 8.6233015 0.0
-5.990716 8.6233015 0.0
-9.123106 1.1663948 5.614129
-5.990716 8.6233015 0.0
-9.302916 4.767727 3.4179692
-9.302916 4.767727 3.4179692
-9.302916 4.887727 3.4179692
-9.302916 4.767727 3.4179692
-8.2490835 1.9010372 8.11479
0.0 9.0 0.0
0.0 12.0 0.0
0.0 12.0 0.0
-7.4170766 10.676468 0.0
0.0 12.0 0.0
0.0 15.0 0.0
0.0 15.0 0.0
8.900493 12.811762 0.0
0.0 15.0 0.0
0.0 18.0 0.0
0.0 18.0 0.0
10.8403425 15.604069 0.0
10.8403425 15.604069 0.0
10.8403425 16.354069 0.0
10.8403425 15.604069 0.0
16.784943 8.55692 6.1848965
16.784943 8.55692 6.1848965
8.352732 3.0450296 17.888083
16.784943 8.55692 6.1848965
14.16096 2.4078217 14.656004
0.0 18.0 0.0
0.0 21.0 0.0
0.0 21.0 0.0
-12.323758 17.739363 0.0
0.0 21.0 0.0
0.0 24.0 0.0
0.0 24.0 0.0
14.548882 20.942303 0.0
0.0 24.0 0.0
0.0 27.0 0.0
