0.0 0.0 0.0
0.0 3.0 0.0
0.0 3.0 0.0
-1.6753211 3.186424 0.0
0.0 3.0 0.0
0.0 6.0 0.0
0.0 6.0 0.0
3.071422 5.841778 0.0
0.0 6.0 0.0
0.0 9.0 0.0
0.0 9.0 0.0
-4.467523 8.497131 0.0
-4.467523 8.497131 0.0
-8.710204 2.9194093 3.680387
-4.467523 8.497131 0.0
-7.919659 6.565887 2.0790377
-7.919659 6.565887 2.0790377
-7.919659 7.315887 2.0790377
-7.919659 6.565887 2.0790377
-9.101759 4.3273664 5.525741
0.0 9.0 0.0
0.0 12.0 0.0
0.0 12.0 0.0
-5.863624 11.152485 0.0
0.0 12.0 0.0
0.0 15.0 0.0
0.0 15.0 0.0
7.6785555 14.6044445 0.0
0.0 15.0 0.0
0.0 18.0 0.0
0.0 18.0 0.0
8.841972 16.817238 0.0
8.841972 16.817238 0.0
8.841972 16.937239 0.0
8.841972 16.817238 0.0
15.218653 12.128306 4.114762
15.218653 12.128306 4.114762
13.059051 2.6287289 14.86979
15.218653 12.128306 4.114762
16.151247 5.8885374 10.724308
0.0 18.0 0.0
0.0 21.0 0.0
0.0 21.0 0.0
-10.238073 19.472591 0.0
0.0 21.0 0.0
0.0 24.0 0.0
0.0 24.0 0.0
11.8668585 22.570505 0.0
0.0 24.0 0.0
0.0 27.0 0.0
