0.0 0.0 0.0
0.0 3.0 0.0
0.0 3.0 0.0
-1.4565614 4.2577496 0.0
0.0 3.0 0.0
0.0 6.0 0.0
0.0 6.0 0.0
2.13629 6.244699 0.0
0.0 6.0 0.0
0.0 9.0 0.0
0.0 9.0 0.0
-3.236803 9.461665 0.0
-3.236803 9.461665 0.0
-8.277209 6.5047817 1.9825774
-3.236803 9.461665 0.0
-6.1544495 8.528723 1.0476894
-6.1544495 8.528723 1.0476894
-6.1544495 9.278723 1.0476894
-6.1544495 8.528723 1.0476894
-8.273054 7.24069 2.9833627
0.0 9.0 0.0
0.0 12.0 0.0
0.0 12.0 0.0
-4.2078443 12.300165 0.0
0.0 12.0 0.0
0.0 15.0 0.0
0.0 15.0 0.0
5.178885 15.138664 0.0
0.0 15.0 0.0
0.0 18.0 0.0
0.0 18.0 0.0
6.311766 18.450247 0.0
6.311766 18.450247 0.0
6.311766 19.200247 0.0
6.311766 18.450247 0.0
12.107991 16.943241 2.0429945
12.107991 16.943241 2.0429945
17.027714 8.392029 9.031187
12.107991 16.943241 2.0429945
15.892174 13.104731 5.8521314
0.0 18.0 0.0
0.0 21.0 0.0
0.0 21.0 0.0
-7.120967 20.815662 0.0
0.0 21.0 0.0
0.0 24.0 0.0
0.0 24.0 0.0
7.962536 23.275696 0.0
0.0 24.0 0.0
0.0 27.0 0.0
