0.0 0.0 0.0
0.0 3.0 0.0
0.0 3.0 0.0
-1.4402152 4.263306 0.0
0.0 3.0 0.0
0.0 6.0 0.0
0.0 6.0 0.0
2.2403347 6.6318097 0.0
0.0 6.0 0.0
0.0 9.0 0.0
0.0 9.0 0.0
-3.2004783 9.474014 0.0
-3.2004783 9.474014 0.0
-7.8415623 6.085321 1.940858
-3.2004783 9.474014 0.0
-6.096818 8.573707 1.0243062
-6.096818 8.573707 1.0243062
-6.096818 8.90704 1.0243062
-6.096818 8.573707 1.0243062
-8.225778 7.3264236 2.9217024
0.0 9.0 0.0
0.0 12.0 0.0
0.0 12.0 0.0
-4.1606216 12.316218 0.0
0.0 12.0 0.0
0.0 15.0 0.0
0.0 15.0 0.0
5.120765 15.158422 0.0
0.0 15.0 0.0
0.0 18.0 0.0
0.0 18.0 0.0
6.080909 18.000628 0.0
6.080909 18.000628 0.0
6.080909 18.333961 0.0
6.080909 18.000628 0.0
11.411129 15.778446 1.9461817
11.411129 15.778446 1.9461817
16.299503 8.355747 8.467507
11.411129 15.778446 1.9461817
15.1821 13.108962 5.495922
0.0 18.0 0.0
0.0 21.0 0.0
0.0 21.0 0.0
-7.0410523 20.84283 0.0
0.0 21.0 0.0
0.0 24.0 0.0
0.0 24.0 0.0
8.001196 23.685036 0.0
0.0 24.0 0.0
0.0 27.0 0.0
