0.0 0.0 0.0
0.0 3.0 0.0
0.0 3.0 0.0
-1.9279813 3.0402117 0.0
0.0 3.0 0.0
0.0 6.0 0.0
0.0 6.0 0.0
4.016628 6.3337746 0.0
0.0 6.0 0.0
0.0 9.0 0.0
0.0 9.0 0.0
-5.6232786 8.867285 0.0
-5.6232786 8.867285 0.0
-9.151703 1.6631727 5.086526
-5.6232786 8.867285 0.0
-9.29487 5.789692 3.0115488
-9.29487 5.789692 3.0115488
-9.29487 5.909692 3.0115488
-9.29487 5.789692 3.0115488
-9.170921 2.8160954 7.5211334
0.0 9.0 0.0
0.0 12.0 0.0
0.0 12.0 0.0
-6.9621544 10.978542 0.0
0.0 12.0 0.0
0.0 15.0 0.0
0.0 15.0 0.0
8.354586 13.174252 0.0
0.0 15.0 0.0
0.0 18.0 0.0
0.0 18.0 0.0
10.443232 16.467813 0.0
10.443232 16.467813 0.0
10.443232 17.217813 0.0
10.443232 16.467813 0.0
16.588638 9.690622 5.5928764
16.588638 9.690622 5.5928764
9.925819 2.4522622 17.389866
16.588638 9.690622 5.5928764
15.294411 3.552024 13.607254
0.0 18.0 0.0
0.0 21.0 0.0
0.0 21.0 0.0
-11.782108 18.579073 0.0
0.0 21.0 0.0
0.0 24.0 0.0
0.0 24.0 0.0
13.656534 21.534834 0.0
0.0 24.0 0.0
0.0 27.0 0.0
