0.0 0.0 0.0
0.0 3.0 0.0
0.0 3.0 0.0
-2.9867508 2.0098054 0.0
0.0 3.0 0.0
0.0 6.0 0.0
0.0 6.0 0.0
5.47571 3.6846435 0.0
0.0 6.0 0.0
0.0 9.0 0.0
0.0 9.0 0.0
-8.711357 5.861933 0.0
-8.711357 5.861933 0.0
-6.7772293 0.78639936 8.06982
-8.711357 5.861933 0.0
-8.076282 -0.42734647 7.2274036
-8.076282 -0.42734647 7.2274036
-8.076282 -0.094013125 7.2274036
-8.076282 -0.42734647 7.2274036
0.68715125 1.3304284 10.735422
0.0 9.0 0.0
0.0 12.0 0.0
0.0 12.0 0.0
-10.453629 7.03432 0.0
0.0 12.0 0.0
0.0 15.0 0.0
0.0 15.0 0.0
13.274448 8.932469 0.0
0.0 15.0 0.0
0.0 18.0 0.0
0.0 18.0 0.0
15.763408 10.607307 0.0
15.763408 10.607307 0.0
15.763408 11.357307 0.0
15.763408 10.607307 0.0
14.957937 -0.542006 13.078159
14.957937 -0.542006 13.078159
6.4917965 16.520418 8.930511
14.957937 -0.542006 13.078159
-1.3473753 2.1062 19.711164
0.0 18.0 0.0
0.0 21.0 0.0
0.0 21.0 0.0
-18.252367 12.2821455 0.0
0.0 21.0 0.0
0.0 24.0 0.0
0.0 24.0 0.0
20.741325 13.956984 0.0
0.0 24.0 0.0
0.0 27.0 0.0
