0.0 0.0 0.0
0.0 3.0 0.0
0.0 3.0 0.0
-2.7554913 2.899529 0.0
0.0 3.0 0.0
0.0 6.0 0.0
0.0 6.0 0.0
4.5465603 4.7842226 0.0
0.0 6.0 0.0
0.0 9.0 0.0
0.0 9.0 0.0
-6.613179 6.95887 0.0
-6.613179 6.95887 0.0
-7.7160134 0.056216568 6.604604
-6.613179 6.95887 0.0
-9.302009 2.829383 4.5556393
-9.302009 2.829383 4.5556393
-9.302009 2.9493828 4.5556393
-9.302009 2.829383 4.5556393
-5.2508717 0.29273748 9.710203
0.0 9.0 0.0
0.0 12.0 0.0
0.0 12.0 0.0
-8.955347 9.42347 0.0
0.0 12.0 0.0
0.0 15.0 0.0
0.0 15.0 0.0
11.366402 11.960557 0.0
0.0 15.0 0.0
0.0 18.0 0.0
0.0 18.0 0.0
13.088583 13.772762 0.0
13.088583 13.772762 0.0
13.088583 14.106095 0.0
13.088583 13.772762 0.0
17.054007 4.1727076 9.016369
17.054007 4.1727076 9.016369
4.0859814 8.355329 17.490904
17.054007 4.1727076 9.016369
8.022099 -0.48766327 18.283848
0.0 18.0 0.0
0.0 21.0 0.0
0.0 21.0 0.0
-15.499639 16.30985 0.0
0.0 21.0 0.0
0.0 24.0 0.0
0.0 24.0 0.0
16.946272 17.832104 0.0
0.0 24.0 0.0
0.0 27.0 0.0
