0.0 0.0 0.0
0.0 3.0 0.0
0.0 3.0 0.0
-1.1018423 3.8452494 0.0
0.0 3.0 0.0
0.0 6.0 0.0
0.0 6.0 0.0
1.8180398 6.344661 0.0
0.0 6.0 0.0
0.0 9.0 0.0
0.0 9.0 0.0
-2.6444216 9.228599 0.0
-2.6444216 9.228599 0.0
-6.85379 6.7419143 1.400505
-2.6444216 9.228599 0.0
-5.3990726 9.613282 0.7284339
-5.3990726 9.613282 0.7284339
-5.3990726 9.946615 0.7284339
-5.3990726 9.613282 0.7284339
-7.8577776 9.308914 2.1874843
0.0 9.0 0.0
0.0 12.0 0.0
0.0 12.0 0.0
-3.7187178 12.977716 0.0
0.0 12.0 0.0
0.0 15.0 0.0
0.0 15.0 0.0
4.5450993 15.861654 0.0
0.0 15.0 0.0
0.0 18.0 0.0
0.0 18.0 0.0
5.371481 18.74559 0.0
5.371481 18.74559 0.0
5.371481 19.078924 0.0
5.371481 18.74559 0.0
10.540762 18.039948 1.4796312
10.540762 18.039948 1.4796312
16.870838 11.618167 6.837551
10.540762 18.039948 1.4796312
14.731617 16.105032 4.325952
0.0 18.0 0.0
0.0 21.0 0.0
0.0 21.0 0.0
-6.0601325 21.148872 0.0
0.0 21.0 0.0
0.0 24.0 0.0
0.0 24.0 0.0
6.886514 24.032808 0.0
0.0 24.0 0.0
0.0 27.0 0.0
