0.0 0.0 0.0
0.0 3.0 0.0
0.0 3.0 0.0
-3.111919 2.5131576 0.0
0.0 3.0 0.0
0.0 6.0 0.0
0.0 6.0 0.0
5.134666 4.14671 0.0
0.0 6.0 0.0
0.0 9.0 0.0
0.0 9.0 0.0
-8.168787 6.5970387 0.0
-8.168787 6.5970387 0.0
-7.5443897 0.13445127 7.9857473
-8.168787 6.5970387 0.0
-9.134951 0.7802651 6.3551507
-9.134951 0.7802651 6.3551507
-9.134951 1.5302651 6.3551507
-9.134951 0.7802651 6.3551507
-1.8846347 0.49986118 11.09968
0.0 9.0 0.0
0.0 12.0 0.0
0.0 12.0 0.0
-10.502727 8.481907 0.0
0.0 12.0 0.0
0.0 15.0 0.0
0.0 15.0 0.0
12.447676 10.05263 0.0
0.0 15.0 0.0
0.0 18.0 0.0
0.0 18.0 0.0
15.170605 12.251643 0.0
15.170605 12.251643 0.0
15.170605 13.001643 0.0
15.170605 12.251643 0.0
16.68706 1.2246742 11.802423
16.68706 1.2246742 11.802423
4.4827833 14.430367 13.828683
16.68706 1.2246742 11.802423
2.9379354 0.69875467 20.397532
0.0 18.0 0.0
0.0 21.0 0.0
0.0 21.0 0.0
-17.115555 13.822367 0.0
0.0 21.0 0.0
0.0 24.0 0.0
0.0 24.0 0.0
19.449493 15.707235 0.0
0.0 24.0 0.0
0.0 27.0 0.0
