0.0 0.0 0.0
0.0 3.0 0.0
0.0 3.0 0.0
-2.5634818 2.5275602 0.0
0.0 3.0 0.0
0.0 6.0 0.0
0.0 6.0 0.0
5.340587 5.265751 0.0
0.0 6.0 0.0
0.0 9.0 0.0
0.0 9.0 0.0
-6.835952 6.7401614 0.0
-6.835952 6.7401614 0.0
-7.074152 -0.0033615679 6.8352714
-6.835952 6.7401614 0.0
-8.881346 2.0167325 4.8677325
-8.881346 2.0167325 4.8677325
-8.881346 2.1367323 4.8677325
-8.881346 2.0167325 4.8677325
-4.092537 0.14602768 9.741849
0.0 9.0 0.0
0.0 12.0 0.0
0.0 12.0 0.0
-9.257017 9.127301 0.0
0.0 12.0 0.0
0.0 15.0 0.0
0.0 15.0 0.0
11.108421 10.952762 0.0
0.0 15.0 0.0
0.0 18.0 0.0
0.0 18.0 0.0
13.244657 13.059062 0.0
13.244657 13.059062 0.0
13.244657 13.179062 0.0
13.244657 13.059062 0.0
16.540033 3.2491994 9.431232
16.540033 3.2491994 9.431232
4.135165 9.606295 16.405304
16.540033 3.2491994 9.431232
6.179104 -0.78451204 18.399467
0.0 18.0 0.0
0.0 21.0 0.0
0.0 21.0 0.0
-15.380891 15.165362 0.0
0.0 21.0 0.0
0.0 24.0 0.0
0.0 24.0 0.0
18.157995 17.903553 0.0
0.0 24.0 0.0
0.0 27.0 0.0
