0.0 0.0 0.0
0.0 3.0 0.0
0.0 3.0 0.0
-2.3863637 3.210182 0.0
0.0 3.0 0.0
0.0 6.0 0.0
0.0 6.0 0.0
3.9375002 5.2968 0.0
0.0 6.0 0.0
0.0 9.0 0.0
0.0 9.0 0.0
-6.264205 8.426727 0.0
-6.264205 8.426727 0.0
-8.908632 0.7957684 5.9984946
-6.264205 8.426727 0.0
-9.9568405 4.9674025 3.7371678
-9.9568405 4.9674025 3.7371678
-9.9568405 5.0874023 3.7371678
-9.9568405 4.9674025 3.7371678
-8.482065 1.7532711 8.939407
0.0 9.0 0.0
0.0 12.0 0.0
0.0 12.0 0.0
-7.517046 10.112074 0.0
0.0 12.0 0.0
0.0 15.0 0.0
0.0 15.0 0.0
9.306819 12.51971 0.0
0.0 15.0 0.0
0.0 18.0 0.0
0.0 18.0 0.0
11.633523 15.649637 0.0
11.633523 15.649637 0.0
11.633523 15.98297 0.0
11.633523 15.649637 0.0
17.187298 7.4710436 6.9404545
17.187298 7.4710436 6.9404545
6.9853706 3.870462 18.45821
17.187298 7.4710436 6.9404545
12.800701 1.0395193 15.823816
0.0 18.0 0.0
0.0 21.0 0.0
0.0 21.0 0.0
-12.886364 17.334982 0.0
0.0 21.0 0.0
0.0 24.0 0.0
0.0 24.0 0.0
14.914773 20.063637 0.0
0.0 24.0 0.0
0.0 27.0 0.0
