0.0 0.0 0.0
0.0 3.0 0.0
0.0 3.0 0.0
-2.2453163 2.8139927 0.0
0.0 3.0 0.0
0.0 6.0 0.0
0.0 6.0 0.0
4.116413 5.1589866 0.0
0.0 6.0 0.0
0.0 9.0 0.0
0.0 9.0 0.0
-5.98751 7.503981 0.0
-5.98751 7.503981 0.0
-7.7288246 0.3964635 5.838103
-5.98751 7.503981 0.0
-9.27414 4.119042 3.7344038
-9.27414 4.119042 3.7344038
-9.27414 4.869042 3.7344038
-9.27414 4.119042 3.7344038
-7.0386286 0.932698 8.703323
0.0 9.0 0.0
0.0 12.0 0.0
0.0 12.0 0.0
-7.858607 9.848975 0.0
0.0 12.0 0.0
0.0 15.0 0.0
0.0 15.0 0.0
10.291033 12.897467 0.0
0.0 15.0 0.0
0.0 18.0 0.0
0.0 18.0 0.0
11.6008005 14.538963 0.0
11.6008005 14.538963 0.0
11.6008005 14.658963 0.0
11.6008005 14.538963 0.0
17.09157 6.881429 7.235407
17.09157 6.881429 7.235407
6.102883 4.733496 18.271336
17.09157 6.881429 7.235407
11.831152 0.6426697 16.315657
0.0 18.0 0.0
0.0 21.0 0.0
0.0 21.0 0.0
-13.471897 16.883957 0.0
0.0 21.0 0.0
0.0 24.0 0.0
0.0 24.0 0.0
15.904324 19.93245 0.0
0.0 24.0 0.0
0.0 27.0 0.0
