0.0 0.0 0.0
0.0 3.0 0.0
0.0 3.0 0.0
-1.5063027 3.2697175 0.0
0.0 3.0 0.0
0.0 6.0 0.0
0.0 6.0 0.0
2.928922 6.3577843 0.0
0.0 6.0 0.0
0.0 9.0 0.0
0.0 9.0 0.0
-4.393383 9.536676 0.0
-4.393383 9.536676 0.0
-9.195016 4.105415 3.3392317
-4.393383 9.536676 0.0
-8.242157 8.354499 1.838268
-8.242157 8.354499 1.838268
-8.242157 8.687832 1.838268
-8.242157 8.354499 1.838268
-10.223875 6.1399636 5.118278
0.0 9.0 0.0
0.0 12.0 0.0
0.0 12.0 0.0
-5.27206 11.444012 0.0
0.0 12.0 0.0
0.0 15.0 0.0
0.0 15.0 0.0
6.527312 14.1687765 0.0
0.0 15.0 0.0
0.0 18.0 0.0
0.0 18.0 0.0
8.15914 17.71097 0.0
8.15914 17.71097 0.0
8.15914 18.044304 0.0
8.15914 17.71097 0.0
14.392323 13.530312 3.4139261
14.392323 13.530312 3.4139261
14.92898 3.8727713 13.157571
14.392323 13.530312 3.4139261
16.864166 8.7795315 9.122713
0.0 18.0 0.0
0.0 21.0 0.0
0.0 21.0 0.0
-9.205183 19.981607 0.0
0.0 21.0 0.0
0.0 24.0 0.0
0.0 24.0 0.0
10.669644 23.1605 0.0
0.0 24.0 0.0
0.0 27.0 0.0
