0.0 0.0 0.0
0.0 3.0 0.0
0.0 3.0 0.0
-1.8859365 4.0857368 0.0
0.0 3.0 0.0
0.0 6.0 0.0
0.0 6.0 0.0
2.76604 5.9924135 0.0
0.0 6.0 0.0
0.0 9.0 0.0
0.0 9.0 0.0
-4.4005184 9.533385 0.0
-4.4005184 9.533385 0.0
-9.198404 4.0897965 3.3489313
-4.4005184 9.533385 0.0
-7.8744726 7.526055 1.8442441
-7.8744726 7.526055 1.8442441
-7.8744726 7.6460547 1.8442441
-7.8744726 7.526055 1.8442441
-9.362863 5.0687265 4.974633
0.0 9.0 0.0
0.0 12.0 0.0
0.0 12.0 0.0
-5.2806225 11.4400625 0.0
0.0 12.0 0.0
0.0 15.0 0.0
0.0 15.0 0.0
6.9151006 14.981034 0.0
0.0 15.0 0.0
0.0 18.0 0.0
0.0 18.0 0.0
7.962843 17.250887 0.0
7.962843 17.250887 0.0
7.962843 18.000887 0.0
7.962843 17.250887 0.0
14.045485 13.177576 3.3372037
14.045485 13.177576 3.3372037
14.3831005 3.6249933 12.853947
14.045485 13.177576 3.3372037
16.082787 7.7508616 8.916407
0.0 18.0 0.0
0.0 21.0 0.0
0.0 21.0 0.0
-9.220134 19.974712 0.0
0.0 21.0 0.0
0.0 24.0 0.0
0.0 24.0 0.0
10.309787 22.33536 0.0
0.0 24.0 0.0
0.0 27.0 0.0
