0.0 0.0 0.0
0.0 3.0 0.0
0.0 3.0 0.0
-2.2687368 2.7951446 0.0
0.0 3.0 0.0
0.0 6.0 0.0
0.0 6.0 0.0
4.159351 5.1244316 0.0
0.0 6.0 0.0
0.0 9.0 0.0
0.0 9.0 0.0
-6.0499654 7.453719 0.0
-6.0499654 7.453719 0.0
-8.284261 0.46959972 5.9206076
-6.0499654 7.453719 0.0
-8.722666 3.2928379 3.8127165
-8.722666 3.2928379 3.8127165
-8.722666 3.626171 3.8127165
-8.722666 3.2928379 3.8127165
-6.0981593 0.57925415 8.457369
0.0 9.0 0.0
0.0 12.0 0.0
0.0 12.0 0.0
-8.192661 10.093577 0.0
0.0 12.0 0.0
0.0 15.0 0.0
0.0 15.0 0.0
10.083275 12.422865 0.0
0.0 15.0 0.0
0.0 18.0 0.0
0.0 18.0 0.0
12.288991 15.140367 0.0
12.288991 15.140367 0.0
12.288991 15.4737 0.0
12.288991 15.140367 0.0
17.895157 6.906946 7.74458
17.895157 6.906946 7.74458
6.074893 5.26022 19.105469
17.895157 6.906946 7.74458
12.2965555 0.8469534 17.29073
0.0 18.0 0.0
0.0 21.0 0.0
0.0 21.0 0.0
-14.1796055 17.469654 0.0
0.0 21.0 0.0
0.0 24.0 0.0
0.0 24.0 0.0
15.503036 19.100155 0.0
0.0 24.0 0.0
0.0 27.0 0.0
