0.0 0.0 0.0
0.0 3.0 0.0
0.0 3.0 0.0
-3.0632591 1.8911483 0.0
0.0 3.0 0.0
0.0 6.0 0.0
0.0 6.0 0.0
5.6159754 3.4671052 0.0
0.0 6.0 0.0
0.0 9.0 0.0
0.0 9.0 0.0
-8.509053 5.25319 0.0
-8.509053 5.25319 0.0
-6.5120077 1.0009427 7.607038
-8.509053 5.25319 0.0
-8.094484 -0.25594044 7.240399
-8.094484 -0.25594044 7.240399
-8.094484 0.077392906 7.240399
-8.094484 -0.25594044 7.240399
0.7099184 1.804871 10.691159
0.0 9.0 0.0
0.0 12.0 0.0
0.0 12.0 0.0
-10.721408 6.6190195 0.0
0.0 12.0 0.0
0.0 15.0 0.0
0.0 15.0 0.0
14.039938 8.667763 0.0
0.0 15.0 0.0
0.0 18.0 0.0
0.0 18.0 0.0
16.592655 10.24372 0.0
16.592655 10.24372 0.0
16.592655 10.36372 0.0
16.592655 10.24372 0.0
14.146252 -1.510323 14.118779
14.146252 -1.510323 14.118779
7.2529917 17.573763 6.3203154
14.146252 -1.510323 14.118779
-2.841485 3.6311495 19.453983
0.0 18.0 0.0
0.0 21.0 0.0
0.0 21.0 0.0
-18.379557 11.34689 0.0
0.0 21.0 0.0
0.0 24.0 0.0
0.0 24.0 0.0
21.272635 13.132975 0.0
0.0 24.0 0.0
0.0 27.0 0.0
