0.0 0.0 0.0
0.0 3.0 0.0
0.0 3.0 0.0
-0.99040556 3.4610832 0.0
0.0 3.0 0.0
0.0 6.0 0.0
0.0 6.0 0.0
2.063345 7.21059 0.0
0.0 6.0 0.0
0.0 9.0 0.0
0.0 9.0 0.0
-2.7511265 9.6141205 0.0
-2.7511265 9.6141205 0.0
-7.4638176 7.5602345 1.4553272
-2.7511265 9.6141205 0.0
-5.3529363 9.092315 0.75686973
-5.3529363 9.092315 0.75686973
-5.3529363 9.842315 0.75686973
-5.3529363 9.092315 0.75686973
-7.6616793 8.82503 2.200324
0.0 9.0 0.0
0.0 12.0 0.0
0.0 12.0 0.0
-3.4664197 12.113791 0.0
0.0 12.0 0.0
0.0 15.0 0.0
0.0 15.0 0.0
4.4018025 15.382592 0.0
0.0 15.0 0.0
0.0 18.0 0.0
0.0 18.0 0.0
5.2271404 18.266829 0.0
5.2271404 18.266829 0.0
5.2271404 19.016829 0.0
5.2271404 18.266829 0.0
10.132063 17.1408 1.4380525
10.132063 17.1408 1.4380525
16.115314 11.036556 6.580161
10.132063 17.1408 1.4380525
13.975602 14.869728 4.1700196
0.0 18.0 0.0
0.0 21.0 0.0
0.0 21.0 0.0
-6.190035 21.631771 0.0
0.0 21.0 0.0
0.0 24.0 0.0
0.0 24.0 0.0
6.7677717 23.650736 0.0
0.0 24.0 0.0
0.0 27.0 0.0
