0.0 0.0 0.0
0.0 3.0 0.0
0.0 3.0 0.0
-3.110886 2.514436 0.0
0.0 3.0 0.0
0.0 6.0 0.0
0.0 6.0 0.0
5.444051 4.400263 0.0
0.0 6.0 0.0
0.0 9.0 0.0
0.0 9.0 0.0
-7.777215 6.28609 0.0
-7.777215 6.28609 0.0
-6.6056542 0.2512648 7.604292
-7.777215 6.28609 0.0
-8.428621 0.5265119 6.0485077
-8.428621 0.5265119 6.0485077
-8.428621 0.6465119 6.0485077
-8.428621 0.5265119 6.0485077
-1.5607537 0.49741608 10.357266
0.0 9.0 0.0
0.0 12.0 0.0
0.0 12.0 0.0
-10.499241 8.486221 0.0
0.0 12.0 0.0
0.0 15.0 0.0
0.0 15.0 0.0
12.132456 9.806301 0.0
0.0 15.0 0.0
0.0 18.0 0.0
0.0 18.0 0.0
14.776709 11.943571 0.0
14.776709 11.943571 0.0
14.776709 12.693571 0.0
14.776709 11.943571 0.0
16.294361 1.2266717 11.492165
16.294361 1.2266717 11.492165
4.3896093 14.045378 13.522139
16.294361 1.2266717 11.492165
2.552114 0.384719 19.896553
0.0 18.0 0.0
0.0 21.0 0.0
0.0 21.0 0.0
-17.109873 13.829398 0.0
0.0 21.0 0.0
0.0 24.0 0.0
0.0 24.0 0.0
19.443039 15.715225 0.0
0.0 24.0 0.0
0.0 27.0 0.0
