0.0 0.0 0.0
0.0 3.0 0.0
0.0 3.0 0.0
-2.1109068 2.9161742 0.0
0.0 3.0 0.0
0.0 6.0 0.0
0.0 6.0 0.0
4.1045413 5.6703386 0.0
0.0 6.0 0.0
0.0 9.0 0.0
0.0 9.0 0.0
-6.1568117 8.505508 0.0
-6.1568117 8.505508 0.0
-9.393107 1.064123 5.8487544
-6.1568117 8.505508 0.0
-9.379101 4.451525 3.6101267
-9.379101 4.451525 3.6101267
-9.379101 5.201525 3.6101267
-9.379101 4.451525 3.6101267
-7.929371 1.6073551 8.423935
0.0 9.0 0.0
0.0 12.0 0.0
0.0 12.0 0.0
-7.388174 10.20661 0.0
0.0 12.0 0.0
0.0 15.0 0.0
0.0 15.0 0.0
9.381808 12.960774 0.0
0.0 15.0 0.0
0.0 18.0 0.0
0.0 18.0 0.0
11.434079 15.795944 0.0
11.434079 15.795944 0.0
11.434079 16.545944 0.0
11.434079 15.795944 0.0
17.644497 8.579566 6.704521
17.644497 8.579566 6.704521
8.199039 3.5987701 18.855856
17.644497 8.579566 6.704521
13.775967 1.3602262 15.777067
0.0 18.0 0.0
0.0 21.0 0.0
0.0 21.0 0.0
-12.899986 17.821064 0.0
0.0 21.0 0.0
0.0 24.0 0.0
0.0 24.0 0.0
14.952257 20.656235 0.0
0.0 24.0 0.0
0.0 27.0 0.0
