0.0 0.0 0.0
0.0 3.0 0.0
0.0 3.0 0.0
-2.0540888 3.4323053 0.0
0.0 3.0 0.0
0.0 6.0 0.0
0.0 6.0 0.0
3.3892465 5.663304 0.0
0.0 6.0 0.0
0.0 9.0 0.0
0.0 9.0 0.0
-4.9298134 8.237534 0.0
-4.9298134 8.237534 0.0
-8.466378 1.8964918 4.3445582
-4.9298134 8.237534 0.0
-8.168067 5.4109993 2.5315688
-8.168067 5.4109993 2.5315688
-8.168067 5.744333 2.5315688
-8.168067 5.4109993 2.5315688
-8.447544 2.9985652 6.366763
0.0 9.0 0.0
0.0 12.0 0.0
0.0 12.0 0.0
-6.47038 10.811762 0.0
0.0 12.0 0.0
0.0 15.0 0.0
0.0 15.0 0.0
8.010946 13.385991 0.0
0.0 15.0 0.0
0.0 18.0 0.0
0.0 18.0 0.0
9.756922 16.30345 0.0
9.756922 16.30345 0.0
9.756922 17.05345 0.0
9.756922 16.30345 0.0
16.06968 10.548379 5.010396
16.06968 10.548379 5.010396
10.904121 2.2403524 16.529789
16.06968 10.548379 5.010396
15.811347 4.578732 12.551439
0.0 18.0 0.0
0.0 21.0 0.0
0.0 21.0 0.0
-11.09208 18.534449 0.0
0.0 21.0 0.0
0.0 24.0 0.0
0.0 24.0 0.0
12.632647 21.108679 0.0
0.0 24.0 0.0
0.0 27.0 0.0
