0.0 0.0 0.0
0.0 3.0 0.0
0.0 3.0 0.0
-2.1335208 3.9620814 0.0
0.0 3.0 0.0
0.0 6.0 0.0
0.0 6.0 0.0
3.31881 6.1632376 0.0
0.0 6.0 0.0
0.0 9.0 0.0
0.0 9.0 0.0
-4.5515113 8.45244 0.0
-4.5515113 8.45244 0.0
-8.535957 2.6269004 3.799976
-4.5515113 8.45244 0.0
-8.009947 6.422531 2.157943
-8.009947 6.422531 2.157943
-8.009947 7.172531 2.157943
-8.009947 6.422531 2.157943
-8.6381035 3.324469 5.69763
0.0 9.0 0.0
0.0 12.0 0.0
0.0 12.0 0.0
-5.9738584 11.093828 0.0
0.0 12.0 0.0
0.0 15.0 0.0
0.0 15.0 0.0
7.5858517 14.0874 0.0
0.0 15.0 0.0
0.0 18.0 0.0
0.0 18.0 0.0
8.818553 16.376604 0.0
8.818553 16.376604 0.0
8.818553 16.496605 0.0
8.818553 16.376604 0.0
15.074789 11.618222 4.1810145
15.074789 11.618222 4.1810145
12.44591 2.447824 14.887024
15.074789 11.618222 4.1810145
15.923363 5.756867 10.828421
0.0 18.0 0.0
0.0 21.0 0.0
0.0 21.0 0.0
-10.430546 19.370176 0.0
0.0 21.0 0.0
0.0 24.0 0.0
0.0 24.0 0.0
12.0899515 22.451794 0.0
0.0 24.0 0.0
0.0 27.0 0.0
