0.0 0.0 0.0
0.0 3.0 0.0
0.0 3.0 0.0
-2.9542758 2.6967118 0.0
0.0 3.0 0.0
0.0 6.0 0.0
0.0 6.0 0.0
5.169983 4.7192454 0.0
0.0 6.0 0.0
0.0 9.0 0.0
0.0 9.0 0.0
-7.0902624 6.4721084 0.0
-7.0902624 6.4721084 0.0
-6.8358984 0.023235321 7.0608644
-7.0902624 6.4721084 0.0
-8.445877 1.2374272 5.2366476
-8.445877 1.2374272 5.2366476
-8.445877 1.5707606 5.2366476
-8.445877 1.2374272 5.2366476
-2.5883844 -0.11016834 9.768295
0.0 9.0 0.0
0.0 12.0 0.0
0.0 12.0 0.0
-9.305969 8.494642 0.0
0.0 12.0 0.0
0.0 15.0 0.0
0.0 15.0 0.0
11.817103 10.786847 0.0
0.0 15.0 0.0
0.0 18.0 0.0
0.0 18.0 0.0
13.737383 12.53971 0.0
13.737383 12.53971 0.0
13.737383 12.873043 0.0
13.737383 12.53971 0.0
16.243868 2.2879615 10.146005
16.243868 2.2879615 10.146005
3.6639853 11.295138 15.253553
16.243868 2.2879615 10.146005
5.1287985 -1.4781952E-5 18.83743
0.0 18.0 0.0
0.0 21.0 0.0
0.0 21.0 0.0
-16.248518 14.831915 0.0
0.0 21.0 0.0
0.0 24.0 0.0
0.0 24.0 0.0
18.168797 16.584778 0.0
0.0 24.0 0.0
0.0 27.0 0.0
