0.0 0.0 0.0
0.0 3.0 0.0
0.0 3.0 0.0
-1.4707197 3.2858763 0.0
0.0 3.0 0.0
0.0 6.0 0.0
0.0 6.0 0.0
3.0639994 6.845576 0.0
0.0 6.0 0.0
0.0 9.0 0.0
0.0 9.0 0.0
-3.9219193 8.762338 0.0
-3.9219193 8.762338 0.0
-8.364841 3.9688797 2.924858
-3.9219193 8.762338 0.0
-7.45986 7.9044523 1.6022345
-7.45986 7.9044523 1.6022345
-7.45986 8.024452 1.6022345
-7.45986 7.9044523 1.6022345
-9.459394 6.0695863 4.51003
0.0 9.0 0.0
0.0 12.0 0.0
0.0 12.0 0.0
-5.5151987 12.322037 0.0
0.0 12.0 0.0
0.0 15.0 0.0
0.0 15.0 0.0
6.7407985 15.0602665 0.0
0.0 15.0 0.0
0.0 18.0 0.0
0.0 18.0 0.0
7.7621317 17.342125 0.0
7.7621317 17.342125 0.0
7.7621317 18.092125 0.0
7.7621317 17.342125 0.0
14.16427 14.303637 3.171089
14.16427 14.303637 3.171089
15.626781 4.4775553 12.675901
14.16427 14.303637 3.171089
17.074118 9.67226 8.680965
0.0 18.0 0.0
0.0 21.0 0.0
0.0 21.0 0.0
-8.824318 19.71526 0.0
0.0 21.0 0.0
0.0 24.0 0.0
0.0 24.0 0.0
10.213331 22.818586 0.0
0.0 24.0 0.0
0.0 27.0 0.0
