0.0 0.0 0.0
0.0 3.0 0.0
0.0 3.0 0.0
-1.2737423 4.315968 0.0
0.0 3.0 0.0
0.0 6.0 0.0
0.0 6.0 0.0
2.1229038 7.19328 0.0
0.0 6.0 0.0
0.0 9.0 0.0
0.0 9.0 0.0
-2.8305385 9.59104 0.0
-2.8305385 9.59104 0.0
-7.610823 7.3934083 1.5368583
-2.8305385 9.59104 0.0
-5.48837 9.005838 0.8011948
-5.48837 9.005838 0.8011948
-5.48837 9.125838 0.8011948
-5.48837 9.005838 0.8011948
-7.550107 7.7872176 2.3219333
0.0 9.0 0.0
0.0 12.0 0.0
0.0 12.0 0.0
-3.8212268 12.947904 0.0
0.0 12.0 0.0
0.0 15.0 0.0
0.0 15.0 0.0
4.670388 15.825216 0.0
0.0 15.0 0.0
0.0 18.0 0.0
0.0 18.0 0.0
5.378023 18.222977 0.0
5.378023 18.222977 0.0
5.378023 18.972977 0.0
5.378023 18.222977 0.0
10.275055 16.593178 1.5222701
10.275055 16.593178 1.5222701
15.968456 10.327946 6.857248
10.275055 16.593178 1.5222701
13.905154 13.822557 4.368409
0.0 18.0 0.0
0.0 21.0 0.0
0.0 21.0 0.0
-6.227185 21.100288 0.0
0.0 21.0 0.0
0.0 24.0 0.0
0.0 24.0 0.0
7.076346 23.9776 0.0
0.0 24.0 0.0
0.0 27.0 0.0
