0.0 0.0 0.0
0.0 3.0 0.0
0.0 3.0 0.0
-1.3585516 3.7622252 0.0
0.0 3.0 0.0
0.0 6.0 0.0
0.0 6.0 0.0
2.24161 6.2076716 0.0
0.0 6.0 0.0
0.0 9.0 0.0
0.0 9.0 0.0
-3.566198 9.875841 0.0
-3.566198 9.875841 0.0
-8.496827 5.936941 2.2784338
-3.566198 9.875841 0.0
-6.8486714 9.090124 1.2112161
-6.8486714 9.090124 1.2112161
-6.8486714 9.423457 1.2112161
-6.8486714 9.090124 1.2112161
-8.962863 7.0660276 3.4652853
0.0 9.0 0.0
0.0 12.0 0.0
0.0 12.0 0.0
-4.2794375 11.851009 0.0
0.0 12.0 0.0
0.0 15.0 0.0
0.0 15.0 0.0
5.4342065 15.048901 0.0
0.0 15.0 0.0
0.0 18.0 0.0
0.0 18.0 0.0
6.317265 17.494347 0.0
6.317265 17.494347 0.0
6.317265 17.82768 0.0
6.317265 17.494347 0.0
11.73407 15.00071 2.1455827
11.73407 15.00071 2.1455827
15.550372 6.7407694 9.147444
11.73407 15.00071 2.1455827
15.299362 12.018915 6.003376
0.0 18.0 0.0
0.0 21.0 0.0
0.0 21.0 0.0
-7.336179 20.316015 0.0
0.0 21.0 0.0
0.0 24.0 0.0
0.0 24.0 0.0
8.660767 23.984186 0.0
0.0 24.0 0.0
0.0 27.0 0.0
