0.0 0.0 0.0
0.0 3.0 0.0
0.0 3.0 0.0
-2.142179 3.9574068 0.0
0.0 3.0 0.0
0.0 6.0 0.0
0.0 6.0 0.0
3.1418626 5.8041964 0.0
0.0 6.0 0.0
0.0 9.0 0.0
0.0 9.0 0.0
-4.569982 8.442469 0.0
-4.569982 8.442469 0.0
-9.062923 2.9340384 3.826361
-4.569982 8.442469 0.0
-8.029351 6.390751 2.1754932
-8.029351 6.390751 2.1754932
-8.029351 6.7240844 2.1754932
-8.029351 6.390751 2.1754932
-9.055349 4.070897 5.735471
0.0 9.0 0.0
0.0 12.0 0.0
0.0 12.0 0.0
-6.426537 11.87222 0.0
0.0 12.0 0.0
0.0 15.0 0.0
0.0 15.0 0.0
7.426221 13.71901 0.0
0.0 15.0 0.0
0.0 18.0 0.0
0.0 18.0 0.0
9.044756 16.709051 0.0
9.044756 16.709051 0.0
9.044756 16.829052 0.0
9.044756 16.709051 0.0
15.6633215 12.226969 4.3056636
15.6633215 12.226969 4.3056636
13.576936 2.9431863 15.468824
15.6633215 12.226969 4.3056636
16.607832 6.05053 11.2428665
0.0 18.0 0.0
0.0 21.0 0.0
0.0 21.0 0.0
-10.710896 19.787035 0.0
0.0 21.0 0.0
0.0 24.0 0.0
0.0 24.0 0.0
11.900995 21.985594 0.0
0.0 24.0 0.0
0.0 27.0 0.0
