0.0 0.0 0.0
0.0 3.0 0.0
0.0 3.0 0.0
-3.5706854 2.7386503 0.0
0.0 3.0 0.0
0.0 6.0 0.0
0.0 6.0 0.0
5.237005 4.016687 0.0
0.0 6.0 0.0
0.0 9.0 0.0
0.0 9.0 0.0
-7.9348564 6.0858893 0.0
-7.9348564 6.0858893 0.0
-6.526991 0.37789273 7.663589
-7.9348564 6.0858893 0.0
-8.561467 0.4805994 6.2961946
-8.561467 0.4805994 6.2961946
-8.561467 0.8139328 6.2961946
-8.561467 0.4805994 6.2961946
-1.7021039 1.0351887 10.6251955
0.0 9.0 0.0
0.0 12.0 0.0
0.0 12.0 0.0
-10.315313 7.9116564 0.0
0.0 12.0 0.0
0.0 15.0 0.0
0.0 15.0 0.0
13.092513 10.041718 0.0
0.0 15.0 0.0
0.0 18.0 0.0
0.0 18.0 0.0
15.47297 11.867484 0.0
15.47297 11.867484 0.0
15.47297 12.617484 0.0
15.47297 11.867484 0.0
16.337793 0.6633034 12.277579
16.337793 0.6633034 12.277579
5.5369825 15.1766815 12.59643
16.337793 0.6633034 12.277579
1.8388262 1.1571376 20.435802
0.0 18.0 0.0
0.0 21.0 0.0
0.0 21.0 0.0
-17.456684 13.388956 0.0
0.0 21.0 0.0
0.0 24.0 0.0
0.0 24.0 0.0
19.837141 15.214724 0.0
0.0 24.0 0.0
0.0 27.0 0.0
