0.0 0.0 0.0
0.0 3.0 0.0
0.0 3.0 0.0
-2.8584814 2.1883974 0.0
0.0 3.0 0.0
0.0 6.0 0.0
0.0 6.0 0.0
5.5581584 4.255217 0.0
0.0 6.0 0.0
0.0 9.0 0.0
0.0 9.0 0.0
-7.6226172 5.8357267 0.0
-7.6226172 5.8357267 0.0
-6.8765945 0.2016567 7.358524
-7.6226172 5.8357267 0.0
-8.641503 0.7800398 6.0525303
-8.641503 0.7800398 6.0525303
-8.641503 1.5300398 6.0525303
-8.641503 0.7800398 6.0525303
-2.082264 1.030905 10.540811
0.0 9.0 0.0
0.0 12.0 0.0
0.0 12.0 0.0
-10.322294 7.902546 0.0
0.0 12.0 0.0
0.0 15.0 0.0
0.0 15.0 0.0
13.101374 10.030154 0.0
0.0 15.0 0.0
0.0 18.0 0.0
0.0 18.0 0.0
15.08643 11.549875 0.0
15.08643 11.549875 0.0
15.08643 12.299875 0.0
15.08643 11.549875 0.0
15.539743 0.34704876 11.978967
15.539743 0.34704876 11.978967
4.732478 14.900268 11.875515
15.539743 0.34704876 11.978967
1.4269979 1.1745253 19.62078
0.0 18.0 0.0
0.0 21.0 0.0
0.0 21.0 0.0
-17.468498 13.37354 0.0
0.0 21.0 0.0
0.0 24.0 0.0
0.0 24.0 0.0
19.532957 14.954049 0.0
0.0 24.0 0.0
0.0 27.0 0.0
