0.0 0.0 0.0
0.0 3.0 0.0
0.0 3.0 0.0
-3.237112 3.125877 0.0
0.0 3.0 0.0
0.0 6.0 0.0
0.0 6.0 0.0
5.3951864 5.209795 0.0
0.0 6.0 0.0
0.0 9.0 0.0
0.0 9.0 0.0
-7.5532613 7.293713 0.0
-7.5532613 7.293713 0.0
-7.631614 -0.0027402937 7.548646
-7.5532613 7.293713 0.0
-9.323035 1.7089603 5.4335003
-9.323035 1.7089603 5.4335003
-9.323035 1.8289603 5.4335003
-9.323035 1.7089603 5.4335003
-3.7322087 0.03478825 10.480925
0.0 9.0 0.0
0.0 12.0 0.0
0.0 12.0 0.0
-9.351657 9.030312 0.0
0.0 12.0 0.0
0.0 15.0 0.0
0.0 15.0 0.0
11.509731 11.114229 0.0
0.0 15.0 0.0
0.0 18.0 0.0
0.0 18.0 0.0
13.380063 12.920292 0.0
13.380063 12.920292 0.0
13.380063 13.040292 0.0
13.380063 12.920292 0.0
16.182133 2.7057824 9.625058
16.182133 2.7057824 9.625058
3.180039 10.079791 15.835825
16.182133 2.7057824 9.625058
6.0241394 -0.183882 18.326694
0.0 18.0 0.0
0.0 21.0 0.0
0.0 21.0 0.0
-15.82588 15.282065 0.0
0.0 21.0 0.0
0.0 24.0 0.0
0.0 24.0 0.0
17.696213 17.088127 0.0
0.0 24.0 0.0
0.0 27.0 0.0
