0.0 0.0 0.0
0.0 3.0 0.0
0.0 3.0 0.0
-1.4081944 4.2739897 0.0
0.0 3.0 0.0
0.0 6.0 0.0
0.0 6.0 0.0
2.065352 6.2685184 0.0
0.0 6.0 0.0
0.0 9.0 0.0
0.0 9.0 0.0
-3.129321 9.497755 0.0
-3.129321 9.497755 0.0
-8.11516 6.744857 1.8601637
-3.129321 9.497755 0.0
-5.9827895 8.660519 0.97926503
-5.9827895 8.660519 0.97926503
-5.9827895 8.993852 0.97926503
-5.9827895 8.660519 0.97926503
-8.12895 7.493044 2.802289
0.0 9.0 0.0
0.0 12.0 0.0
0.0 12.0 0.0
-4.068117 12.347082 0.0
0.0 12.0 0.0
0.0 15.0 0.0
0.0 15.0 0.0
5.0069137 15.196408 0.0
0.0 15.0 0.0
0.0 18.0 0.0
0.0 18.0 0.0
5.820537 17.665825 0.0
5.820537 17.665825 0.0
5.820537 17.785826 0.0
5.820537 17.665825 0.0
11.091688 15.998392 1.821433
11.091688 15.998392 1.821433
15.883068 8.303225 8.057937
11.091688 15.998392 1.821433
14.658331 12.646494 5.2008977
0.0 18.0 0.0
0.0 21.0 0.0
0.0 21.0 0.0
-6.884506 20.895061 0.0
0.0 21.0 0.0
0.0 24.0 0.0
0.0 24.0 0.0
7.9797688 24.219276 0.0
0.0 24.0 0.0
0.0 27.0 0.0
