0.0 0.0 0.0
0.0 3.0 0.0
0.0 3.0 0.0
-2.6285336 2.4598393 0.0
0.0 3.0 0.0
0.0 6.0 0.0
0.0 6.0 0.0
4.8189783 4.5097055 0.0
0.0 6.0 0.0
0.0 9.0 0.0
0.0 9.0 0.0
-7.0094237 6.559572 0.0
-7.0094237 6.559572 0.0
-7.3242702 -0.020899147 6.9940324
-7.0094237 6.559572 0.0
-8.792192 1.6683545 5.1179185
-8.792192 1.6683545 5.1179185
-8.792192 1.7883545 5.1179185
-8.792192 1.6683545 5.1179185
-3.8649578 0.5069046 9.91662
0.0 9.0 0.0
0.0 12.0 0.0
0.0 12.0 0.0
-9.491927 8.882753 0.0
0.0 12.0 0.0
0.0 15.0 0.0
0.0 15.0 0.0
12.047446 11.274264 0.0
0.0 15.0 0.0
0.0 18.0 0.0
0.0 18.0 0.0
14.237891 13.324131 0.0
14.237891 13.324131 0.0
14.237891 13.657464 0.0
14.237891 13.324131 0.0
17.47125 3.025848 10.395771
17.47125 3.025848 10.395771
4.5312304 11.254712 16.744343
17.47125 3.025848 10.395771
5.910033 -0.42347002 19.859917
0.0 18.0 0.0
0.0 21.0 0.0
0.0 21.0 0.0
-16.063261 15.032352 0.0
0.0 21.0 0.0
0.0 24.0 0.0
0.0 24.0 0.0
18.61878 17.423862 0.0
0.0 24.0 0.0
0.0 27.0 0.0
