0.0 0.0 0.0
0.0 3.0 0.0
0.0 3.0 0.0
-1.4785551 4.250162 0.0
0.0 3.0 0.0
0.0 6.0 0.0
0.0 6.0 0.0
2.2999747 6.611363 0.0
0.0 6.0 0.0
0.0 9.0 0.0
0.0 9.0 0.0
-3.285678 9.444804 0.0
-3.285678 9.444804 0.0
-8.347429 6.3946505 2.0392613
-3.285678 9.444804 0.0
-6.362793 8.845283 1.079568
-6.362793 8.845283 1.079568
-6.362793 9.178616 1.079568
-6.362793 8.845283 1.079568
-8.575712 7.440684 3.1102397
0.0 9.0 0.0
0.0 12.0 0.0
0.0 12.0 0.0
-4.435665 12.750485 0.0
0.0 12.0 0.0
0.0 15.0 0.0
0.0 15.0 0.0
5.125658 14.733895 0.0
0.0 15.0 0.0
0.0 18.0 0.0
0.0 18.0 0.0
6.111361 17.567337 0.0
6.111361 17.567337 0.0
6.111361 17.900671 0.0
6.111361 17.567337 0.0
11.420801 15.262182 2.0079966
11.420801 15.262182 2.0079966
15.982218 7.770561 8.662783
11.420801 15.262182 2.0079966
14.776518 11.654128 5.649021
0.0 18.0 0.0
0.0 21.0 0.0
0.0 21.0 0.0
-7.3927755 21.250809 0.0
0.0 21.0 0.0
0.0 24.0 0.0
0.0 24.0 0.0
8.378479 24.084251 0.0
0.0 24.0 0.0
0.0 27.0 0.0
