0.0 0.0 0.0
0.0 3.0 0.0
0.0 3.0 0.0
-2.4559016 3.1573005 0.0
0.0 3.0 0.0
0.0 6.0 0.0
0.0 6.0 0.0
4.2978277 5.5252757 0.0
0.0 6.0 0.0
0.0 9.0 0.0
0.0 9.0 0.0
-5.894164 7.5775213 0.0
-5.894164 7.5775213 0.0
-8.024505 0.54083896 5.712933
-5.894164 7.5775213 0.0
-9.24564 4.308649 3.6188717
-9.24564 4.308649 3.6188717
-9.24564 5.058649 3.6188717
-9.24564 4.308649 3.6188717
-7.2659287 1.0737615 8.533062
0.0 9.0 0.0
0.0 12.0 0.0
0.0 12.0 0.0
-7.9816804 10.261227 0.0
0.0 12.0 0.0
0.0 15.0 0.0
0.0 15.0 0.0
10.130594 13.023865 0.0
0.0 15.0 0.0
0.0 18.0 0.0
0.0 18.0 0.0
11.972521 15.39184 0.0
11.972521 15.39184 0.0
11.972521 15.725173 0.0
11.972521 15.39184 0.0
17.523476 7.1362934 7.3508334
17.523476 7.1362934 7.3508334
6.9516582 4.66692 18.79348
17.523476 7.1362934 7.3508334
12.657789 1.0955205 16.56118
0.0 18.0 0.0
0.0 21.0 0.0
0.0 21.0 0.0
-13.261869 17.049423 0.0
0.0 21.0 0.0
0.0 24.0 0.0
0.0 24.0 0.0
15.103795 19.417398 0.0
0.0 24.0 0.0
0.0 27.0 0.0
