0.0 0.0 0.0
0.0 3.0 0.0
0.0 3.0 0.0
-1.088444 3.8490634 0.0
0.0 3.0 0.0
0.0 6.0 0.0
0.0 6.0 0.0
1.7959325 6.3509545 0.0
0.0 6.0 0.0
0.0 9.0 0.0
0.0 9.0 0.0
-2.8571656 10.103791 0.0
-2.8571656 10.103791 0.0
-7.539374 7.616824 1.4962583
-2.8571656 10.103791 0.0
-5.6670723 9.93667 0.7774662
-5.6670723 9.93667 0.7774662
-5.6670723 10.05667 0.7774662
-5.6670723 9.93667 0.7774662
-8.155927 9.5788 2.2902017
0.0 9.0 0.0
0.0 12.0 0.0
0.0 12.0 0.0
-3.537443 12.509456 0.0
0.0 12.0 0.0
0.0 15.0 0.0
0.0 15.0 0.0
4.2449317 15.011348 0.0
0.0 15.0 0.0
0.0 18.0 0.0
0.0 18.0 0.0
5.170109 18.28305 0.0
5.170109 18.28305 0.0
5.170109 19.03305 0.0
5.170109 18.28305 0.0
10.170477 17.682796 1.4068434
10.170477 17.682796 1.4068434
16.406612 11.551532 6.524644
10.170477 17.682796 1.4068434
14.268887 15.900049 4.121256
0.0 18.0 0.0
0.0 21.0 0.0
0.0 21.0 0.0
-6.1224976 21.650982 0.0
0.0 21.0 0.0
0.0 24.0 0.0
0.0 24.0 0.0
6.802775 24.056646 0.0
0.0 24.0 0.0
0.0 27.0 0.0
