0.0 0.0 0.0
0.0 3.0 0.0
0.0 3.0 0.0
-3.1089232 1.8151021 0.0
0.0 3.0 0.0
0.0 6.0 0.0
0.0 6.0 0.0
6.4769235 3.7814627 0.0
0.0 6.0 0.0
0.0 9.0 0.0
0.0 9.0 0.0
-8.635899 5.04195 0.0
-8.635899 5.04195 0.0
-7.130663 0.8496847 7.5204463
-8.635899 5.04195 0.0
-7.067685 -0.91557956 7.4578743
-7.067685 -0.91557956 7.4578743
-7.067685 -0.5822462 7.4578743
-7.067685 -0.91557956 7.4578743
0.94589597 2.779255 9.863804
0.0 9.0 0.0
0.0 12.0 0.0
0.0 12.0 0.0
-10.881232 6.3528576 0.0
0.0 12.0 0.0
0.0 15.0 0.0
0.0 15.0 0.0
14.249232 8.319218 0.0
0.0 15.0 0.0
0.0 18.0 0.0
0.0 18.0 0.0
16.06277 9.378028 0.0
16.06277 9.378028 0.0
16.06277 9.498028 0.0
16.06277 9.378028 0.0
13.045719 -1.7614646 13.871645
13.045719 -1.7614646 13.871645
8.209806 16.601452 4.541724
13.045719 -1.7614646 13.871645
-2.949371 4.5331316 18.260166
0.0 18.0 0.0
0.0 21.0 0.0
0.0 21.0 0.0
-19.43077 11.344388 0.0
0.0 21.0 0.0
0.0 24.0 0.0
0.0 24.0 0.0
22.02154 12.856974 0.0
0.0 24.0 0.0
0.0 27.0 0.0
