0.0 0.0 0.0
0.0 3.0 0.0
0.0 3.0 0.0
-1.682565 3.6289084 0.0
0.0 3.0 0.0
0.0 6.0 0.0
0.0 6.0 0.0
2.7762322 5.9876986 0.0
0.0 6.0 0.0
0.0 9.0 0.0
0.0 9.0 0.0
-4.4167333 9.525885 0.0
-4.4167333 9.525885 0.0
-9.686775 4.461396 3.371002
-4.4167333 9.525885 0.0
-7.8946056 7.5009766 1.8578602
-7.8946056 7.5009766 1.8578602
-7.8946056 8.250977 1.8578602
-7.8946056 7.5009766 1.8578602
-9.364613 5.028328 5.006298
0.0 9.0 0.0
0.0 12.0 0.0
0.0 12.0 0.0
-5.468336 11.793952 0.0
0.0 12.0 0.0
0.0 15.0 0.0
0.0 15.0 0.0
6.9405804 14.969247 0.0
0.0 15.0 0.0
0.0 18.0 0.0
0.0 18.0 0.0
7.8239274 16.874424 0.0
7.8239274 16.874424 0.0
7.8239274 16.994425 0.0
7.8239274 16.874424 0.0
13.790033 12.867527 3.2910666
13.790033 12.867527 3.2910666
14.046534 3.5082102 12.651456
13.790033 12.867527 3.2910666
15.927365 7.9008017 8.786402
0.0 18.0 0.0
0.0 21.0 0.0
0.0 21.0 0.0
-9.254107 19.958996 0.0
0.0 21.0 0.0
0.0 24.0 0.0
0.0 24.0 0.0
10.3477745 22.317787 0.0
0.0 24.0 0.0
0.0 27.0 0.0
