0.0 0.0 0.0
0.0 3.0 0.0
0.0 3.0 0.0
-1.5848379 3.2323813 0.0
0.0 3.0 0.0
0.0 6.0 0.0
0.0 6.0 0.0
3.3017457 6.734128 0.0
0.0 6.0 0.0
0.0 9.0 0.0
0.0 9.0 0.0
-4.4023275 8.978837 0.0
-4.4023275 8.978837 0.0
-8.844105 3.4407465 3.4802847
-4.4023275 8.978837 0.0
-7.9421463 7.2196927 1.9380487
-7.9421463 7.2196927 1.9380487
-7.9421463 7.3396926 1.9380487
-7.9421463 7.2196927 1.9380487
-9.079338 4.2574234 5.236535
0.0 9.0 0.0
0.0 12.0 0.0
0.0 12.0 0.0
-5.5469327 11.313335 0.0
0.0 12.0 0.0
0.0 15.0 0.0
0.0 15.0 0.0
6.867631 14.006987 0.0
0.0 15.0 0.0
0.0 18.0 0.0
0.0 18.0 0.0
8.364422 17.05979 0.0
8.364422 17.05979 0.0
8.364422 17.393124 0.0
8.364422 17.05979 0.0
14.693868 12.909321 3.6822925
14.693868 12.909321 3.6822925
14.526271 3.5524673 13.87132
14.693868 12.909321 3.6822925
16.73405 7.8433814 9.774992
0.0 18.0 0.0
0.0 21.0 0.0
0.0 21.0 0.0
-9.5090275 19.394289 0.0
0.0 21.0 0.0
0.0 24.0 0.0
0.0 24.0 0.0
11.225935 22.896034 0.0
0.0 24.0 0.0
0.0 27.0 0.0
