0.0 0.0 0.0
0.0 3.0 0.0
0.0 3.0 0.0
-2.5694103 3.6943376 0.0
0.0 3.0 0.0
0.0 6.0 0.0
0.0 6.0 0.0
4.2823505 6.1572294 0.0
0.0 6.0 0.0
0.0 9.0 0.0
0.0 9.0 0.0
-5.481409 7.8812537 0.0
-5.481409 7.8812537 0.0
-8.755552 1.215224 5.138865
-5.481409 7.8812537 0.0
-9.050879 5.1322384 3.1297753
-9.050879 5.1322384 3.1297753
-9.050879 5.2522383 3.1297753
-9.050879 5.1322384 3.1297753
-8.1344185 1.8120744 7.7373037
0.0 9.0 0.0
0.0 12.0 0.0
0.0 12.0 0.0
-7.708231 11.083013 0.0
0.0 12.0 0.0
0.0 15.0 0.0
0.0 15.0 0.0
8.9072895 12.807037 0.0
0.0 15.0 0.0
0.0 18.0 0.0
0.0 18.0 0.0
10.62023 15.269929 0.0
10.62023 15.269929 0.0
10.62023 15.389929 0.0
10.62023 15.269929 0.0
16.447645 8.378749 6.0639396
16.447645 8.378749 6.0639396
7.980933 2.9214528 17.529829
16.447645 8.378749 6.0639396
13.369603 1.6382842 14.369553
0.0 18.0 0.0
0.0 21.0 0.0
0.0 21.0 0.0
-12.847052 18.471687 0.0
0.0 21.0 0.0
0.0 24.0 0.0
0.0 24.0 0.0
14.04611 20.195713 0.0
0.0 24.0 0.0
0.0 27.0 0.0
