0.0 0.0 0.0
0.0 3.0 0.0
0.0 3.0 0.0
-1.2626095 3.7954996 0.0
0.0 3.0 0.0
0.0 6.0 0.0
0.0 6.0 0.0
2.0833056 6.262574 0.0
0.0 6.0 0.0
0.0 9.0 0.0
0.0 9.0 0.0
-3.030263 9.1092 0.0
-3.030263 9.1092 0.0
-7.848844 6.4410357 1.8152161
-3.030263 9.1092 0.0
-5.793071 8.305208 0.9565097
-5.793071 8.305208 0.9565097
-5.793071 8.638541 0.9565097
-5.793071 8.305208 0.9565097
-7.8665924 7.189672 2.7362046
0.0 9.0 0.0
0.0 12.0 0.0
0.0 12.0 0.0
-4.261307 12.809811 0.0
0.0 12.0 0.0
0.0 15.0 0.0
0.0 15.0 0.0
5.050438 15.181998 0.0
0.0 15.0 0.0
0.0 18.0 0.0
0.0 18.0 0.0
6.155221 18.503061 0.0
6.155221 18.503061 0.0
6.155221 19.253061 0.0
6.155221 18.503061 0.0
11.85595 17.136824 1.9429101
11.85595 17.136824 1.9429101
17.13481 8.999203 8.657802
11.85595 17.136824 1.9429101
15.817667 13.85213 5.5859375
0.0 18.0 0.0
0.0 21.0 0.0
0.0 21.0 0.0
-6.944352 20.875248 0.0
0.0 21.0 0.0
0.0 24.0 0.0
0.0 24.0 0.0
7.8913093 23.721872 0.0
0.0 24.0 0.0
0.0 27.0 0.0
