0.0 0.0 0.0
0.0 3.0 0.0
0.0 3.0 0.0
-3.7370124 2.506938 0.0
0.0 3.0 0.0
0.0 6.0 0.0
0.0 6.0 0.0
5.8131304 3.899681 0.0
0.0 6.0 0.0
0.0 9.0 0.0
0.0 9.0 0.0
-8.719696 5.8495216 0.0
-8.719696 5.8495216 0.0
-6.9752626 0.71506786 8.068159
-8.719696 5.8495216 0.0
-8.06221 -0.4410684 7.241247
-8.06221 -0.4410684 7.241247
-8.06221 -0.10773507 7.241247
-8.06221 -0.4410684 7.241247
0.715939 1.3525126 10.729319
0.0 9.0 0.0
0.0 12.0 0.0
0.0 12.0 0.0
-10.463635 7.0194263 0.0
0.0 12.0 0.0
0.0 15.0 0.0
0.0 15.0 0.0
12.954977 8.690719 0.0
0.0 15.0 0.0
0.0 18.0 0.0
0.0 18.0 0.0
15.446319 10.36201 0.0
15.446319 10.36201 0.0
15.446319 10.695343 0.0
15.446319 10.36201 0.0
14.229429 -0.81633806 12.827352
14.229429 -0.81633806 12.827352
6.101784 16.158985 8.300981
14.229429 -0.81633806 12.827352
-1.3657142 2.365503 18.962873
0.0 18.0 0.0
0.0 21.0 0.0
0.0 21.0 0.0
-17.93766 12.033302 0.0
0.0 21.0 0.0
0.0 24.0 0.0
0.0 24.0 0.0
20.429 13.704595 0.0
0.0 24.0 0.0
0.0 27.0 0.0
