0.0 0.0 0.0
0.0 3.0 0.0
0.0 3.0 0.0
-1.493705 4.244861 0.0
0.0 3.0 0.0
0.0 6.0 0.0
0.0 6.0 0.0
2.3235412 6.603117 0.0
0.0 6.0 0.0
0.0 9.0 0.0
0.0 9.0 0.0
-3.3193445 9.433024 0.0
-3.3193445 9.433024 0.0
-8.133598 5.9936213 2.0786703
-3.3193445 9.433024 0.0
-6.5826645 9.273813 1.1018049
-6.5826645 9.273813 1.1018049
-6.5826645 9.607146 1.1018049
-6.5826645 9.273813 1.1018049
-8.922625 7.751582 3.2243483
0.0 9.0 0.0
0.0 12.0 0.0
0.0 12.0 0.0
-4.182374 11.885612 0.0
0.0 12.0 0.0
0.0 15.0 0.0
0.0 15.0 0.0
5.476918 15.56449 0.0
0.0 15.0 0.0
0.0 18.0 0.0
0.0 18.0 0.0
6.3067546 17.922747 0.0
6.3067546 17.922747 0.0
6.3067546 18.672747 0.0
6.3067546 17.922747 0.0
11.760212 15.497816 2.093429
11.760212 15.497816 2.093429
16.301067 7.7466774 8.996707
11.760212 15.497816 2.093429
15.285176 12.110791 5.8783565
0.0 18.0 0.0
0.0 21.0 0.0
0.0 21.0 0.0
-7.302558 20.752653 0.0
0.0 21.0 0.0
0.0 24.0 0.0
0.0 24.0 0.0
8.165587 23.20524 0.0
0.0 24.0 0.0
0.0 27.0 0.0
