0.0 0.0 0.0
0.0 3.0 0.0
0.0 3.0 0.0
-1.4219058 3.738741 0.0
0.0 3.0 0.0
0.0 6.0 0.0
0.0 6.0 0.0
2.4883351 6.5427966 0.0
0.0 6.0 0.0
0.0 9.0 0.0
0.0 9.0 0.0
-3.5547643 9.346852 0.0
-3.5547643 9.346852 0.0
-8.694572 5.7798953 2.362202
-3.5547643 9.346852 0.0
-6.6414433 8.1160755 1.2636349
-6.6414433 8.1160755 1.2636349
-6.6414433 8.236075 1.2636349
-6.6414433 8.1160755 1.2636349
-8.622904 6.4736624 3.5419774
0.0 9.0 0.0
0.0 12.0 0.0
0.0 12.0 0.0
-4.621194 12.1509075 0.0
0.0 12.0 0.0
0.0 15.0 0.0
0.0 15.0 0.0
5.687623 14.954964 0.0
0.0 15.0 0.0
0.0 18.0 0.0
0.0 18.0 0.0
6.9317904 18.226362 0.0
6.9317904 18.226362 0.0
6.9317904 18.346363 0.0
6.9317904 18.226362 0.0
13.068122 16.134792 2.4640882
13.068122 16.134792 2.4640882
16.875443 6.7455554 10.525338
13.068122 16.134792 2.4640882
16.866827 12.452356 6.9485564
0.0 18.0 0.0
0.0 21.0 0.0
0.0 21.0 0.0
-7.99822 21.030418 0.0
0.0 21.0 0.0
0.0 24.0 0.0
0.0 24.0 0.0
9.06465 23.834473 0.0
0.0 24.0 0.0
0.0 27.0 0.0
