0.0 0.0 0.0
0.0 3.0 0.0
0.0 3.0 0.0
-1.2876554 3.7870758 0.0
0.0 3.0 0.0
0.0 6.0 0.0
0.0 6.0 0.0
2.253397 6.6273828 0.0
0.0 6.0 0.0
0.0 9.0 0.0
0.0 9.0 0.0
-3.2191384 9.4676895 0.0
-3.2191384 9.4676895 0.0
-8.251295 6.544445 1.9622453
-3.2191384 9.4676895 0.0
-6.2552376 8.92936 1.0362852
-6.2552376 8.92936 1.0362852
-6.2552376 9.04936 1.0362852
-6.2552376 8.92936 1.0362852
-8.487577 7.60174 2.99477
0.0 9.0 0.0
0.0 12.0 0.0
0.0 12.0 0.0
-4.0561147 11.929289 0.0
0.0 12.0 0.0
0.0 15.0 0.0
0.0 15.0 0.0
5.021856 14.769596 0.0
0.0 15.0 0.0
0.0 18.0 0.0
0.0 18.0 0.0
6.27732 18.461994 0.0
6.27732 18.461994 0.0
6.27732 18.795328 0.0
6.27732 18.461994 0.0
12.052853 16.986208 2.0207562
12.052853 16.986208 2.0207562
17.155272 8.656579 8.94883
12.052853 16.986208 2.0207562
15.849194 13.186039 5.7931695
0.0 18.0 0.0
0.0 21.0 0.0
0.0 21.0 0.0
-7.2430615 21.302301 0.0
0.0 21.0 0.0
0.0 24.0 0.0
0.0 24.0 0.0
7.9190807 23.290516 0.0
0.0 24.0 0.0
0.0 27.0 0.0
