0.0 0.0 0.0
0.0 3.0 0.0
0.0 3.0 0.0
-2.6752467 3.6184325 0.0
0.0 3.0 0.0
0.0 6.0 0.0
0.0 6.0 0.0
3.9236953 5.307034 0.0
0.0 6.0 0.0
0.0 9.0 0.0
0.0 9.0 0.0
-6.2422423 8.443009 0.0
-6.2422423 8.443009 0.0
-9.32556 0.94537866 5.9680157
-6.2422423 8.443009 0.0
-9.412113 4.2874413 3.7110085
-9.412113 4.2874413 3.7110085
-9.412113 4.407441 3.7110085
-9.412113 4.2874413 3.7110085
-7.217185 0.7422366 8.579502
0.0 9.0 0.0
0.0 12.0 0.0
0.0 12.0 0.0
-8.025741 10.855297 0.0
0.0 12.0 0.0
0.0 15.0 0.0
0.0 15.0 0.0
9.809238 13.267586 0.0
0.0 15.0 0.0
0.0 18.0 0.0
0.0 18.0 0.0
11.057687 14.956188 0.0
11.057687 14.956188 0.0
11.057687 15.706188 0.0
11.057687 14.956188 0.0
16.635517 7.544352 6.5737867
16.635517 7.544352 6.5737867
6.914779 3.5933025 17.831753
16.635517 7.544352 6.5737867
12.69315 1.241497 15.175759
0.0 18.0 0.0
0.0 21.0 0.0
0.0 21.0 0.0
-13.078984 17.690115 0.0
0.0 21.0 0.0
0.0 24.0 0.0
0.0 24.0 0.0
14.862482 20.102402 0.0
0.0 24.0 0.0
0.0 27.0 0.0
