0.0 0.0 0.0
0.0 3.0 0.0
0.0 3.0 0.0
-2.7449763 2.9094853 0.0
0.0 3.0 0.0
0.0 6.0 0.0
0.0 6.0 0.0
4.5292106 4.8006506 0.0
0.0 6.0 0.0
0.0 9.0 0.0
0.0 9.0 0.0
-6.5879436 6.982765 0.0
-6.5879436 6.982765 0.0
-7.325991 0.042981356 6.5768003
-6.5879436 6.982765 0.0
-9.306725 2.8817203 4.520937
-9.306725 2.8817203 4.520937
-9.306725 3.2150536 4.520937
-9.306725 2.8817203 4.520937
-5.0565653 0.016061544 9.675084
0.0 9.0 0.0
0.0 12.0 0.0
0.0 12.0 0.0
-8.646675 9.164879 0.0
0.0 12.0 0.0
0.0 15.0 0.0
0.0 15.0 0.0
11.323028 12.001627 0.0
0.0 15.0 0.0
0.0 18.0 0.0
0.0 18.0 0.0
13.38176 14.183741 0.0
13.38176 14.183741 0.0
13.38176 14.933741 0.0
13.38176 14.183741 0.0
17.225128 4.073707 9.183153
17.225128 4.073707 9.183153
3.92482 8.408589 17.729885
17.225128 4.073707 9.183153
7.7367764 -0.8738451 18.500206
0.0 18.0 0.0
0.0 21.0 0.0
0.0 21.0 0.0
-15.440492 16.365854 0.0
0.0 21.0 0.0
0.0 24.0 0.0
0.0 24.0 0.0
17.499224 18.54797 0.0
0.0 24.0 0.0
0.0 27.0 0.0
