0.0 0.0 0.0
0.0 3.0 0.0
0.0 3.0 0.0
-3.0098786 1.9750015 0.0
0.0 3.0 0.0
0.0 6.0 0.0
0.0 6.0 0.0
5.5181108 3.620836 0.0
0.0 6.0 0.0
0.0 9.0 0.0
0.0 9.0 0.0
-8.360774 5.4861155 0.0
-8.360774 5.4861155 0.0
-6.663267 0.7365608 7.6698675
-8.360774 5.4861155 0.0
-7.604844 -0.4960208 6.990254
-7.604844 -0.4960208 6.990254
-7.604844 -0.3760208 6.990254
-7.604844 -0.4960208 6.990254
0.07803208 1.9489567 10.193172
0.0 9.0 0.0
0.0 12.0 0.0
0.0 12.0 0.0
-10.869006 7.13195 0.0
0.0 12.0 0.0
0.0 15.0 0.0
0.0 15.0 0.0
13.377238 8.777784 0.0
0.0 15.0 0.0
0.0 18.0 0.0
0.0 18.0 0.0
15.88547 10.423619 0.0
15.88547 10.423619 0.0
15.88547 11.173619 0.0
15.88547 10.423619 0.0
13.997723 -1.2386899 13.281483
13.997723 -1.2386899 13.281483
6.23715 16.648853 7.5542927
13.997723 -1.2386899 13.281483
-2.413008 2.5132022 18.989553
0.0 18.0 0.0
0.0 21.0 0.0
0.0 21.0 0.0
-18.059273 11.850009 0.0
0.0 21.0 0.0
0.0 24.0 0.0
0.0 24.0 0.0
20.567505 13.495844 0.0
0.0 24.0 0.0
0.0 27.0 0.0
