0.0 0.0 0.0
0.0 3.0 0.0
0.0 3.0 0.0
-1.1744927 3.823685 0.0
0.0 3.0 0.0
0.0 6.0 0.0
0.0 6.0 0.0
1.937913 6.30908 0.0
0.0 6.0 0.0
0.0 9.0 0.0
0.0 9.0 0.0
-2.8187826 9.176845 0.0
-2.8187826 9.176845 0.0
-7.269155 6.5608344 1.5823553
-2.8187826 9.176845 0.0
-5.7107315 9.415045 0.8276599
-5.7107315 9.415045 0.8276599
-5.7107315 9.535045 0.8276599
-5.7107315 9.415045 0.8276599
-8.190986 8.902388 2.4679809
0.0 9.0 0.0
0.0 12.0 0.0
0.0 12.0 0.0
-3.8171012 12.426976 0.0
0.0 12.0 0.0
0.0 15.0 0.0
0.0 15.0 0.0
4.697971 15.29474 0.0
0.0 15.0 0.0
0.0 18.0 0.0
0.0 18.0 0.0
5.725652 18.640465 0.0
5.725652 18.640465 0.0
5.725652 18.973799 0.0
5.725652 18.640465 0.0
10.881464 16.785288 1.6811842
10.881464 16.785288 1.6811842
16.515036 9.986319 7.499731
10.881464 16.785288 1.6811842
14.57617 13.709694 4.8021297
0.0 18.0 0.0
0.0 21.0 0.0
0.0 21.0 0.0
-6.342261 20.6479 0.0
0.0 21.0 0.0
0.0 24.0 0.0
0.0 24.0 0.0
7.22313 23.515663 0.0
0.0 24.0 0.0
0.0 27.0 0.0
