0.0 0.0 0.0
0.0 3.0 0.0
0.0 3.0 0.0
-1.6987611 3.1739895 0.0
0.0 3.0 0.0
0.0 6.0 0.0
0.0 6.0 0.0
3.3031466 6.1716466 0.0
0.0 6.0 0.0
0.0 9.0 0.0
0.0 9.0 0.0
-4.718781 8.816638 0.0
-4.718781 8.816638 0.0
-9.065202 2.8973265 3.9263828
-4.718781 8.816638 0.0
-8.111561 6.3391175 2.2266893
-8.111561 6.3391175 2.2266893
-8.111561 6.672451 2.2266893
-8.111561 6.3391175 2.2266893
-8.84215 3.591733 5.790859
0.0 9.0 0.0
0.0 12.0 0.0
0.0 12.0 0.0
-5.945664 11.108964 0.0
0.0 12.0 0.0
0.0 15.0 0.0
0.0 15.0 0.0
7.361298 13.753956 0.0
0.0 15.0 0.0
0.0 18.0 0.0
0.0 18.0 0.0
8.776933 16.398947 0.0
8.776933 16.398947 0.0
8.776933 17.148947 0.0
8.776933 16.398947 0.0
15.0327635 11.688485 4.141642
15.0327635 11.688485 4.141642
13.063137 2.8286881 14.805608
15.0327635 11.688485 4.141642
16.18571 6.2958264 10.745168
0.0 18.0 0.0
0.0 21.0 0.0
0.0 21.0 0.0
-10.381318 19.396603 0.0
0.0 21.0 0.0
0.0 24.0 0.0
0.0 24.0 0.0
11.796952 22.041595 0.0
0.0 24.0 0.0
0.0 27.0 0.0
