0.0 0.0 0.0
0.0 3.0 0.0
0.0 3.0 0.0
-1.4285897 3.736192 0.0
0.0 3.0 0.0
0.0 6.0 0.0
0.0 6.0 0.0
2.357173 6.1647167 0.0
0.0 6.0 0.0
0.0 9.0 0.0
0.0 9.0 0.0
-3.4286153 8.966861 0.0
-3.4286153 8.966861 0.0
-8.107368 5.2236776 2.2875233
-3.4286153 8.966861 0.0
-6.40806 7.7921457 1.2245212
-6.40806 7.7921457 1.2245212
-6.40806 8.542146 1.2245212
-6.40806 7.7921457 1.2245212
-8.500858 6.6978197 3.4323835
0.0 9.0 0.0
0.0 12.0 0.0
0.0 12.0 0.0
-4.6429167 12.142624 0.0
0.0 12.0 0.0
0.0 15.0 0.0
0.0 15.0 0.0
5.714359 14.944768 0.0
0.0 15.0 0.0
0.0 18.0 0.0
0.0 18.0 0.0
6.785801 17.746912 0.0
6.785801 17.746912 0.0
6.785801 17.866913 0.0
6.785801 17.746912 0.0
12.794228 15.713844 2.4235313
12.794228 15.713844 2.4235313
16.87904 6.9840913 10.341393
12.794228 15.713844 2.4235313
16.180244 11.278983 6.8331203
0.0 18.0 0.0
0.0 21.0 0.0
0.0 21.0 0.0
-7.7143846 20.175438 0.0
0.0 21.0 0.0
0.0 24.0 0.0
0.0 24.0 0.0
8.785827 22.977581 0.0
0.0 24.0 0.0
0.0 27.0 0.0
