0.0 0.0 0.0
0.0 3.0 0.0
0.0 3.0 0.0
-3.8471496 2.3344038 0.0
0.0 3.0 0.0
0.0 6.0 0.0
0.0 6.0 0.0
6.411916 3.890673 0.0
0.0 6.0 0.0
0.0 9.0 0.0
0.0 9.0 0.0
-8.2072525 4.9800615 0.0
-8.2072525 4.9800615 0.0
-6.83267 0.715631 7.2797723
-8.2072525 4.9800615 0.0
-6.9791565 -0.7451937 7.0165615
-6.9791565 -0.7451937 7.0165615
-6.9791565 0.00480628 7.0165615
-6.9791565 -0.7451937 7.0165615
0.5883705 2.424678 9.606522
0.0 9.0 0.0
0.0 12.0 0.0
0.0 12.0 0.0
-11.113988 6.743833 0.0
0.0 12.0 0.0
0.0 15.0 0.0
0.0 15.0 0.0
13.678754 8.300102 0.0
0.0 15.0 0.0
0.0 18.0 0.0
0.0 18.0 0.0
16.24352 9.856371 0.0
16.24352 9.856371 0.0
16.24352 10.189704 0.0
16.24352 9.856371 0.0
13.6526165 -1.5721297 13.886945
13.6526165 -1.5721297 13.886945
7.3113847 17.1883 5.697007
13.6526165 -1.5721297 13.886945
-2.546443 4.0575514 18.875866
0.0 18.0 0.0
0.0 21.0 0.0
0.0 21.0 0.0
-18.466318 11.205138 0.0
0.0 21.0 0.0
0.0 24.0 0.0
0.0 24.0 0.0
21.800514 13.228288 0.0
0.0 24.0 0.0
0.0 27.0 0.0
