0.0 0.0 0.0
0.0 3.0 0.0
0.0 3.0 0.0
-3.5817857 2.7241166 0.0
0.0 3.0 0.0
0.0 6.0 0.0
0.0 6.0 0.0
5.5716667 4.237515 0.0
0.0 6.0 0.0
0.0 9.0 0.0
0.0 9.0 0.0
-8.3575 6.356272 0.0
-8.3575 6.356272 0.0
-7.0427575 0.3643782 8.053907
-8.3575 6.356272 0.0
-9.315907 0.7289133 6.652172
-9.315907 0.7289133 6.652172
-9.315907 1.4789133 6.652172
-9.315907 0.7289133 6.652172
-1.2663937 0.53013873 11.441973
0.0 9.0 0.0
0.0 12.0 0.0
0.0 12.0 0.0
-10.347381 7.8696704 0.0
0.0 12.0 0.0
0.0 15.0 0.0
0.0 15.0 0.0
13.133214 9.988428 0.0
0.0 15.0 0.0
0.0 18.0 0.0
0.0 18.0 0.0
14.804714 11.259683 0.0
14.804714 11.259683 0.0
14.804714 12.009683 0.0
14.804714 11.259683 0.0
14.865076 0.045907974 11.783848
14.865076 0.045907974 11.783848
4.2531443 14.724923 11.177856
14.865076 0.045907974 11.783848
0.28366956 0.69400203 18.965355
0.0 18.0 0.0
0.0 21.0 0.0
0.0 21.0 0.0
-17.908928 13.620584 0.0
0.0 21.0 0.0
0.0 24.0 0.0
0.0 24.0 0.0
19.89881 15.133982 0.0
0.0 24.0 0.0
0.0 27.0 0.0
