0.0 0.0 0.0
0.0 3.0 0.0
0.0 3.0 0.0
-3.8434591 2.3404748 0.0
0.0 3.0 0.0
0.0 6.0 0.0
0.0 6.0 0.0
5.978714 3.6407387 0.0
0.0 6.0 0.0
0.0 9.0 0.0
0.0 9.0 0.0
-8.19938 4.9930134 0.0
-8.19938 4.9930134 0.0
-6.2699447 0.9967661 7.284709
-8.19938 4.9930134 0.0
-7.763708 -0.26530242 7.003107
-7.763708 -0.26530242 7.003107
-7.763708 0.48469758 7.003107
-7.763708 -0.26530242 7.003107
-0.04377401 2.3020525 10.273354
0.0 9.0 0.0
0.0 12.0 0.0
0.0 12.0 0.0
-10.761685 6.55333 0.0
0.0 12.0 0.0
0.0 15.0 0.0
0.0 15.0 0.0
14.092683 8.581741 0.0
0.0 15.0 0.0
0.0 18.0 0.0
0.0 18.0 0.0
16.227938 9.882006 0.0
16.227938 9.882006 0.0
16.227938 10.632006 0.0
16.227938 9.882006 0.0
13.342518 -1.7570767 13.860314
13.342518 -1.7570767 13.860314
7.0082736 17.13265 5.4924965
13.342518 -1.7570767 13.860314
-2.7673612 4.0502014 18.604698
0.0 18.0 0.0
0.0 21.0 0.0
0.0 21.0 0.0
-19.217295 11.702374 0.0
0.0 21.0 0.0
0.0 24.0 0.0
0.0 24.0 0.0
21.779602 13.2626915 0.0
0.0 24.0 0.0
0.0 27.0 0.0
