0.0 0.0 0.0
0.0 3.0 0.0
0.0 3.0 0.0
-3.3327274 2.2119966 0.0
0.0 3.0 0.0
0.0 6.0 0.0
0.0 6.0 0.0
5.832273 3.870994 0.0
0.0 6.0 0.0
0.0 9.0 0.0
0.0 9.0 0.0
-8.748409 5.806491 0.0
-8.748409 5.806491 0.0
-7.361419 0.5845752 8.061639
-8.748409 5.806491 0.0
-8.013105 -0.48803592 7.289016
-8.013105 -0.48803592 7.289016
-8.013105 -0.15470257 7.289016
-8.013105 -0.48803592 7.289016
0.814647 1.4298635 10.707193
0.0 9.0 0.0
0.0 12.0 0.0
0.0 12.0 0.0
-10.831364 7.1889887 0.0
0.0 12.0 0.0
0.0 15.0 0.0
0.0 15.0 0.0
13.33091 8.847986 0.0
0.0 15.0 0.0
0.0 18.0 0.0
0.0 18.0 0.0
15.830456 10.506984 0.0
15.830456 10.506984 0.0
15.830456 10.626984 0.0
15.830456 10.506984 0.0
14.095219 -1.1517115 13.189649
14.095219 -1.1517115 13.189649
6.476483 16.400719 7.866063
14.095219 -1.1517115 13.189649
-2.22636 2.356697 19.037745
0.0 18.0 0.0
0.0 21.0 0.0
0.0 21.0 0.0
-17.996729 11.944781 0.0
0.0 21.0 0.0
0.0 24.0 0.0
0.0 24.0 0.0
21.246138 14.101478 0.0
0.0 24.0 0.0
0.0 27.0 0.0
