0.0 0.0 0.0
0.0 3.0 0.0
0.0 3.0 0.0
-2.7107368 2.9414122 0.0
0.0 3.0 0.0
0.0 6.0 0.0
0.0 6.0 0.0
4.4727154 4.85333 0.0
0.0 6.0 0.0
0.0 9.0 0.0
0.0 9.0 0.0
-6.776842 7.3535304 0.0
-6.776842 7.3535304 0.0
-7.493676 0.058608413 6.7543044
-6.776842 7.3535304 0.0
-9.05452 2.4715006 4.592559
-9.05452 2.4715006 4.592559
-9.05452 2.804834 4.592559
-9.05452 2.4715006 4.592559
-5.298959 0.5174115 9.513257
0.0 9.0 0.0
0.0 12.0 0.0
0.0 12.0 0.0
-8.538821 9.265449 0.0
0.0 12.0 0.0
0.0 15.0 0.0
0.0 15.0 0.0
10.571874 11.471508 0.0
0.0 15.0 0.0
0.0 18.0 0.0
0.0 18.0 0.0
12.875999 13.971708 0.0
12.875999 13.971708 0.0
12.875999 14.305041 0.0
12.875999 13.971708 0.0
17.108711 4.592902 8.725862
17.108711 4.592902 8.725862
4.3147697 7.679827 17.762869
17.108711 4.592902 8.725862
8.693235 -0.4057455 18.010891
0.0 18.0 0.0
0.0 21.0 0.0
0.0 21.0 0.0
-14.637979 15.883626 0.0
0.0 21.0 0.0
0.0 24.0 0.0
0.0 24.0 0.0
17.280947 18.751503 0.0
0.0 24.0 0.0
0.0 27.0 0.0
