0.0 0.0 0.0
0.0 3.0 0.0
0.0 3.0 0.0
-1.3349582 4.2974277 0.0
0.0 3.0 0.0
0.0 6.0 0.0
0.0 6.0 0.0
2.2249303 7.1623797 0.0
0.0 6.0 0.0
0.0 9.0 0.0
0.0 9.0 0.0
-3.1149025 10.027331 0.0
-3.1149025 10.027331 0.0
-7.985302 7.0827947 1.7649227
-3.1149025 10.027331 0.0
-5.9934497 9.26647 0.9240588
-5.9934497 9.26647 0.9240588
-5.9934497 9.599803 0.9240588
-5.9934497 9.26647 0.9240588
-8.249827 8.187674 2.6604624
0.0 9.0 0.0
0.0 12.0 0.0
0.0 12.0 0.0
-3.737883 12.032798 0.0
0.0 12.0 0.0
0.0 15.0 0.0
0.0 15.0 0.0
4.894847 15.757236 0.0
0.0 15.0 0.0
0.0 18.0 0.0
0.0 18.0 0.0
5.784819 18.622187 0.0
5.784819 18.622187 0.0
5.784819 18.95552 0.0
5.784819 18.622187 0.0
11.096788 17.100016 1.7161093
11.096788 17.100016 1.7161093
16.846964 10.0783205 7.701563
11.096788 17.100016 1.7161093
15.151861 14.769989 4.930801
0.0 18.0 0.0
0.0 21.0 0.0
0.0 21.0 0.0
-6.4077997 20.627653 0.0
0.0 21.0 0.0
0.0 24.0 0.0
0.0 24.0 0.0
7.416435 23.8746 0.0
0.0 24.0 0.0
0.0 27.0 0.0
