0.0 0.0 0.0
0.0 3.0 0.0
0.0 3.0 0.0
-2.5069678 3.1169076 0.0
0.0 3.0 0.0
0.0 6.0 0.0
0.0 6.0 0.0
4.1364965 5.1428976 0.0
0.0 6.0 0.0
0.0 9.0 0.0
0.0 9.0 0.0
-6.5807905 8.181883 0.0
-6.5807905 8.181883 0.0
-8.619694 0.4475243 6.4277763
-6.5807905 8.181883 0.0
-9.750491 3.9408815 4.1244574
-9.750491 3.9408815 4.1244574
-9.750491 4.6908817 4.1244574
-9.750491 3.9408815 4.1244574
-7.3161955 1.0979025 9.32493
0.0 9.0 0.0
0.0 12.0 0.0
0.0 12.0 0.0
-8.147645 10.12995 0.0
0.0 12.0 0.0
0.0 15.0 0.0
0.0 15.0 0.0
10.341242 12.857244 0.0
0.0 15.0 0.0
0.0 18.0 0.0
0.0 18.0 0.0
12.221468 15.194924 0.0
12.221468 15.194924 0.0
12.221468 15.944924 0.0
12.221468 15.194924 0.0
17.570847 6.650871 7.6597066
17.570847 6.650871 7.6597066
6.0254383 5.125574 18.804451
17.570847 6.650871 7.6597066
11.723242 0.38939095 16.981035
0.0 18.0 0.0
0.0 21.0 0.0
0.0 21.0 0.0
-13.788322 17.142992 0.0
0.0 21.0 0.0
0.0 24.0 0.0
0.0 24.0 0.0
15.668549 19.480673 0.0
0.0 24.0 0.0
0.0 27.0 0.0
