0.0 0.0 0.0
0.0 3.0 0.0
0.0 3.0 0.0
-3.4898734 2.8409123 0.0
0.0 3.0 0.0
0.0 6.0 0.0
0.0 6.0 0.0
5.816456 4.7348537 0.0
0.0 6.0 0.0
0.0 9.0 0.0
0.0 9.0 0.0
-7.7552743 6.3131385 0.0
-7.7552743 6.3131385 0.0
-7.23547 0.107700944 7.5939837
-7.7552743 6.3131385 0.0
-8.452249 0.56736803 6.0144277
-8.452249 0.56736803 6.0144277
-8.452249 0.9007014 6.0144277
-8.452249 0.56736803 6.0144277
-1.6395705 0.4686038 10.351942
0.0 9.0 0.0
0.0 12.0 0.0
0.0 12.0 0.0
-10.081857 8.20708 0.0
0.0 12.0 0.0
0.0 15.0 0.0
0.0 15.0 0.0
12.098228 9.848496 0.0
0.0 15.0 0.0
0.0 18.0 0.0
0.0 18.0 0.0
15.122785 12.31062 0.0
15.122785 12.31062 0.0
15.122785 13.06062 0.0
15.122785 12.31062 0.0
16.350044 0.99904585 11.728134
16.350044 0.99904585 11.728134
4.715662 14.138717 13.630535
16.350044 0.99904585 11.728134
2.3246336 0.31082577 20.084042
0.0 18.0 0.0
0.0 21.0 0.0
0.0 21.0 0.0
-17.449368 14.204562 0.0
0.0 21.0 0.0
0.0 24.0 0.0
0.0 24.0 0.0
19.388186 15.782846 0.0
0.0 24.0 0.0
0.0 27.0 0.0
