0.0 0.0 0.0
0.0 3.0 0.0
0.0 3.0 0.0
-2.0759394 3.9925525 0.0
0.0 3.0 0.0
0.0 6.0 0.0
0.0 6.0 0.0
3.229239 6.2106376 0.0
0.0 6.0 0.0
0.0 9.0 0.0
0.0 9.0 0.0
-4.8438587 9.315956 0.0
-4.8438587 9.315956 0.0
-9.32223 3.1422446 3.9651694
-4.8438587 9.315956 0.0
-8.387436 6.815188 2.2345684
-8.387436 6.815188 2.2345684
-8.387436 7.565188 2.2345684
-8.387436 6.815188 2.2345684
-9.293151 3.976486 5.851876
0.0 9.0 0.0
0.0 12.0 0.0
0.0 12.0 0.0
-5.997158 11.53404 0.0
0.0 12.0 0.0
0.0 15.0 0.0
0.0 15.0 0.0
7.19659 13.840849 0.0
0.0 15.0 0.0
0.0 18.0 0.0
0.0 18.0 0.0
8.765078 16.857445 0.0
8.765078 16.857445 0.0
8.765078 17.607445 0.0
8.765078 16.857445 0.0
15.137724 12.256197 4.043504
15.137724 12.256197 4.043504
13.223875 2.700654 14.714158
15.137724 12.256197 4.043504
16.607182 6.8696375 10.570867
0.0 18.0 0.0
0.0 21.0 0.0
0.0 21.0 0.0
-10.149037 19.519146 0.0
0.0 21.0 0.0
0.0 24.0 0.0
0.0 24.0 0.0
11.763657 22.624464 0.0
0.0 24.0 0.0
0.0 27.0 0.0
