0.0 0.0 0.0
0.0 3.0 0.0
0.0 3.0 0.0
-3.8847227 2.2713275 0.0
0.0 3.0 0.0
0.0 6.0 0.0
0.0 6.0 0.0
6.474538 3.785546 0.0
0.0 6.0 0.0
0.0 9.0 0.0
0.0 9.0 0.0
-8.632717 5.0473948 0.0
-8.632717 5.0473948 0.0
-6.765806 1.0507436 7.523021
-8.632717 5.0473948 0.0
-7.851468 -0.4567821 7.4523807
-7.851468 -0.4567821 7.4523807
-7.851468 0.2932179 7.4523807
-7.851468 -0.4567821 7.4523807
0.34636998 2.6592517 10.539461
0.0 9.0 0.0
0.0 12.0 0.0
0.0 12.0 0.0
-10.877224 6.3597174 0.0
0.0 12.0 0.0
0.0 15.0 0.0
0.0 15.0 0.0
13.467039 7.8739357 0.0
0.0 15.0 0.0
0.0 18.0 0.0
0.0 18.0 0.0
16.056854 9.388154 0.0
16.056854 9.388154 0.0
16.056854 9.508154 0.0
16.056854 9.388154 0.0
13.058475 -1.753099 13.861428
13.058475 -1.753099 13.861428
8.19204 16.600378 4.581167
13.058475 -1.753099 13.861428
-3.7084382 4.0581155 18.269423
0.0 18.0 0.0
0.0 21.0 0.0
0.0 21.0 0.0
-18.991978 11.104268 0.0
0.0 21.0 0.0
0.0 24.0 0.0
0.0 24.0 0.0
22.013428 12.870856 0.0
0.0 24.0 0.0
0.0 27.0 0.0
