0.0 0.0 0.0
0.0 3.0 0.0
0.0 3.0 0.0
-2.2524557 3.8956954 0.0
0.0 3.0 0.0
0.0 6.0 0.0
0.0 6.0 0.0
3.3036017 5.7136865 0.0
0.0 6.0 0.0
0.0 9.0 0.0
0.0 9.0 0.0
-5.25573 9.089956 0.0
-5.25573 9.089956 0.0
-9.474939 2.4288754 4.554905
-5.25573 9.089956 0.0
-8.989412 6.4575243 2.6307333
-8.989412 6.4575243 2.6307333
-8.989412 6.577524 2.6307333
-8.989412 6.4575243 2.6307333
-9.129795 2.8735301 6.7770643
0.0 9.0 0.0
0.0 12.0 0.0
0.0 12.0 0.0
-6.5070944 11.254231 0.0
0.0 12.0 0.0
0.0 15.0 0.0
0.0 15.0 0.0
8.259005 14.284216 0.0
0.0 15.0 0.0
0.0 18.0 0.0
0.0 18.0 0.0
9.760642 16.881346 0.0
9.760642 16.881346 0.0
9.760642 17.21468 0.0
9.760642 16.881346 0.0
16.515856 11.683361 4.885648
16.515856 11.683361 4.885648
12.227927 2.4172127 16.751038
16.515856 11.683361 4.885648
16.409172 4.701135 12.496496
0.0 18.0 0.0
0.0 21.0 0.0
0.0 21.0 0.0
-10.811789 18.699339 0.0
0.0 21.0 0.0
0.0 24.0 0.0
0.0 24.0 0.0
12.513643 21.642752 0.0
0.0 24.0 0.0
0.0 27.0 0.0
