0.0 0.0 0.0
0.0 3.0 0.0
0.0 3.0 0.0
-1.7620984 4.140653 0.0
0.0 3.0 0.0
0.0 6.0 0.0
0.0 6.0 0.0
2.741042 6.441016 0.0
0.0 6.0 0.0
0.0 9.0 0.0
0.0 9.0 0.0
-4.1115627 9.661524 0.0
-4.1115627 9.661524 0.0
-9.025203 4.727614 2.9628584
-4.1115627 9.661524 0.0
-7.6559367 8.32872 1.6099951
-7.6559367 8.32872 1.6099951
-7.6559367 9.07872 1.6099951
-7.6559367 8.32872 1.6099951
-9.554852 6.072146 4.479321
0.0 9.0 0.0
0.0 12.0 0.0
0.0 12.0 0.0
-4.9338756 11.593829 0.0
0.0 12.0 0.0
0.0 15.0 0.0
0.0 15.0 0.0
6.108608 14.354265 0.0
0.0 15.0 0.0
0.0 18.0 0.0
0.0 18.0 0.0
7.28334 17.1147 0.0
7.28334 17.1147 0.0
7.28334 17.448034 0.0
7.28334 17.1147 0.0
13.2598715 14.043907 2.8519914
13.2598715 14.043907 2.8519914
15.609978 5.113125 11.532661
13.2598715 14.043907 2.8519914
15.933325 9.134186 7.8165126
0.0 18.0 0.0
0.0 21.0 0.0
0.0 21.0 0.0
-8.614703 20.243193 0.0
0.0 21.0 0.0
0.0 24.0 0.0
0.0 24.0 0.0
9.789435 23.00363 0.0
0.0 24.0 0.0
0.0 27.0 0.0
