0.0 0.0 0.0
0.0 3.0 0.0
0.0 3.0 0.0
-3.0853434 2.5457134 0.0
0.0 3.0 0.0
0.0 6.0 0.0
0.0 6.0 0.0
5.785019 4.7732124 0.0
0.0 6.0 0.0
0.0 9.0 0.0
0.0 9.0 0.0
-7.7133584 6.3642836 0.0
-7.7133584 6.3642836 0.0
-6.644481 0.2067622 7.572975
-7.7133584 6.3642836 0.0
-8.496028 0.6457801 5.9495897
-8.496028 0.6457801 5.9495897
-8.496028 0.97911346 5.9495897
-8.496028 0.6457801 5.9495897
-1.7900355 0.41648287 10.339779
0.0 9.0 0.0
0.0 12.0 0.0
0.0 12.0 0.0
-10.4130335 8.591783 0.0
0.0 12.0 0.0
0.0 15.0 0.0
0.0 15.0 0.0
12.341373 10.182854 0.0
0.0 15.0 0.0
0.0 18.0 0.0
0.0 18.0 0.0
14.346847 11.837567 0.0
14.346847 11.837567 0.0
14.346847 12.1709 0.0
14.346847 11.837567 0.0
15.404604 0.8727536 11.0662365
15.404604 0.8727536 11.0662365
3.8031888 13.310397 13.022563
15.404604 0.8727536 11.0662365
2.6372714 0.53192455 18.92499
0.0 18.0 0.0
0.0 21.0 0.0
0.0 21.0 0.0
-16.660854 13.746853 0.0
0.0 21.0 0.0
0.0 24.0 0.0
0.0 24.0 0.0
19.283396 15.910709 0.0
0.0 24.0 0.0
0.0 27.0 0.0
