0.0 0.0 0.0
0.0 3.0 0.0
0.0 3.0 0.0
-3.4444427 2.0336702 0.0
0.0 3.0 0.0
0.0 6.0 0.0
0.0 6.0 0.0
6.45833 3.8131316 0.0
0.0 6.0 0.0
0.0 9.0 0.0
0.0 9.0 0.0
-9.041662 5.338384 0.0
-9.041662 5.338384 0.0
-7.440558 0.88323855 7.9169483
-9.041662 5.338384 0.0
-8.22577 -0.48171926 7.785872
-8.22577 -0.48171926 7.785872
-8.22577 -0.36171925 7.785872
-8.22577 -0.48171926 7.785872
0.40556556 2.689753 11.041773
0.0 9.0 0.0
0.0 12.0 0.0
0.0 12.0 0.0
-11.194439 6.609428 0.0
0.0 12.0 0.0
0.0 15.0 0.0
0.0 15.0 0.0
13.433327 7.931314 0.0
0.0 15.0 0.0
0.0 18.0 0.0
0.0 18.0 0.0
16.791658 9.914143 0.0
16.791658 9.914143 0.0
16.791658 10.664143 0.0
16.791658 9.914143 0.0
13.39429 -2.005877 14.459476
13.39429 -2.005877 14.459476
8.140857 17.357498 4.7438803
13.39429 -2.005877 14.459476
-3.303761 4.600602 18.885418
0.0 18.0 0.0
0.0 21.0 0.0
0.0 21.0 0.0
-18.944435 11.185186 0.0
0.0 21.0 0.0
0.0 24.0 0.0
0.0 24.0 0.0
21.183323 12.5070715 0.0
0.0 24.0 0.0
0.0 27.0 0.0
