0.0 0.0 0.0
0.0 3.0 0.0
0.0 3.0 0.0
-2.464167 3.1508539 0.0
0.0 3.0 0.0
0.0 6.0 0.0
0.0 6.0 0.0
4.620313 5.907851 0.0
0.0 6.0 0.0
0.0 9.0 0.0
0.0 9.0 0.0
-6.1604176 7.877135 0.0
-6.1604176 7.877135 0.0
-8.730642 0.63819396 5.978863
-6.1604176 7.877135 0.0
-9.599199 4.3970637 3.7950747
-9.599199 4.3970637 3.7950747
-9.599199 4.730397 3.7950747
-9.599199 4.3970637 3.7950747
-7.7474537 1.4273059 8.902939
0.0 9.0 0.0
0.0 12.0 0.0
0.0 12.0 0.0
-8.316564 10.634131 0.0
0.0 12.0 0.0
0.0 15.0 0.0
0.0 15.0 0.0
9.610252 12.28833 0.0
0.0 15.0 0.0
0.0 18.0 0.0
0.0 18.0 0.0
11.704794 14.966556 0.0
11.704794 14.966556 0.0
11.704794 15.716556 0.0
11.704794 14.966556 0.0
17.406824 7.291008 7.210642
17.406824 7.291008 7.210642
6.517031 4.506675 18.631483
17.406824 7.291008 7.210642
12.717364 1.214376 16.40325
0.0 18.0 0.0
0.0 21.0 0.0
0.0 21.0 0.0
-13.86094 17.723553 0.0
0.0 21.0 0.0
0.0 24.0 0.0
0.0 24.0 0.0
15.401045 19.692837 0.0
0.0 24.0 0.0
0.0 27.0 0.0
