0.0 0.0 0.0
0.0 3.0 0.0
0.0 3.0 0.0
-2.0959873 2.926916 0.0
0.0 3.0 0.0
0.0 6.0 0.0
0.0 6.0 0.0
4.36664 6.0977416 0.0
0.0 6.0 0.0
0.0 9.0 0.0
0.0 9.0 0.0
-5.5892997 7.8051095 0.0
-5.5892997 7.8051095 0.0
-8.679011 1.0510119 5.2915306
-5.5892997 7.8051095 0.0
-8.588259 4.1878595 3.2541947
-8.588259 4.1878595 3.2541947
-8.588259 4.9378595 3.2541947
-8.588259 4.1878595 3.2541947
-7.157078 1.2556391 7.6460104
0.0 9.0 0.0
0.0 12.0 0.0
0.0 12.0 0.0
-7.5688434 10.569419 0.0
0.0 12.0 0.0
0.0 15.0 0.0
0.0 15.0 0.0
9.082612 12.683303 0.0
0.0 15.0 0.0
0.0 18.0 0.0
0.0 18.0 0.0
11.062156 15.447612 0.0
11.062156 15.447612 0.0
11.062156 15.780945 0.0
11.062156 15.447612 0.0
16.65554 7.810815 6.440594
16.65554 7.810815 6.440594
7.868463 3.4515378 17.842365
16.65554 7.810815 6.440594
12.857866 1.1373777 14.9335785
0.0 18.0 0.0
0.0 21.0 0.0
0.0 21.0 0.0
-13.099921 18.293224 0.0
0.0 21.0 0.0
0.0 24.0 0.0
0.0 24.0 0.0
14.32258 20.000593 0.0
0.0 24.0 0.0
0.0 27.0 0.0
