0.0 0.0 0.0
0.0 3.0 0.0
0.0 3.0 0.0
-1.8906401 3.5249794 0.0
0.0 3.0 0.0
0.0 6.0 0.0
0.0 6.0 0.0
3.5449502 6.6093364 0.0
0.0 6.0 0.0
0.0 9.0 0.0
0.0 9.0 0.0
-4.5375366 8.45995 0.0
-4.5375366 8.45995 0.0
-9.060975 3.0037487 3.780033
-4.5375366 8.45995 0.0
-7.9951572 6.446516 2.1447122
-7.9951572 6.446516 2.1447122
-7.9951572 6.566516 2.1447122
-7.9951572 6.446516 2.1447122
-8.64625 3.3586342 5.669008
0.0 9.0 0.0
0.0 12.0 0.0
0.0 12.0 0.0
-5.955517 11.103685 0.0
0.0 12.0 0.0
0.0 15.0 0.0
0.0 15.0 0.0
7.5625606 14.099917 0.0
0.0 15.0 0.0
0.0 18.0 0.0
0.0 18.0 0.0
8.791477 16.391155 0.0
8.791477 16.391155 0.0
8.791477 16.511156 0.0
8.791477 16.391155 0.0
14.858435 11.311461 4.15538
14.858435 11.311461 4.15538
12.155012 2.3601966 14.676638
14.858435 11.311461 4.15538
15.438183 5.2362847 10.6848955
0.0 18.0 0.0
0.0 21.0 0.0
0.0 21.0 0.0
-10.6348505 19.828009 0.0
0.0 21.0 0.0
0.0 24.0 0.0
0.0 24.0 0.0
11.816501 22.03112 0.0
0.0 24.0 0.0
0.0 27.0 0.0
