0.0 0.0 0.0
0.0 3.0 0.0
0.0 3.0 0.0
-1.9300716 3.038885 0.0
0.0 3.0 0.0
0.0 6.0 0.0
0.0 6.0 0.0
3.7529173 5.9089437 0.0
0.0 6.0 0.0
0.0 9.0 0.0
0.0 9.0 0.0
-5.36131 8.441348 0.0
-5.36131 8.441348 0.0
-8.911225 1.6673393 4.852702
-5.36131 8.441348 0.0
-8.882074 5.543419 2.8743646
-8.882074 5.543419 2.8743646
-8.882074 6.293419 2.8743646
-8.882074 5.543419 2.8743646
-8.804396 2.75206 7.188307
0.0 9.0 0.0
0.0 12.0 0.0
0.0 12.0 0.0
-6.755251 10.636099 0.0
0.0 12.0 0.0
0.0 15.0 0.0
0.0 15.0 0.0
8.846162 13.928225 0.0
0.0 15.0 0.0
0.0 18.0 0.0
0.0 18.0 0.0
10.454555 16.460629 0.0
10.454555 16.460629 0.0
10.454555 16.793962 0.0
10.454555 16.460629 0.0
16.596268 9.670086 5.605011
16.596268 9.670086 5.605011
9.704039 2.3678396 17.404682
16.596268 9.670086 5.605011
14.795365 2.7695012 13.629158
0.0 18.0 0.0
0.0 21.0 0.0
0.0 21.0 0.0
-11.794883 18.570965 0.0
0.0 21.0 0.0
0.0 24.0 0.0
0.0 24.0 0.0
13.671341 21.525438 0.0
0.0 24.0 0.0
0.0 27.0 0.0
