0.0 0.0 0.0
0.0 3.0 0.0
0.0 3.0 0.0
-2.0119233 2.9853246 0.0
0.0 3.0 0.0
0.0 6.0 0.0
0.0 6.0 0.0
4.191507 6.2194266 0.0
0.0 6.0 0.0
0.0 9.0 0.0
0.0 9.0 0.0
-5.5886755 8.292569 0.0
-5.5886755 8.292569 0.0
-8.782567 1.2933325 5.180085
-5.5886755 8.292569 0.0
-9.036463 5.115885 3.1233294
-9.036463 5.115885 3.1233294
-9.036463 5.4492183 3.1233294
-9.036463 5.115885 3.1233294
-8.463989 2.2738855 7.6402283
0.0 9.0 0.0
0.0 12.0 0.0
0.0 12.0 0.0
-7.544712 11.194968 0.0
0.0 12.0 0.0
0.0 15.0 0.0
0.0 15.0 0.0
8.718334 12.936408 0.0
0.0 15.0 0.0
0.0 18.0 0.0
0.0 18.0 0.0
10.897918 16.17051 0.0
10.897918 16.17051 0.0
10.897918 16.92051 0.0
10.897918 16.17051 0.0
16.866632 8.856478 6.0904927
16.866632 8.856478 6.0904927
8.775196 2.8139522 17.919476
16.866632 8.856478 6.0904927
14.060938 1.9273586 14.476797
0.0 18.0 0.0
0.0 21.0 0.0
0.0 21.0 0.0
-12.295087 18.243652 0.0
0.0 21.0 0.0
0.0 24.0 0.0
0.0 24.0 0.0
14.251123 21.146051 0.0
0.0 24.0 0.0
0.0 27.0 0.0
