0.0 0.0 0.0
0.0 3.0 0.0
0.0 3.0 0.0
-2.2568436 3.302523 0.0
0.0 3.0 0.0
0.0 6.0 0.0
0.0 6.0 0.0
4.2315817 6.19223 0.0
0.0 6.0 0.0
0.0 9.0 0.0
0.0 9.0 0.0
-5.642109 8.256308 0.0
-5.642109 8.256308 0.0
-8.7474375 1.2110277 5.2565255
-5.642109 8.256308 0.0
-9.350649 5.4268446 3.1833394
-9.350649 5.4268446 3.1833394
-9.350649 6.1768446 3.1833394
-9.350649 5.4268446 3.1833394
-8.291537 1.6335015 7.9040003
0.0 9.0 0.0
0.0 12.0 0.0
0.0 12.0 0.0
-7.616847 11.146015 0.0
0.0 12.0 0.0
0.0 15.0 0.0
0.0 15.0 0.0
9.30948 13.622907 0.0
0.0 15.0 0.0
0.0 18.0 0.0
0.0 18.0 0.0
10.494323 15.356731 0.0
10.494323 15.356731 0.0
10.494323 15.690064 0.0
10.494323 15.356731 0.0
16.664375 9.028867 5.9210114
16.664375 9.028867 5.9210114
9.30617 3.0514312 17.67682
16.664375 9.028867 5.9210114
14.259751 2.4022365 14.290791
0.0 18.0 0.0
0.0 21.0 0.0
0.0 21.0 0.0
-12.186955 17.833624 0.0
0.0 21.0 0.0
0.0 24.0 0.0
0.0 24.0 0.0
14.387378 21.053583 0.0
0.0 24.0 0.0
0.0 27.0 0.0
