0.0 0.0 0.0
0.0 3.0 0.0
0.0 3.0 0.0
-1.9445796 4.0581536 0.0
0.0 3.0 0.0
0.0 6.0 0.0
0.0 6.0 0.0
3.2409658 6.7635894 0.0
0.0 6.0 0.0
0.0 9.0 0.0
0.0 9.0 0.0
-4.1484365 8.657394 0.0
-4.1484365 8.657394 0.0
-8.9605255 3.8682628 3.2332823
-4.1484365 8.657394 0.0
-7.7630796 7.543418 1.7926588
-7.7630796 7.543418 1.7926588
-7.7630796 7.663418 1.7926588
-7.7630796 7.543418 1.7926588
-9.306698 5.0140452 4.9712915
0.0 9.0 0.0
0.0 12.0 0.0
0.0 12.0 0.0
-5.6176744 11.723555 0.0
0.0 12.0 0.0
0.0 15.0 0.0
0.0 15.0 0.0
7.130125 14.879896 0.0
0.0 15.0 0.0
0.0 18.0 0.0
0.0 18.0 0.0
8.210447 17.134426 0.0
8.210447 17.134426 0.0
8.210447 17.254427 0.0
8.210447 17.134426 0.0
14.340823 12.793514 3.5479705
14.340823 12.793514 3.5479705
13.961568 3.243102 13.400114
14.340823 12.793514 3.5479705
16.067968 7.1523595 9.396685
0.0 18.0 0.0
0.0 21.0 0.0
0.0 21.0 0.0
-9.3339815 19.479137 0.0
0.0 21.0 0.0
0.0 24.0 0.0
0.0 24.0 0.0
10.630368 22.184572 0.0
0.0 24.0 0.0
0.0 27.0 0.0
