0.0 0.0 0.0
0.0 3.0 0.0
0.0 3.0 0.0
-2.092756 2.929227 0.0
0.0 3.0 0.0
0.0 6.0 0.0
0.0 6.0 0.0
4.3599086 6.1025567 0.0
0.0 6.0 0.0
0.0 9.0 0.0
0.0 9.0 0.0
-6.103872 8.543579 0.0
-6.103872 8.543579 0.0
-8.837131 0.9364941 5.7743363
-6.103872 8.543579 0.0
-9.35652 4.5527267 3.5483096
-9.35652 4.5527267 3.5483096
-9.35652 5.3027267 3.5483096
-9.35652 4.5527267 3.5483096
-7.744177 1.2915163 8.326311
0.0 9.0 0.0
0.0 12.0 0.0
0.0 12.0 0.0
-7.3246465 10.2522955 0.0
0.0 12.0 0.0
0.0 15.0 0.0
0.0 15.0 0.0
9.301138 13.018787 0.0
0.0 15.0 0.0
0.0 18.0 0.0
0.0 18.0 0.0
11.335762 15.866647 0.0
11.335762 15.866647 0.0
11.335762 15.986647 0.0
11.335762 15.866647 0.0
17.600618 8.768908 6.589718
17.600618 8.768908 6.589718
8.237535 3.3816514 18.786333
17.600618 8.768908 6.589718
14.214662 1.8504014 15.593494
0.0 18.0 0.0
0.0 21.0 0.0
0.0 21.0 0.0
-12.789064 17.900833 0.0
0.0 21.0 0.0
0.0 24.0 0.0
0.0 24.0 0.0
14.8236885 20.748692 0.0
0.0 24.0 0.0
0.0 27.0 0.0
