0.0 0.0 0.0
0.0 3.0 0.0
0.0 3.0 0.0
-2.2086442 3.33495 0.0
0.0 3.0 0.0
0.0 6.0 0.0
0.0 6.0 0.0
4.1412077 6.2530313 0.0
0.0 6.0 0.0
0.0 9.0 0.0
0.0 9.0 0.0
-5.5216103 8.337375 0.0
-5.5216103 8.337375 0.0
-9.207735 1.5623295 5.083828
-5.5216103 8.337375 0.0
-8.993906 5.2430058 3.048818
-8.993906 5.2430058 3.048818
-8.993906 5.5763392 3.048818
-8.993906 5.2430058 3.048818
-8.295426 1.9941466 7.5079985
0.0 9.0 0.0
0.0 12.0 0.0
0.0 12.0 0.0
-6.957229 10.505093 0.0
0.0 12.0 0.0
0.0 15.0 0.0
0.0 15.0 0.0
8.613712 13.006305 0.0
0.0 15.0 0.0
0.0 18.0 0.0
0.0 18.0 0.0
10.491059 15.841012 0.0
10.491059 15.841012 0.0
10.491059 16.174345 0.0
10.491059 15.841012 0.0
16.370613 8.8778515 5.792754
16.370613 8.8778515 5.792754
8.892547 2.6232457 17.333208
16.370613 8.8778515 5.792754
13.946075 2.1318135 13.868852
0.0 18.0 0.0
0.0 21.0 0.0
0.0 21.0 0.0
-12.147543 18.342224 0.0
0.0 21.0 0.0
0.0 24.0 0.0
0.0 24.0 0.0
13.583161 20.509943 0.0
0.0 24.0 0.0
0.0 27.0 0.0
