0.0 0.0 0.0
0.0 3.0 0.0
0.0 3.0 0.0
-2.5176227 3.1083076 0.0
0.0 3.0 0.0
0.0 6.0 0.0
0.0 6.0 0.0
4.7205424 5.828077 0.0
0.0 6.0 0.0
0.0 9.0 0.0
0.0 9.0 0.0
-6.6087594 8.1593075 0.0
-6.6087594 8.1593075 0.0
-8.592532 0.42120874 6.4646435
-6.6087594 8.1593075 0.0
-9.7556095 3.8851647 4.1595907
-9.7556095 3.8851647 4.1595907
-9.7556095 4.218498 4.1595907
-9.7556095 3.8851647 4.1595907
-6.931219 0.6725414 9.372558
0.0 9.0 0.0
0.0 12.0 0.0
0.0 12.0 0.0
-8.182274 10.101999 0.0
0.0 12.0 0.0
0.0 15.0 0.0
0.0 15.0 0.0
10.385194 12.821769 0.0
0.0 15.0 0.0
0.0 18.0 0.0
0.0 18.0 0.0
12.273411 15.153 0.0
12.273411 15.153 0.0
12.273411 15.273 0.0
12.273411 15.153 0.0
17.892773 6.937778 7.7249546
17.892773 6.937778 7.7249546
6.72253 5.3532085 19.107038
17.892773 6.937778 7.7249546
12.022358 0.4772215 17.264698
0.0 18.0 0.0
0.0 21.0 0.0
0.0 21.0 0.0
-13.595163 16.78486 0.0
0.0 21.0 0.0
0.0 24.0 0.0
0.0 24.0 0.0
16.049845 19.81546 0.0
0.0 24.0 0.0
0.0 27.0 0.0
