0.0 0.0 0.0
0.0 3.0 0.0
0.0 3.0 0.0
-3.2545536 3.1077132 0.0
0.0 3.0 0.0
0.0 6.0 0.0
0.0 6.0 0.0
5.424256 5.179522 0.0
0.0 6.0 0.0
0.0 9.0 0.0
0.0 9.0 0.0
-6.943048 6.629789 0.0
-6.943048 6.629789 0.0
-6.970486 -0.0012671947 6.935655
-6.943048 6.629789 0.0
-8.829489 1.801327 5.021449
-8.829489 1.801327 5.021449
-8.829489 2.1346602 5.021449
-8.829489 1.801327 5.021449
-3.7290337 0.1511184 9.853615
0.0 9.0 0.0
0.0 12.0 0.0
0.0 12.0 0.0
-9.76366 9.32314 0.0
0.0 12.0 0.0
0.0 15.0 0.0
0.0 15.0 0.0
11.282453 10.773406 0.0
0.0 15.0 0.0
0.0 18.0 0.0
0.0 18.0 0.0
13.452155 12.845215 0.0
13.452155 12.845215 0.0
13.452155 13.178548 0.0
13.452155 12.845215 0.0
16.4291 2.8426304 9.729057
16.4291 2.8426304 9.729057
3.4428182 10.328821 15.962754
16.4291 2.8426304 9.729057
6.1169605 -0.11781597 18.601002
0.0 18.0 0.0
0.0 21.0 0.0
0.0 21.0 0.0
-16.272768 15.538567 0.0
0.0 21.0 0.0
0.0 24.0 0.0
0.0 24.0 0.0
18.080853 17.265074 0.0
0.0 24.0 0.0
0.0 27.0 0.0
