0.0 0.0 0.0
0.0 3.0 0.0
0.0 3.0 0.0
-1.8708607 3.0756915 0.0
0.0 3.0 0.0
0.0 6.0 0.0
0.0 6.0 0.0
3.6377847 5.9805117 0.0
0.0 6.0 0.0
0.0 9.0 0.0
0.0 9.0 0.0
-5.456677 8.970767 0.0
-5.456677 8.970767 0.0
-9.785889 2.241936 4.845488
-5.456677 8.970767 0.0
-8.956757 5.7541256 2.835745
-8.956757 5.7541256 2.835745
-8.956757 5.8741255 2.835745
-8.956757 5.7541256 2.835745
-9.048586 2.9867127 7.0774226
0.0 9.0 0.0
0.0 12.0 0.0
0.0 12.0 0.0
-6.755886 11.106665 0.0
0.0 12.0 0.0
0.0 15.0 0.0
0.0 15.0 0.0
8.574779 14.09692 0.0
0.0 15.0 0.0
0.0 18.0 0.0
0.0 18.0 0.0
10.133829 16.659996 0.0
10.133829 16.659996 0.0
10.133829 16.779997 0.0
10.133829 16.659996 0.0
16.36671 10.246849 5.266384
16.36671 10.246849 5.266384
11.075647 2.5263405 16.955305
16.36671 10.246849 5.266384
15.245209 3.4226418 13.004892
0.0 18.0 0.0
0.0 21.0 0.0
0.0 21.0 0.0
-11.69288 19.223072 0.0
0.0 21.0 0.0
0.0 24.0 0.0
0.0 24.0 0.0
12.992088 21.35897 0.0
0.0 24.0 0.0
0.0 27.0 0.0
