0.0 0.0 0.0
0.0 3.0 0.0
0.0 3.0 0.0
-2.1186419 2.9105594 0.0
0.0 3.0 0.0
0.0 6.0 0.0
0.0 6.0 0.0
4.4138374 6.0636654 0.0
0.0 6.0 0.0
0.0 9.0 0.0
0.0 9.0 0.0
-5.8851166 8.0848875 0.0
-5.8851166 8.0848875 0.0
-8.963148 0.99400353 5.600336
-5.8851166 8.0848875 0.0
-9.193392 4.5448613 3.4634597
-9.193392 4.5448613 3.4634597
-9.193392 5.2948613 3.4634597
-9.193392 4.5448613 3.4634597
-7.9188375 1.7124953 8.210587
0.0 9.0 0.0
0.0 12.0 0.0
0.0 12.0 0.0
-7.944907 10.9145975 0.0
0.0 12.0 0.0
0.0 15.0 0.0
0.0 15.0 0.0
9.180782 12.612425 0.0
0.0 15.0 0.0
0.0 18.0 0.0
0.0 18.0 0.0
10.946317 15.03789 0.0
10.946317 15.03789 0.0
10.946317 15.78789 0.0
10.946317 15.03789 0.0
16.887846 8.162386 6.4420347
16.887846 8.162386 6.4420347
7.592568 3.4402657 18.050333
16.887846 8.162386 6.4420347
13.130423 1.2801409 15.147007
0.0 18.0 0.0
0.0 21.0 0.0
0.0 21.0 0.0
-12.947256 17.786753 0.0
0.0 21.0 0.0
0.0 24.0 0.0
0.0 24.0 0.0
14.712791 20.212217 0.0
0.0 24.0 0.0
0.0 27.0 0.0
