0.0 0.0 0.0
0.0 3.0 0.0
0.0 3.0 0.0
-1.9298513 3.0390248 0.0
0.0 3.0 0.0
0.0 6.0 0.0
0.0 6.0 0.0
3.7524886 5.9092155 0.0
0.0 6.0 0.0
0.0 9.0 0.0
0.0 9.0 0.0
-5.1462703 8.104067 0.0
-5.1462703 8.104067 0.0
-8.374048 1.5166074 4.6577454
-5.1462703 8.104067 0.0
-8.333369 5.0188713 2.7587602
-8.333369 5.0188713 2.7587602
-8.333369 5.7688713 2.7587602
-8.333369 5.0188713 2.7587602
-7.9166985 2.1026099 6.79614
0.0 9.0 0.0
0.0 12.0 0.0
0.0 12.0 0.0
-6.9689074 10.9742565 0.0
0.0 12.0 0.0
0.0 15.0 0.0
0.0 15.0 0.0
8.577117 13.506778 0.0
0.0 15.0 0.0
0.0 18.0 0.0
0.0 18.0 0.0
9.970899 15.70163 0.0
9.970899 15.70163 0.0
9.970899 16.45163 0.0
9.970899 15.70163 0.0
16.326826 10.008972 5.3450975
16.326826 10.008972 5.3450975
10.062796 2.4018729 17.050001
16.326826 10.008972 5.3450975
14.903272 3.1033635 13.264509
0.0 18.0 0.0
0.0 21.0 0.0
0.0 21.0 0.0
-12.061571 18.993906 0.0
0.0 21.0 0.0
0.0 24.0 0.0
0.0 24.0 0.0
13.66978 21.526426 0.0
0.0 24.0 0.0
0.0 27.0 0.0
