0.0 0.0 0.0
0.0 3.0 0.0
0.0 3.0 0.0
-2.7975013 2.8590186 0.0
0.0 3.0 0.0
0.0 6.0 0.0
0.0 6.0 0.0
4.615877 4.7173805 0.0
0.0 6.0 0.0
0.0 9.0 0.0
0.0 9.0 0.0
-6.7140036 6.8616447 0.0
-6.7140036 6.8616447 0.0
-6.983169 0.005855292 6.7124157
-6.7140036 6.8616447 0.0
-8.928251 2.2629392 4.6956086
-8.928251 2.2629392 4.6956086
-8.928251 2.382939 4.6956086
-8.928251 2.2629392 4.6956086
-4.495983 0.16587472 9.600407
0.0 9.0 0.0
0.0 12.0 0.0
0.0 12.0 0.0
-8.812129 9.005909 0.0
0.0 12.0 0.0
0.0 15.0 0.0
0.0 15.0 0.0
11.190005 11.436074 0.0
0.0 15.0 0.0
0.0 18.0 0.0
0.0 18.0 0.0
13.288132 13.5803385 0.0
13.288132 13.5803385 0.0
13.288132 14.3303385 0.0
13.288132 13.5803385 0.0
17.33538 4.1362467 9.293391
17.33538 4.1362467 9.293391
4.691222 9.018336 17.533396
17.33538 4.1362467 9.293391
8.152454 -0.09146929 18.766432
0.0 18.0 0.0
0.0 21.0 0.0
0.0 21.0 0.0
-15.386257 15.724602 0.0
0.0 21.0 0.0
0.0 24.0 0.0
0.0 24.0 0.0
17.484383 17.868866 0.0
0.0 24.0 0.0
0.0 27.0 0.0
