0.0 0.0 0.0
0.0 3.0 0.0
0.0 3.0 0.0
-1.3702043 3.3290448 0.0
0.0 3.0 0.0
0.0 6.0 0.0
0.0 6.0 0.0
2.5120413 6.103249 0.0
0.0 6.0 0.0
0.0 9.0 0.0
0.0 9.0 0.0
-3.9964292 9.709715 0.0
-3.9964292 9.709715 0.0
-9.085735 5.135127 2.8132095
-3.9964292 9.709715 0.0
-7.684039 8.959408 1.5210901
-7.684039 8.959408 1.5210901
-7.684039 9.079408 1.5210901
-7.684039 8.959408 1.5210901
-9.826187 6.725648 4.331245
0.0 9.0 0.0
0.0 12.0 0.0
0.0 12.0 0.0
-4.7957153 11.651658 0.0
0.0 12.0 0.0
0.0 15.0 0.0
0.0 15.0 0.0
6.280103 15.258122 0.0
0.0 15.0 0.0
0.0 18.0 0.0
0.0 18.0 0.0
7.4219403 18.032328 0.0
7.4219403 18.032328 0.0
7.4219403 18.782328 0.0
7.4219403 18.032328 0.0
13.781 15.449955 2.8248818
13.781 15.449955 2.8248818
16.500046 5.568408 11.707295
13.781 15.449955 2.8248818
17.051401 10.7706375 7.857485
0.0 18.0 0.0
0.0 21.0 0.0
0.0 21.0 0.0
-8.221226 19.97427 0.0
0.0 21.0 0.0
0.0 24.0 0.0
0.0 24.0 0.0
9.363063 22.748474 0.0
0.0 24.0 0.0
0.0 27.0 0.0
