0.0 0.0 0.0
0.0 3.0 0.0
0.0 3.0 0.0
-2.0388215 4.011634 0.0
0.0 3.0 0.0
0.0 6.0 0.0
0.0 6.0 0.0
3.3980358 6.6860566 0.0
0.0 6.0 0.0
0.0 9.0 0.0
0.0 9.0 0.0
-4.5307145 8.9147415 0.0
-4.5307145 8.9147415 0.0
-9.381424 3.539554 3.659925
-4.5307145 8.9147415 0.0
-8.092764 7.0087743 2.0527375
-8.092764 7.0087743 2.0527375
-8.092764 7.342108 2.0527375
-8.092764 7.0087743 2.0527375
-9.230974 4.292309 5.496563
0.0 9.0 0.0
0.0 12.0 0.0
0.0 12.0 0.0
-5.7087 11.232575 0.0
0.0 12.0 0.0
0.0 15.0 0.0
0.0 15.0 0.0
7.475679 14.709324 0.0
0.0 15.0 0.0
0.0 18.0 0.0
0.0 18.0 0.0
8.427129 16.58142 0.0
8.427129 16.58142 0.0
8.427129 16.701422 0.0
8.427129 16.58142 0.0
14.481672 11.913063 3.8180914
14.481672 11.913063 3.8180914
13.106367 2.8145332 13.948922
14.481672 11.913063 3.8180914
16.043907 6.891984 9.964962
0.0 18.0 0.0
0.0 21.0 0.0
0.0 21.0 0.0
-9.786344 19.255842 0.0
0.0 21.0 0.0
0.0 24.0 0.0
0.0 24.0 0.0
11.553322 22.732592 0.0
0.0 24.0 0.0
0.0 27.0 0.0
