0.0 0.0 0.0
0.0 3.0 0.0
0.0 3.0 0.0
-2.504818 3.1186354 0.0
0.0 3.0 0.0
0.0 6.0 0.0
0.0 6.0 0.0
4.6965337 5.847441 0.0
0.0 6.0 0.0
0.0 9.0 0.0
0.0 9.0 0.0
-6.0115633 7.4847255 0.0
-6.0115633 7.4847255 0.0
-8.320602 0.51015604 5.8700013
-6.0115633 7.4847255 0.0
-8.716928 3.368327 3.764468
-8.716928 3.368327 3.764468
-8.716928 3.7016602 3.764468
-8.716928 3.368327 3.764468
-6.1962957 0.62614393 8.3935795
0.0 9.0 0.0
0.0 12.0 0.0
0.0 12.0 0.0
-7.890177 9.823702 0.0
0.0 12.0 0.0
0.0 15.0 0.0
0.0 15.0 0.0
10.332375 12.864371 0.0
0.0 15.0 0.0
0.0 18.0 0.0
0.0 18.0 0.0
11.647404 14.501655 0.0
11.647404 14.501655 0.0
11.647404 14.834988 0.0
11.647404 14.501655 0.0
17.100391 6.789268 7.2936563
17.100391 6.789268 7.2936563
6.0060024 4.8424773 18.27121
17.100391 6.789268 7.2936563
12.024606 0.9740238 16.394905
0.0 18.0 0.0
0.0 21.0 0.0
0.0 21.0 0.0
-14.0896015 17.542324 0.0
0.0 21.0 0.0
0.0 24.0 0.0
0.0 24.0 0.0
15.968214 19.8813 0.0
0.0 24.0 0.0
0.0 27.0 0.0
