0.0 0.0 0.0
0.0 3.0 0.0
0.0 3.0 0.0
-1.6477488 3.2007692 0.0
0.0 3.0 0.0
0.0 6.0 0.0
0.0 6.0 0.0
3.2039561 6.223718 0.0
0.0 6.0 0.0
0.0 9.0 0.0
0.0 9.0 0.0
-4.8059344 9.335577 0.0
-4.8059344 9.335577 0.0
-9.830973 3.5871544 3.9115443
-4.8059344 9.335577 0.0
-8.758638 7.6781673 2.199715
-8.758638 7.6781673 2.199715
-8.758638 8.428167 2.199715
-8.758638 7.6781673 2.199715
-10.229481 5.0568433 5.964671
0.0 9.0 0.0
0.0 12.0 0.0
0.0 12.0 0.0
-5.7671213 11.202693 0.0
0.0 12.0 0.0
0.0 15.0 0.0
0.0 15.0 0.0
7.3233285 14.225641 0.0
0.0 15.0 0.0
0.0 18.0 0.0
0.0 18.0 0.0
8.51337 16.537308 0.0
8.51337 16.537308 0.0
8.51337 17.287308 0.0
8.51337 16.537308 0.0
14.985668 12.572506 3.8966377
14.985668 12.572506 3.8966377
14.059221 3.2352872 14.46079
14.985668 12.572506 3.8966377
16.289648 6.429633 10.323571
0.0 18.0 0.0
0.0 21.0 0.0
0.0 21.0 0.0
-10.069576 19.560257 0.0
0.0 21.0 0.0
0.0 24.0 0.0
0.0 24.0 0.0
11.671555 22.672115 0.0
0.0 24.0 0.0
0.0 27.0 0.0
