0.0 0.0 0.0
0.0 3.0 0.0
0.0 3.0 0.0
-3.628863 2.6610813 0.0
0.0 3.0 0.0
0.0 6.0 0.0
0.0 6.0 0.0
5.644898 4.1394596 0.0
0.0 6.0 0.0
0.0 9.0 0.0
0.0 9.0 0.0
-7.741575 5.6769733 0.0
-7.741575 5.6769733 0.0
-6.8292775 0.28754234 7.383512
-7.741575 5.6769733 0.0
-7.76904 0.020140886 6.242914
-7.76904 0.020140886 6.242914
-7.76904 0.35347423 6.242914
-7.76904 0.020140886 6.242914
-0.56237805 0.95819736 9.956819
0.0 9.0 0.0
0.0 12.0 0.0
0.0 12.0 0.0
-10.160817 7.451028 0.0
0.0 12.0 0.0
0.0 15.0 0.0
0.0 15.0 0.0
12.580059 9.225081 0.0
0.0 15.0 0.0
0.0 18.0 0.0
0.0 18.0 0.0
14.999301 10.999136 0.0
14.999301 10.999136 0.0
14.999301 11.119136 0.0
14.999301 10.999136 0.0
15.32468 0.23860359 12.095647
15.32468 0.23860359 12.095647
5.3981557 15.224337 10.979847
15.32468 0.23860359 12.095647
0.992921 1.5860252 19.510815
0.0 18.0 0.0
0.0 21.0 0.0
0.0 21.0 0.0
-18.144316 13.305407 0.0
0.0 21.0 0.0
0.0 24.0 0.0
0.0 24.0 0.0
20.16035 14.783785 0.0
0.0 24.0 0.0
0.0 27.0 0.0
