0.0 0.0 0.0
0.0 3.0 0.0
0.0 3.0 0.0
-3.5062592 2.8206642 0.0
0.0 3.0 0.0
0.0 6.0 0.0
0.0 6.0 0.0
5.454181 4.3876996 0.0
0.0 6.0 0.0
0.0 9.0 0.0
0.0 9.0 0.0
-7.791687 6.2681427 0.0
-7.791687 6.2681427 0.0
-7.2127595 0.12695754 7.610827
-7.791687 6.2681427 0.0
-8.4127655 0.49963593 6.0710387
-8.4127655 0.49963593 6.0710387
-8.4127655 1.2496359 6.0710387
-8.4127655 0.49963593 6.0710387
-1.8983371 0.830407 10.360377
0.0 9.0 0.0
0.0 12.0 0.0
0.0 12.0 0.0
-10.129193 8.148585 0.0
0.0 12.0 0.0
0.0 15.0 0.0
0.0 15.0 0.0
12.4667 10.029028 0.0
0.0 15.0 0.0
0.0 18.0 0.0
0.0 18.0 0.0
14.804206 11.909471 0.0
14.804206 11.909471 0.0
14.804206 12.659471 0.0
14.804206 11.909471 0.0
15.563503 0.6108279 11.534974
15.563503 0.6108279 11.534974
4.049903 14.059883 12.731364
15.563503 0.6108279 11.534974
1.7363336 0.4114952 19.35688
0.0 18.0 0.0
0.0 21.0 0.0
0.0 21.0 0.0
-17.141712 13.789913 0.0
0.0 21.0 0.0
0.0 24.0 0.0
0.0 24.0 0.0
19.868803 15.983764 0.0
0.0 24.0 0.0
0.0 27.0 0.0
