0.0 0.0 0.0
0.0 3.0 0.0
0.0 3.0 0.0
-3.325639 2.222639 0.0
0.0 3.0 0.0
0.0 6.0 0.0
0.0 6.0 0.0
5.819868 3.8896184 0.0
0.0 6.0 0.0
0.0 9.0 0.0
0.0 9.0 0.0
-8.729802 5.834428 0.0
-8.729802 5.834428 0.0
-6.7787848 0.8076451 8.066005
-8.729802 5.834428 0.0
-8.3776045 -0.23538566 7.258043
-8.3776045 -0.23538566 7.258043
-8.3776045 -0.11538566 7.258043
-8.3776045 -0.23538566 7.258043
-0.28498584 1.8494668 10.998224
0.0 9.0 0.0
0.0 12.0 0.0
0.0 12.0 0.0
-11.224031 7.5014067 0.0
0.0 12.0 0.0
0.0 15.0 0.0
0.0 15.0 0.0
13.302556 8.890556 0.0
0.0 15.0 0.0
0.0 18.0 0.0
0.0 18.0 0.0
16.21249 10.835365 0.0
16.21249 10.835365 0.0
16.21249 10.955365 0.0
16.21249 10.835365 0.0
15.261476 -0.6355958 13.479222
15.261476 -0.6355958 13.479222
6.716959 17.01632 8.945431
15.261476 -0.6355958 13.479222
-1.2120751 2.4693801 20.178402
0.0 18.0 0.0
0.0 21.0 0.0
0.0 21.0 0.0
-17.95845 12.002252 0.0
0.0 21.0 0.0
0.0 24.0 0.0
0.0 24.0 0.0
21.200949 14.169324 0.0
0.0 24.0 0.0
0.0 27.0 0.0
