0.0 0.0 0.0
0.0 3.0 0.0
0.0 3.0 0.0
-2.9623394 2.6878514 0.0
0.0 3.0 0.0
0.0 6.0 0.0
0.0 6.0 0.0
4.88786 4.4349546 0.0
0.0 6.0 0.0
0.0 9.0 0.0
0.0 9.0 0.0
-7.776141 7.05561 0.0
-7.776141 7.05561 0.0
-7.214883 0.054661155 7.7395234
-7.776141 7.05561 0.0
-9.477056 1.5433095 5.7588925
-9.477056 1.5433095 5.7588925
-9.477056 1.8766428 5.7588925
-9.477056 1.5433095 5.7588925
-3.296863 0.15135145 10.888326
0.0 9.0 0.0
0.0 12.0 0.0
0.0 12.0 0.0
-9.331369 8.466732 0.0
0.0 12.0 0.0
0.0 15.0 0.0
0.0 15.0 0.0
11.553123 10.482621 0.0
0.0 15.0 0.0
0.0 18.0 0.0
0.0 18.0 0.0
14.071112 12.767294 0.0
14.071112 12.767294 0.0
14.071112 12.887294 0.0
14.071112 12.767294 0.0
16.919727 2.5846663 10.420852
16.919727 2.5846663 10.420852
4.4832935 11.632042 15.829939
16.919727 2.5846663 10.420852
4.812459 -0.5645671 19.532919
0.0 18.0 0.0
0.0 21.0 0.0
0.0 21.0 0.0
-16.663158 15.119164 0.0
0.0 21.0 0.0
0.0 24.0 0.0
0.0 24.0 0.0
18.514622 16.799072 0.0
0.0 24.0 0.0
0.0 27.0 0.0
