0.0 0.0 0.0
0.0 3.0 0.0
0.0 3.0 0.0
-1.6382451 3.6491303 0.0
0.0 3.0 0.0
0.0 6.0 0.0
0.0 6.0 0.0
2.7031045 6.0210648 0.0
0.0 6.0 0.0
0.0 9.0 0.0
0.0 9.0 0.0
-3.9317884 8.757914 0.0
-3.9317884 8.757914 0.0
-8.370431 3.9471114 2.9381125
-3.9317884 8.757914 0.0
-7.4735126 7.88906 1.6103083
-7.4735126 7.88906 1.6103083
-7.4735126 8.222393 1.6103083
-7.4735126 7.88906 1.6103083
-9.258848 5.587078 4.5299177
0.0 9.0 0.0
0.0 12.0 0.0
0.0 12.0 0.0
-5.1604724 11.4947605 0.0
0.0 12.0 0.0
0.0 15.0 0.0
0.0 15.0 0.0
6.389156 14.231608 0.0
0.0 15.0 0.0
0.0 18.0 0.0
0.0 18.0 0.0
7.986445 17.78951 0.0
7.986445 17.78951 0.0
7.986445 18.122845 0.0
7.986445 17.78951 0.0
14.547031 14.613464 3.2709386
14.547031 14.613464 3.2709386
15.9688015 4.5352654 13.044179
14.547031 14.613464 3.2709386
17.484217 9.813413 8.941921
0.0 18.0 0.0
0.0 21.0 0.0
0.0 21.0 0.0
-8.846523 19.705305 0.0
0.0 21.0 0.0
0.0 24.0 0.0
0.0 24.0 0.0
10.443812 23.263206 0.0
0.0 24.0 0.0
0.0 27.0 0.0
