0.0 0.0 0.0
0.0 3.0 0.0
0.0 3.0 0.0
-2.7371953 2.3383245 0.0
0.0 3.0 0.0
0.0 6.0 0.0
0.0 6.0 0.0
5.0181913 4.2869287 0.0
0.0 6.0 0.0
0.0 9.0 0.0
0.0 9.0 0.0
-7.9834867 6.8201137 0.0
-7.9834867 6.8201137 0.0
-7.049725 0.1476754 7.885481
-7.9834867 6.8201137 0.0
-9.009945 0.87687993 6.070101
-9.009945 0.87687993 6.070101
-9.009945 1.2102133 6.070101
-9.009945 0.87687993 6.070101
-2.610679 0.60335064 10.79329
0.0 9.0 0.0
0.0 12.0 0.0
0.0 12.0 0.0
-9.580184 8.184136 0.0
0.0 12.0 0.0
0.0 15.0 0.0
0.0 15.0 0.0
12.165313 10.392554 0.0
0.0 15.0 0.0
0.0 18.0 0.0
0.0 18.0 0.0
14.446309 12.341158 0.0
14.446309 12.341158 0.0
14.446309 12.461158 0.0
14.446309 12.341158 0.0
16.238539 1.5310616 10.983992
16.238539 1.5310616 10.983992
3.9324923 12.930206 14.32339
16.238539 1.5310616 10.983992
3.7310002 0.29908013 19.481165
0.0 18.0 0.0
0.0 21.0 0.0
0.0 21.0 0.0
-16.727304 14.2897625 0.0
0.0 21.0 0.0
0.0 24.0 0.0
0.0 24.0 0.0
19.388468 16.563133 0.0
0.0 24.0 0.0
0.0 27.0 0.0
