0.0 0.0 0.0
0.0 3.0 0.0
0.0 3.0 0.0
-3.814265 2.3877566 0.0
0.0 3.0 0.0
0.0 6.0 0.0
0.0 6.0 0.0
5.9333014 3.7142882 0.0
0.0 6.0 0.0
0.0 9.0 0.0
0.0 9.0 0.0
-8.137099 5.093881 0.0
-8.137099 5.093881 0.0
-6.4350595 0.82669735 7.319401
-8.137099 5.093881 0.0
-7.1172137 -0.6384554 6.897123
-7.1172137 -0.6384554 6.897123
-7.1172137 -0.5184554 6.897123
-7.1172137 -0.6384554 6.897123
0.3679077 2.2113845 9.692353
0.0 9.0 0.0
0.0 12.0 0.0
0.0 12.0 0.0
-11.018988 6.8979635 0.0
0.0 12.0 0.0
0.0 15.0 0.0
0.0 15.0 0.0
13.222786 8.277556 0.0
0.0 15.0 0.0
0.0 18.0 0.0
0.0 18.0 0.0
16.528482 10.346946 0.0
16.528482 10.346946 0.0
16.528482 10.466946 0.0
16.528482 10.346946 0.0
14.695232 -1.1476274 14.009781
14.695232 -1.1476274 14.009781
7.9531784 17.28446 7.0976253
14.695232 -1.1476274 14.009781
-1.864853 3.6430516 19.889658
0.0 18.0 0.0
0.0 21.0 0.0
0.0 21.0 0.0
-18.647518 11.673477 0.0
0.0 21.0 0.0
0.0 24.0 0.0
0.0 24.0 0.0
21.614168 13.530621 0.0
0.0 24.0 0.0
0.0 27.0 0.0
