0.0 0.0 0.0
0.0 3.0 0.0
0.0 3.0 0.0
-3.2964716 2.2656734 0.0
0.0 3.0 0.0
0.0 6.0 0.0
0.0 6.0 0.0
6.1808844 4.2481375 0.0
0.0 6.0 0.0
0.0 9.0 0.0
0.0 9.0 0.0
-8.2411785 5.6641836 0.0
-8.2411785 5.6641836 0.0
-6.6574607 0.60787916 7.6938896
-8.2411785 5.6641836 0.0
-8.548147 0.21097994 6.7917027
-8.548147 0.21097994 6.7917027
-8.548147 0.33097994 6.7917027
-8.548147 0.21097994 6.7917027
-0.57015395 1.3084074 10.891626
0.0 9.0 0.0
0.0 12.0 0.0
0.0 12.0 0.0
-10.383885 7.1368713 0.0
0.0 12.0 0.0
0.0 15.0 0.0
0.0 15.0 0.0
13.597945 9.345902 0.0
0.0 15.0 0.0
0.0 18.0 0.0
0.0 18.0 0.0
15.65824 10.761949 0.0
15.65824 10.761949 0.0
15.65824 11.511949 0.0
15.65824 10.761949 0.0
15.128921 -0.36380386 12.904236
15.128921 -0.36380386 12.904236
6.2312546 16.31943 9.500113
15.128921 -0.36380386 12.904236
-0.23347229 2.345625 19.77721
0.0 18.0 0.0
0.0 21.0 0.0
0.0 21.0 0.0
-18.130594 12.461204 0.0
0.0 21.0 0.0
0.0 24.0 0.0
0.0 24.0 0.0
20.602947 14.160459 0.0
0.0 24.0 0.0
0.0 27.0 0.0
