0.0 0.0 0.0
0.0 3.0 0.0
0.0 3.0 0.0
-3.1647658 2.4462743 0.0
0.0 3.0 0.0
0.0 6.0 0.0
0.0 6.0 0.0
5.933936 4.5867643 0.0
0.0 6.0 0.0
0.0 9.0 0.0
0.0 9.0 0.0
-7.911915 6.1156855 0.0
-7.911915 6.1156855 0.0
-7.146478 0.19929552 7.656642
-7.911915 6.1156855 0.0
-8.589053 0.5234084 6.2598395
-8.589053 0.5234084 6.2598395
-8.589053 0.6434084 6.2598395
-8.589053 0.5234084 6.2598395
-1.388817 0.6942613 10.623907
0.0 9.0 0.0
0.0 12.0 0.0
0.0 12.0 0.0
-10.681085 8.256176 0.0
0.0 12.0 0.0
0.0 15.0 0.0
0.0 15.0 0.0
12.659063 9.785097 0.0
0.0 15.0 0.0
0.0 18.0 0.0
0.0 18.0 0.0
15.428233 11.925587 0.0
15.428233 11.925587 0.0
15.428233 12.045587 0.0
15.428233 11.925587 0.0
15.680546 0.19502926 12.206686
15.680546 0.19502926 12.206686
4.2768445 15.175851 12.098932
15.680546 0.19502926 12.206686
1.2994472 1.0905037 19.87154
0.0 18.0 0.0
0.0 21.0 0.0
0.0 21.0 0.0
-17.406212 13.454509 0.0
0.0 21.0 0.0
0.0 24.0 0.0
0.0 24.0 0.0
19.46331 15.044587 0.0
0.0 24.0 0.0
0.0 27.0 0.0
