0.0 0.0 0.0
0.0 3.0 0.0
0.0 3.0 0.0
-1.9772965 4.0423136 0.0
0.0 3.0 0.0
0.0 6.0 0.0
0.0 6.0 0.0
2.9000347 5.928726 0.0
0.0 6.0 0.0
0.0 9.0 0.0
0.0 9.0 0.0
-4.613692 9.432065 0.0
-4.613692 9.432065 0.0
-9.447508 3.758809 3.6421292
-4.613692 9.432065 0.0
-8.30676 7.549975 2.0272524
-8.30676 7.549975 2.0272524
-8.30676 7.8833084 2.0272524
-8.30676 7.549975 2.0272524
-9.659637 4.793027 5.4710484
0.0 9.0 0.0
0.0 12.0 0.0
0.0 12.0 0.0
-5.9318895 12.126941 0.0
0.0 12.0 0.0
0.0 15.0 0.0
0.0 15.0 0.0
7.0303874 14.37267 0.0
0.0 15.0 0.0
0.0 18.0 0.0
0.0 18.0 0.0
8.568285 17.516691 0.0
8.568285 17.516691 0.0
8.568285 17.850025 0.0
8.568285 17.516691 0.0
15.269911 13.700562 3.7648976
15.269911 13.700562 3.7648976
15.008181 3.5613742 14.365442
15.269911 13.700562 3.7648976
17.295101 7.9051223 10.091563
0.0 18.0 0.0
0.0 21.0 0.0
0.0 21.0 0.0
-9.886482 20.211567 0.0
0.0 21.0 0.0
0.0 24.0 0.0
0.0 24.0 0.0
11.2046795 22.906443 0.0
0.0 24.0 0.0
0.0 27.0 0.0
