0.0 0.0 0.0
0.0 3.0 0.0
0.0 3.0 0.0
-2.7412136 3.568718 0.0
0.0 3.0 0.0
0.0 6.0 0.0
0.0 6.0 0.0
4.26411 5.551339 0.0
0.0 6.0 0.0
0.0 9.0 0.0
0.0 9.0 0.0
-5.8479223 7.6132655 0.0
-5.8479223 7.6132655 0.0
-8.469272 0.6995759 5.6501718
-5.8479223 7.6132655 0.0
-9.229334 4.4021754 3.5623121
-9.229334 4.4021754 3.5623121
-9.229334 5.1521754 3.5623121
-9.229334 4.4021754 3.5623121
-7.3744226 1.1474493 8.447214
0.0 9.0 0.0
0.0 12.0 0.0
0.0 12.0 0.0
-8.22364 10.706154 0.0
0.0 12.0 0.0
0.0 15.0 0.0
0.0 15.0 0.0
9.746537 12.688775 0.0
0.0 15.0 0.0
0.0 18.0 0.0
0.0 18.0 0.0
11.574013 15.067921 0.0
11.574013 15.067921 0.0
11.574013 15.187921 0.0
11.574013 15.067921 0.0
17.067108 7.1513233 7.0504093
17.067108 7.1513233 7.0504093
7.0124006 4.3670464 18.307936
17.067108 7.1513233 7.0504093
12.049732 0.51841164 15.987891
0.0 18.0 0.0
0.0 21.0 0.0
0.0 21.0 0.0
-13.401488 17.447065 0.0
0.0 21.0 0.0
0.0 24.0 0.0
0.0 24.0 0.0
15.533544 20.222734 0.0
0.0 24.0 0.0
0.0 27.0 0.0
