0.0 0.0 0.0
0.0 3.0 0.0
0.0 3.0 0.0
-2.416451 3.7961514 0.0
0.0 3.0 0.0
0.0 6.0 0.0
0.0 6.0 0.0
3.544128 5.5676885 0.0
0.0 6.0 0.0
0.0 9.0 0.0
0.0 9.0 0.0
-5.369891 8.435892 0.0
-5.369891 8.435892 0.0
-8.907012 1.6525583 4.865102
-5.369891 8.435892 0.0
-8.888415 5.527466 2.883573
-8.888415 5.527466 2.883573
-8.888415 5.8607993 2.883573
-8.888415 5.527466 2.883573
-8.3095045 1.9741273 7.205533
0.0 9.0 0.0
0.0 12.0 0.0
0.0 12.0 0.0
-6.9808583 10.96666 0.0
0.0 12.0 0.0
0.0 15.0 0.0
0.0 15.0 0.0
8.5918255 13.497427 0.0
0.0 15.0 0.0
0.0 18.0 0.0
0.0 18.0 0.0
10.471288 16.44999 0.0
10.471288 16.44999 0.0
10.471288 17.19999 0.0
10.471288 16.44999 0.0
16.82227 9.977148 5.6229672
16.82227 9.977148 5.6229672
10.005654 2.4382157 17.621035
16.82227 9.977148 5.6229672
15.318861 3.261169 13.77685
0.0 18.0 0.0
0.0 21.0 0.0
0.0 21.0 0.0
-12.082254 18.980757 0.0
0.0 21.0 0.0
0.0 24.0 0.0
0.0 24.0 0.0
13.693222 21.511524 0.0
0.0 24.0 0.0
0.0 27.0 0.0
