0.0 0.0 0.0
0.0 3.0 0.0
0.0 3.0 0.0
-3.0890896 1.8486547 0.0
0.0 3.0 0.0
0.0 6.0 0.0
0.0 6.0 0.0
5.663331 3.3892004 0.0
0.0 6.0 0.0
0.0 9.0 0.0
0.0 9.0 0.0
-9.009845 5.39191 0.0
-9.009845 5.39191 0.0
-7.425102 0.84985566 7.9401493
-9.009845 5.39191 0.0
-7.517418 -0.8931377 7.7311716
-7.517418 -0.8931377 7.7311716
-7.517418 -0.7731377 7.7311716
-7.517418 -0.8931377 7.7311716
1.3326195 2.4348977 10.420624
0.0 9.0 0.0
0.0 12.0 0.0
0.0 12.0 0.0
-11.584086 6.9324555 0.0
0.0 12.0 0.0
0.0 15.0 0.0
0.0 15.0 0.0
14.158327 8.4730015 0.0
0.0 15.0 0.0
0.0 18.0 0.0
0.0 18.0 0.0
15.960297 9.551384 0.0
15.960297 9.551384 0.0
15.960297 9.671384 0.0
15.960297 9.551384 0.0
13.262632 -1.6144066 13.695218
13.262632 -1.6144066 13.695218
7.5372725 16.765577 5.215606
13.262632 -1.6144066 13.695218
-3.0645072 3.924299 18.413109
0.0 18.0 0.0
0.0 21.0 0.0
0.0 21.0 0.0
-19.30681 11.554092 0.0
0.0 21.0 0.0
0.0 24.0 0.0
0.0 24.0 0.0
21.881052 13.094639 0.0
0.0 24.0 0.0
0.0 27.0 0.0
