0.0 0.0 0.0
0.0 3.0 0.0
0.0 3.0 0.0
-1.86709 3.5375097 0.0
0.0 3.0 0.0
0.0 6.0 0.0
0.0 6.0 0.0
3.2674074 6.190642 0.0
0.0 6.0 0.0
0.0 9.0 0.0
0.0 9.0 0.0
-4.667725 8.843774 0.0
-4.667725 8.843774 0.0
-8.886631 2.883342 3.8537023
-4.667725 8.843774 0.0
-8.058831 6.4250097 2.1787658
-8.058831 6.4250097 2.1787658
-8.058831 7.1750097 2.1787658
-8.058831 6.4250097 2.1787658
-8.682681 3.3607516 5.688492
0.0 9.0 0.0
0.0 12.0 0.0
0.0 12.0 0.0
-6.301429 11.9390955 0.0
0.0 12.0 0.0
0.0 15.0 0.0
0.0 15.0 0.0
7.281651 13.7962885 0.0
0.0 15.0 0.0
0.0 18.0 0.0
0.0 18.0 0.0
8.681969 16.44942 0.0
8.681969 16.44942 0.0
8.681969 17.19942 0.0
8.681969 16.44942 0.0
14.748572 11.49418 4.052504
14.748572 11.49418 4.052504
12.572596 2.5653682 14.463124
14.748572 11.49418 4.052504
15.927644 6.2864494 10.468171
0.0 18.0 0.0
0.0 21.0 0.0
0.0 21.0 0.0
-10.502381 19.898493 0.0
0.0 21.0 0.0
0.0 24.0 0.0
0.0 24.0 0.0
11.9026985 22.551624 0.0
0.0 24.0 0.0
0.0 27.0 0.0
