0.0 0.0 0.0
0.0 3.0 0.0
0.0 3.0 0.0
-1.9506 3.0257492 0.0
0.0 3.0 0.0
0.0 6.0 0.0
0.0 6.0 0.0
3.7928333 5.8834014 0.0
0.0 6.0 0.0
0.0 9.0 0.0
0.0 9.0 0.0
-5.68925 8.825102 0.0
-5.68925 8.825102 0.0
-9.31119 1.6416843 5.1818066
-5.68925 8.825102 0.0
-9.613464 6.087199 3.0826254
-9.613464 6.087199 3.0826254
-9.613464 6.207199 3.0826254
-9.613464 6.087199 3.0826254
-9.498271 2.903938 7.799799
0.0 9.0 0.0
0.0 12.0 0.0
0.0 12.0 0.0
-7.31475 11.3465605 0.0
0.0 12.0 0.0
0.0 15.0 0.0
0.0 15.0 0.0
8.4526005 13.111581 0.0
0.0 15.0 0.0
0.0 18.0 0.0
0.0 18.0 0.0
10.0781 15.6330385 0.0
10.0781 15.6330385 0.0
10.0781 15.966372 0.0
10.0781 15.6330385 0.0
15.914938 9.054039 5.460651
15.914938 9.054039 5.460651
9.014914 2.3331375 16.749771
15.914938 9.054039 5.460651
13.986658 2.4695253 13.212845
0.0 18.0 0.0
0.0 21.0 0.0
0.0 21.0 0.0
-11.7036 18.154497 0.0
0.0 21.0 0.0
0.0 24.0 0.0
0.0 24.0 0.0
13.329101 20.675955 0.0
0.0 24.0 0.0
0.0 27.0 0.0
