0.0 0.0 0.0
0.0 3.0 0.0
0.0 3.0 0.0
-3.733368 2.5123625 0.0
0.0 3.0 0.0
0.0 6.0 0.0
0.0 6.0 0.0
6.2222795 4.1872706 0.0
0.0 6.0 0.0
0.0 9.0 0.0
0.0 9.0 0.0
-8.296373 5.583028 0.0
-8.296373 5.583028 0.0
-7.0434046 0.50936365 7.6855745
-8.296373 5.583028 0.0
-8.047522 -0.1674645 6.882981
-8.047522 -0.1674645 6.882981
-8.047522 0.16586885 6.882981
-8.047522 -0.1674645 6.882981
0.32084376 1.2515063 10.519312
0.0 9.0 0.0
0.0 12.0 0.0
0.0 12.0 0.0
-10.45343 7.034615 0.0
0.0 12.0 0.0
0.0 15.0 0.0
0.0 15.0 0.0
12.942342 8.709523 0.0
0.0 15.0 0.0
0.0 18.0 0.0
0.0 18.0 0.0
15.431253 10.384432 0.0
15.431253 10.384432 0.0
15.431253 11.134432 0.0
15.431253 10.384432 0.0
14.254902 -0.79162407 12.802343
14.254902 -0.79162407 12.802343
6.449491 15.975442 8.3841095
14.254902 -0.79162407 12.802343
-0.89892596 2.6046054 18.973982
0.0 18.0 0.0
0.0 21.0 0.0
0.0 21.0 0.0
-17.920166 12.05934 0.0
0.0 21.0 0.0
0.0 24.0 0.0
0.0 24.0 0.0
21.15575 14.23672 0.0
0.0 24.0 0.0
0.0 27.0 0.0
