0.0 0.0 0.0
0.0 3.0 0.0
0.0 3.0 0.0
-3.2256207 2.3654535 0.0
0.0 3.0 0.0
0.0 6.0 0.0
0.0 6.0 0.0
5.6448364 4.1395435 0.0
0.0 6.0 0.0
0.0 9.0 0.0
0.0 9.0 0.0
-8.467255 6.2093153 0.0
-8.467255 6.2093153 0.0
-6.801625 0.5249274 8.075704
-8.467255 6.2093153 0.0
-9.17792 0.52115536 6.828038
-9.17792 0.52115536 6.828038
-9.17792 0.64115536 6.828038
-9.17792 0.52115536 6.828038
-1.583342 1.2586849 11.438974
0.0 9.0 0.0
0.0 12.0 0.0
0.0 12.0 0.0
-10.160706 7.4511786 0.0
0.0 12.0 0.0
0.0 15.0 0.0
0.0 15.0 0.0
12.579921 9.225268 0.0
0.0 15.0 0.0
0.0 18.0 0.0
0.0 18.0 0.0
15.321698 11.235904 0.0
15.321698 11.235904 0.0
15.321698 11.569237 0.0
15.321698 11.235904 0.0
15.225256 -0.07072306 12.355497
15.225256 -0.07072306 12.355497
5.565492 15.399796 10.807396
15.225256 -0.07072306 12.355497
0.5849391 1.6192734 19.584314
0.0 18.0 0.0
0.0 21.0 0.0
0.0 21.0 0.0
-17.418352 12.773449 0.0
0.0 21.0 0.0
0.0 24.0 0.0
0.0 24.0 0.0
20.16013 14.784084 0.0
0.0 24.0 0.0
0.0 27.0 0.0
