0.0 0.0 0.0
0.0 3.0 0.0
0.0 3.0 0.0
-1.3962151 3.31822 0.0
0.0 3.0 0.0
0.0 6.0 0.0
0.0 6.0 0.0
2.9087815 6.912958 0.0
0.0 6.0 0.0
0.0 9.0 0.0
0.0 9.0 0.0
-3.7232404 8.848587 0.0
-3.7232404 8.848587 0.0
-8.232225 4.4093585 2.6619725
-3.7232404 8.848587 0.0
-6.827715 7.3780394 1.4440124
-6.827715 7.3780394 1.4440124
-6.827715 7.711373 1.4440124
-6.827715 7.3780394 1.4440124
-8.727735 5.9595647 3.9790306
0.0 9.0 0.0
0.0 12.0 0.0
0.0 12.0 0.0
-4.886753 11.6137705 0.0
0.0 12.0 0.0
0.0 15.0 0.0
0.0 15.0 0.0
6.050266 14.378954 0.0
0.0 15.0 0.0
0.0 18.0 0.0
0.0 18.0 0.0
7.213778 17.144136 0.0
7.213778 17.144136 0.0
7.213778 17.264137 0.0
7.213778 17.144136 0.0
13.165673 14.145169 2.7977738
13.165673 14.145169 2.7977738
15.686712 5.2631106 11.369049
13.165673 14.145169 2.7977738
16.252954 10.13495 7.684928
0.0 18.0 0.0
0.0 21.0 0.0
0.0 21.0 0.0
-8.532426 20.278011 0.0
0.0 21.0 0.0
0.0 24.0 0.0
0.0 24.0 0.0
9.540803 22.674503 0.0
0.0 24.0 0.0
0.0 27.0 0.0
