0.0 0.0 0.0
0.0 3.0 0.0
0.0 3.0 0.0
-1.6025707 3.2236264 0.0
0.0 3.0 0.0
0.0 6.0 0.0
0.0 6.0 0.0
3.338689 6.7158885 0.0
0.0 6.0 0.0
0.0 9.0 0.0
0.0 9.0 0.0
-4.2735224 8.596337 0.0
-4.2735224 8.596337 0.0
-8.506312 3.2050722 3.407006
-4.2735224 8.596337 0.0
-7.5204835 6.5313735 1.902395
-7.5204835 6.5313735 1.902395
-7.5204835 7.2813735 1.902395
-7.5204835 6.5313735 1.902395
-8.847084 4.570898 5.0513105
0.0 9.0 0.0
0.0 12.0 0.0
0.0 12.0 0.0
-5.608998 11.282693 0.0
0.0 12.0 0.0
0.0 15.0 0.0
0.0 15.0 0.0
7.1225367 14.327229 0.0
0.0 15.0 0.0
0.0 18.0 0.0
0.0 18.0 0.0
8.279949 16.655403 0.0
8.279949 16.655403 0.0
8.279949 16.775404 0.0
8.279949 16.655403 0.0
14.721177 12.956751 3.6858902
14.721177 12.956751 3.6858902
14.186056 3.280695 13.961306
14.721177 12.956751 3.6858902
16.770222 7.8076153 9.853795
0.0 18.0 0.0
0.0 21.0 0.0
0.0 21.0 0.0
-10.0160675 20.147665 0.0
0.0 21.0 0.0
0.0 24.0 0.0
0.0 24.0 0.0
10.9509 22.028114 0.0
0.0 24.0 0.0
0.0 27.0 0.0
