0.0 0.0 0.0
0.0 3.0 0.0
0.0 3.0 0.0
-3.8145223 2.3873458 0.0
0.0 3.0 0.0
0.0 6.0 0.0
0.0 6.0 0.0
5.9337015 3.7136488 0.0
0.0 6.0 0.0
0.0 9.0 0.0
0.0 9.0 0.0
-8.900552 5.570473 0.0
-8.900552 5.570473 0.0
-7.385196 0.7364266 8.005296
-8.900552 5.570473 0.0
-7.7356205 -0.7290807 7.5447454
-7.7356205 -0.7290807 7.5447454
-7.7356205 0.020919323 7.5447454
-7.7356205 -0.7290807 7.5447454
1.3251369 1.8740065 10.559914
0.0 9.0 0.0
0.0 12.0 0.0
0.0 12.0 0.0
-11.0197315 6.8967767 0.0
0.0 12.0 0.0
0.0 15.0 0.0
0.0 15.0 0.0
13.223678 8.276132 0.0
0.0 15.0 0.0
0.0 18.0 0.0
0.0 18.0 0.0
15.766692 9.867696 0.0
15.766692 9.867696 0.0
15.766692 9.987696 0.0
15.766692 9.867696 0.0
13.310749 -1.5370693 13.364978
13.310749 -1.5370693 13.364978
7.089304 16.38845 6.1301394
13.310749 -1.5370693 13.364978
-3.058314 3.1202836 18.373549
0.0 18.0 0.0
0.0 21.0 0.0
0.0 21.0 0.0
-18.648775 11.671468 0.0
0.0 21.0 0.0
0.0 24.0 0.0
0.0 24.0 0.0
21.191792 13.263032 0.0
0.0 24.0 0.0
0.0 27.0 0.0
