0.0 0.0 0.0
0.0 3.0 0.0
0.0 3.0 0.0
-0.9673552 3.4675963 0.0
0.0 3.0 0.0
0.0 6.0 0.0
0.0 6.0 0.0
1.8809685 6.7425485 0.0
0.0 6.0 0.0
0.0 9.0 0.0
0.0 9.0 0.0
-2.579614 9.246923 0.0
-2.579614 9.246923 0.0
-6.847624 7.0542626 1.3353473
-2.579614 9.246923 0.0
-5.1468015 9.20238 0.6931675
-5.1468015 9.20238 0.6931675
-5.1468015 9.32238 0.6931675
-5.1468015 9.20238 0.6931675
-7.229762 8.1597805 2.0506694
0.0 9.0 0.0
0.0 12.0 0.0
0.0 12.0 0.0
-3.493227 12.521875 0.0
0.0 12.0 0.0
0.0 15.0 0.0
0.0 15.0 0.0
4.4337115 15.893149 0.0
0.0 15.0 0.0
0.0 18.0 0.0
0.0 18.0 0.0
4.998002 17.915915 0.0
4.998002 17.915915 0.0
4.998002 18.249249 0.0
4.998002 17.915915 0.0
9.854368 17.408203 1.343012
9.854368 17.408203 1.343012
15.802895 11.174869 6.2502203
9.854368 17.408203 1.343012
13.74169 15.277567 3.9415827
0.0 18.0 0.0
0.0 21.0 0.0
0.0 21.0 0.0
-5.9116154 21.190866 0.0
0.0 21.0 0.0
0.0 24.0 0.0
0.0 24.0 0.0
6.8520994 24.56214 0.0
0.0 24.0 0.0
0.0 27.0 0.0
