0.0 0.0 0.0
0.0 3.0 0.0
0.0 3.0 0.0
-2.596725 2.4933949 0.0
0.0 3.0 0.0
0.0 6.0 0.0
0.0 6.0 0.0
5.0491877 4.848268 0.0
0.0 6.0 0.0
0.0 9.0 0.0
0.0 9.0 0.0
-6.9246006 6.6490536 0.0
-6.9246006 6.6490536 0.0
-6.774882 0.0060811043 6.9188957
-6.9246006 6.6490536 0.0
-8.839147 1.8383613 4.994801
-8.839147 1.8383613 4.994801
-8.839147 2.1716945 4.994801
-8.839147 1.8383613 4.994801
-3.792214 0.14869821 9.835236
0.0 9.0 0.0
0.0 12.0 0.0
0.0 12.0 0.0
-9.377063 9.003926 0.0
0.0 12.0 0.0
0.0 15.0 0.0
0.0 15.0 0.0
11.252476 10.804712 0.0
0.0 15.0 0.0
0.0 18.0 0.0
0.0 18.0 0.0
13.416413 12.882542 0.0
13.416413 12.882542 0.0
13.416413 13.002542 0.0
13.416413 12.882542 0.0
16.810272 3.2588086 9.677427
16.810272 3.2588086 9.677427
4.0092893 10.197364 16.403679
16.810272 3.2588086 9.677427
6.6618867 -0.06712818 18.82814
0.0 18.0 0.0
0.0 21.0 0.0
0.0 21.0 0.0
-15.580351 14.96037 0.0
0.0 21.0 0.0
0.0 24.0 0.0
0.0 24.0 0.0
18.032814 17.315243 0.0
0.0 24.0 0.0
0.0 27.0 0.0
