0.0 0.0 0.0
0.0 3.0 0.0
0.0 3.0 0.0
-3.380115 2.1388834 0.0
0.0 3.0 0.0
0.0 6.0 0.0
0.0 6.0 0.0
6.3377156 4.0104065 0.0
0.0 6.0 0.0
0.0 9.0 0.0
0.0 9.0 0.0
-8.112276 5.1333203 0.0
-8.112276 5.1333203 0.0
-6.8038716 0.61987853 7.3311367
-8.112276 5.1333203 0.0
-7.92486 -0.118593454 6.8551064
-7.92486 -0.118593454 6.8551064
-7.92486 0.001406543 6.8551064
-7.92486 -0.118593454 6.8551064
-0.33574438 2.0528336 10.362303
0.0 9.0 0.0
0.0 12.0 0.0
0.0 12.0 0.0
-11.407888 7.2187314 0.0
0.0 12.0 0.0
0.0 15.0 0.0
0.0 15.0 0.0
13.52046 8.555533 0.0
0.0 15.0 0.0
0.0 18.0 0.0
0.0 18.0 0.0
15.717535 9.945807 0.0
15.717535 9.945807 0.0
15.717535 10.065807 0.0
15.717535 9.945807 0.0
14.166094 -0.98172665 13.281769
14.166094 -0.98172665 13.281769
7.526363 16.427452 7.1154737
14.166094 -0.98172665 13.281769
-1.9355254 3.0929186 19.072796
0.0 18.0 0.0
0.0 21.0 0.0
0.0 21.0 0.0
-19.013147 12.031219 0.0
0.0 21.0 0.0
0.0 24.0 0.0
0.0 24.0 0.0
21.548233 13.635382 0.0
0.0 24.0 0.0
0.0 27.0 0.0
