0.0 0.0 0.0
0.0 3.0 0.0
0.0 3.0 0.0
-2.7359436 2.339789 0.0
0.0 3.0 0.0
0.0 6.0 0.0
0.0 6.0 0.0
5.6998825 4.8745604 0.0
0.0 6.0 0.0
0.0 9.0 0.0
0.0 9.0 0.0
-7.599843 6.499414 0.0
-7.599843 6.499414 0.0
-6.722202 0.13783729 7.507813
-7.599843 6.499414 0.0
-9.2897835 1.4452436 5.7757616
-9.2897835 1.4452436 5.7757616
-9.2897835 2.1952436 5.7757616
-9.2897835 1.4452436 5.7757616
-2.6256685 0.076586366 10.813996
0.0 9.0 0.0
0.0 12.0 0.0
0.0 12.0 0.0
-9.879796 8.449238 0.0
0.0 12.0 0.0
0.0 15.0 0.0
0.0 15.0 0.0
12.159749 10.399062 0.0
0.0 15.0 0.0
0.0 18.0 0.0
0.0 18.0 0.0
14.439702 12.3488865 0.0
14.439702 12.3488865 0.0
14.439702 12.468886 0.0
14.439702 12.3488865 0.0
16.244617 1.5435715 10.973948
16.244617 1.5435715 10.973948
4.3388577 12.843796 14.345269
16.244617 1.5435715 10.973948
3.3746583 -0.03248906 19.478077
0.0 18.0 0.0
0.0 21.0 0.0
0.0 21.0 0.0
-16.719654 14.298711 0.0
0.0 21.0 0.0
0.0 24.0 0.0
0.0 24.0 0.0
19.3796 16.573505 0.0
0.0 24.0 0.0
0.0 27.0 0.0
