0.0 0.0 0.0
0.0 3.0 0.0
0.0 3.0 0.0
-2.3167584 3.8578014 0.0
0.0 3.0 0.0
0.0 6.0 0.0
0.0 6.0 0.0
3.8612638 6.429669 0.0
0.0 6.0 0.0
0.0 9.0 0.0
0.0 9.0 0.0
-5.4057693 9.001536 0.0
-5.4057693 9.001536 0.0
-9.8015 2.3399217 4.771809
-5.4057693 9.001536 0.0
-9.379502 6.6169486 2.7830803
-9.379502 6.6169486 2.7830803
-9.379502 7.3669486 2.7830803
-9.379502 6.6169486 2.7830803
-9.380608 2.7849205 7.2148027
0.0 9.0 0.0
0.0 12.0 0.0
0.0 12.0 0.0
-6.486923 10.801845 0.0
0.0 12.0 0.0
0.0 15.0 0.0
0.0 15.0 0.0
8.237363 13.716627 0.0
0.0 15.0 0.0
0.0 18.0 0.0
0.0 18.0 0.0
9.575934 15.94558 0.0
9.575934 15.94558 0.0
9.575934 16.69558 0.0
9.575934 15.94558 0.0
15.556029 9.957888 4.930028
15.556029 9.957888 4.930028
10.285824 2.1246085 16.048267
15.556029 9.957888 4.930028
14.898398 3.834958 12.23525
0.0 18.0 0.0
0.0 21.0 0.0
0.0 21.0 0.0
-11.583792 19.289007 0.0
0.0 21.0 0.0
0.0 24.0 0.0
0.0 24.0 0.0
13.128297 21.860874 0.0
0.0 24.0 0.0
0.0 27.0 0.0
