0.0 0.0 0.0
0.0 3.0 0.0
0.0 3.0 0.0
-1.1824689 3.40026 0.0
0.0 3.0 0.0
0.0 6.0 0.0
0.0 6.0 0.0
2.299245 6.6116166 0.0
0.0 6.0 0.0
0.0 9.0 0.0
0.0 9.0 0.0
-3.4488676 9.917425 0.0
-3.4488676 9.917425 0.0
-8.349083 6.1933856 2.1399486
-3.4488676 9.917425 0.0
-6.8269835 9.713974 1.1328274
-6.8269835 9.713974 1.1328274
-6.8269835 9.833974 1.1328274
-6.8269835 9.713974 1.1328274
-9.422366 8.596005 3.3123899
0.0 9.0 0.0
0.0 12.0 0.0
0.0 12.0 0.0
-4.1386414 11.90091 0.0
0.0 12.0 0.0
0.0 15.0 0.0
0.0 15.0 0.0
5.419649 15.584525 0.0
0.0 15.0 0.0
0.0 18.0 0.0
0.0 18.0 0.0
6.1094227 17.56801 0.0
6.1094227 17.56801 0.0
6.1094227 17.688011 0.0
6.1094227 17.56801 0.0
11.417818 15.2646055 2.006723
11.417818 15.2646055 2.006723
15.723759 7.449004 8.658232
11.417818 15.2646055 2.006723
14.905735 12.036438 5.6457205
0.0 18.0 0.0
0.0 21.0 0.0
0.0 21.0 0.0
-7.0948133 20.40156 0.0
0.0 21.0 0.0
0.0 24.0 0.0
0.0 24.0 0.0
8.21159 23.612917 0.0
0.0 24.0 0.0
0.0 27.0 0.0
