0.0 0.0 0.0
0.0 3.0 0.0
0.0 3.0 0.0
-2.5697193 3.6941226 0.0
0.0 3.0 0.0
0.0 6.0 0.0
0.0 6.0 0.0
3.7689216 5.4180465 0.0
0.0 6.0 0.0
0.0 9.0 0.0
0.0 9.0 0.0
-5.7104874 8.209161 0.0
-5.7104874 8.209161 0.0
-8.699949 1.1089932 5.3539605
-5.7104874 8.209161 0.0
-8.878777 4.554602 3.2609665
-8.878777 4.554602 3.2609665
-8.878777 4.8879356 3.2609665
-8.878777 4.554602 3.2609665
-7.626699 1.4610324 7.7471943
0.0 9.0 0.0
0.0 12.0 0.0
0.0 12.0 0.0
-7.709158 11.082368 0.0
0.0 12.0 0.0
0.0 15.0 0.0
0.0 15.0 0.0
9.13678 13.134658 0.0
0.0 15.0 0.0
0.0 18.0 0.0
0.0 18.0 0.0
10.849926 15.597406 0.0
10.849926 15.597406 0.0
10.849926 16.347406 0.0
10.849926 15.597406 0.0
17.075253 8.949274 6.1958365
17.075253 8.949274 6.1958365
8.548218 3.032584 18.164133
17.075253 8.949274 6.1958365
14.56961 2.5938287 14.837063
0.0 18.0 0.0
0.0 21.0 0.0
0.0 21.0 0.0
-12.848597 18.470613 0.0
0.0 21.0 0.0
0.0 24.0 0.0
0.0 24.0 0.0
14.561743 20.933361 0.0
0.0 24.0 0.0
0.0 27.0 0.0
