0.0 0.0 0.0
0.0 3.0 0.0
0.0 3.0 0.0
-2.0850868 3.987783 0.0
0.0 3.0 0.0
0.0 6.0 0.0
0.0 6.0 0.0
3.4751449 6.6463046 0.0
0.0 6.0 0.0
0.0 9.0 0.0
0.0 9.0 0.0
-4.865203 9.304827 0.0
-4.865203 9.304827 0.0
-9.323958 3.0980706 3.9954123
-4.865203 9.304827 0.0
-8.410092 6.779694 2.2543046
-8.410092 6.779694 2.2543046
-8.410092 6.899694 2.2543046
-8.410092 6.779694 2.2543046
-9.09824 3.5704055 5.8945446
0.0 9.0 0.0
0.0 12.0 0.0
0.0 12.0 0.0
-6.0235844 11.520262 0.0
0.0 12.0 0.0
0.0 15.0 0.0
0.0 15.0 0.0
7.6453185 14.62187 0.0
0.0 15.0 0.0
0.0 18.0 0.0
0.0 18.0 0.0
9.035377 17.280392 0.0
9.035377 17.280392 0.0
9.035377 17.613726 0.0
9.035377 17.280392 0.0
15.797464 12.932669 4.186566
15.797464 12.932669 4.186566
13.900894 2.868774 15.362118
15.797464 12.932669 4.186566
17.374182 7.202079 11.029823
0.0 18.0 0.0
0.0 21.0 0.0
0.0 21.0 0.0
-10.008417 19.141357 0.0
0.0 21.0 0.0
0.0 24.0 0.0
0.0 24.0 0.0
11.398476 21.79988 0.0
0.0 24.0 0.0
0.0 27.0 0.0
