0.0 0.0 0.0
0.0 3.0 0.0
0.0 3.0 0.0
-2.8909326 2.1453454 0.0
0.0 3.0 0.0
0.0 6.0 0.0
0.0 6.0 0.0
6.0227766 4.46947 0.0
0.0 6.0 0.0
0.0 9.0 0.0
0.0 9.0 0.0
-8.030369 5.9592934 0.0
-8.030369 5.9592934 0.0
-6.6968403 0.40368712 7.685918
-8.030369 5.9592934 0.0
-8.440409 0.3042879 6.4486823
-8.440409 0.3042879 6.4486823
-8.440409 1.0542879 6.4486823
-8.440409 0.3042879 6.4486823
-0.95881087 0.89662886 10.620918
0.0 9.0 0.0
0.0 12.0 0.0
0.0 12.0 0.0
-10.840998 8.045046 0.0
0.0 12.0 0.0
0.0 15.0 0.0
0.0 15.0 0.0
12.527375 9.296497 0.0
0.0 15.0 0.0
0.0 18.0 0.0
0.0 18.0 0.0
15.659219 11.620622 0.0
15.659219 11.620622 0.0
15.659219 11.953955 0.0
15.659219 11.620622 0.0
15.695911 0.027228832 12.57493
15.695911 0.027228832 12.57493
5.548655 15.646721 11.379243
15.695911 0.027228832 12.57493
0.7827647 1.5079639 20.098166
0.0 18.0 0.0
0.0 21.0 0.0
0.0 21.0 0.0
-17.666811 13.110445 0.0
0.0 21.0 0.0
0.0 24.0 0.0
0.0 24.0 0.0
20.47744 15.1961975 0.0
0.0 24.0 0.0
0.0 27.0 0.0
