0.0 0.0 0.0
0.0 3.0 0.0
0.0 3.0 0.0
-2.914298 3.4288287 0.0
0.0 3.0 0.0
0.0 6.0 0.0
0.0 6.0 0.0
4.533353 5.3337336 0.0
0.0 6.0 0.0
0.0 9.0 0.0
0.0 9.0 0.0
-6.476218 7.6196194 0.0
-6.476218 7.6196194 0.0
-8.428427 0.3188094 6.39155
-6.476218 7.6196194 0.0
-9.342255 3.3720467 4.19414
-9.342255 3.3720467 4.19414
-9.342255 3.4920466 4.19414
-9.342255 3.3720467 4.19414
-6.1857615 0.48035526 9.246023
0.0 9.0 0.0
0.0 12.0 0.0
0.0 12.0 0.0
-8.160035 9.60072 0.0
0.0 12.0 0.0
0.0 15.0 0.0
0.0 15.0 0.0
10.361949 12.191391 0.0
0.0 15.0 0.0
0.0 18.0 0.0
0.0 18.0 0.0
12.628625 14.858257 0.0
12.628625 14.858257 0.0
12.628625 15.19159 0.0
12.628625 14.858257 0.0
17.925968 6.2326083 8.178573
17.925968 6.2326083 8.178573
5.4342847 6.1385927 19.009768
17.925968 6.2326083 8.178573
11.055737 0.095374584 17.84101
0.0 18.0 0.0
0.0 21.0 0.0
0.0 21.0 0.0
-14.24768 16.763163 0.0
0.0 21.0 0.0
0.0 24.0 0.0
0.0 24.0 0.0
16.190546 19.04905 0.0
0.0 24.0 0.0
0.0 27.0 0.0
