0.0 0.0 0.0
0.0 3.0 0.0
0.0 3.0 0.0
-3.3077793 2.2491322 0.0
0.0 3.0 0.0
0.0 6.0 0.0
0.0 6.0 0.0
6.2020864 4.217123 0.0
0.0 6.0 0.0
0.0 9.0 0.0
0.0 9.0 0.0
-7.9386706 5.3979173 0.0
-7.9386706 5.3979173 0.0
-6.7904725 0.45396256 7.3825994
-7.9386706 5.3979173 0.0
-8.214105 0.18728232 6.5648427
-8.214105 0.18728232 6.5648427
-8.214105 0.5206157 6.5648427
-8.214105 0.18728232 6.5648427
-0.93977773 1.6186473 10.483911
0.0 9.0 0.0
0.0 12.0 0.0
0.0 12.0 0.0
-10.419505 7.0847664 0.0
0.0 12.0 0.0
0.0 15.0 0.0
0.0 15.0 0.0
13.644589 9.27767 0.0
0.0 15.0 0.0
0.0 18.0 0.0
0.0 18.0 0.0
15.381174 10.458465 0.0
15.381174 10.458465 0.0
15.381174 10.5784645 0.0
15.381174 10.458465 0.0
14.007687 -0.9339051 12.719382
14.007687 -0.9339051 12.719382
5.6841583 16.01025 8.349899
14.007687 -0.9339051 12.719382
-1.0173905 2.5030465 18.735477
0.0 18.0 0.0
0.0 21.0 0.0
0.0 21.0 0.0
-18.606258 12.651368 0.0
0.0 21.0 0.0
0.0 24.0 0.0
0.0 24.0 0.0
20.342844 13.832163 0.0
0.0 24.0 0.0
0.0 27.0 0.0
