0.0 0.0 0.0
0.0 3.0 0.0
0.0 3.0 0.0
-2.7414505 2.9128077 0.0
0.0 3.0 0.0
0.0 6.0 0.0
0.0 6.0 0.0
4.523393 4.806133 0.0
0.0 6.0 0.0
0.0 9.0 0.0
0.0 9.0 0.0
-6.8536263 7.282019 0.0
-6.8536263 7.282019 0.0
-7.626509 0.046888858 6.8410482
-6.8536263 7.282019 0.0
-9.653194 2.9745588 4.6972194
-9.653194 2.9745588 4.6972194
-9.653194 3.307892 4.6972194
-9.653194 2.9745588 4.6972194
-5.8412733 0.6470299 10.036463
0.0 9.0 0.0
0.0 12.0 0.0
0.0 12.0 0.0
-9.252396 9.830726 0.0
0.0 12.0 0.0
0.0 15.0 0.0
0.0 15.0 0.0
10.691657 11.35995 0.0
0.0 15.0 0.0
0.0 18.0 0.0
0.0 18.0 0.0
13.364572 14.199938 0.0
13.364572 14.199938 0.0
13.364572 14.533271 0.0
13.364572 14.199938 0.0
17.230265 4.1073213 9.159578
17.230265 4.1073213 9.159578
3.7290964 8.340497 17.753311
17.230265 4.1073213 9.159578
8.408495 -0.21360445 18.479002
0.0 18.0 0.0
0.0 21.0 0.0
0.0 21.0 0.0
-14.803833 15.729162 0.0
0.0 21.0 0.0
0.0 24.0 0.0
0.0 24.0 0.0
17.476748 18.569149 0.0
0.0 24.0 0.0
0.0 27.0 0.0
