0.0 0.0 0.0
0.0 3.0 0.0
0.0 3.0 0.0
-2.4094648 3.8005893 0.0
0.0 3.0 0.0
0.0 6.0 0.0
0.0 6.0 0.0
4.0157747 6.3343153 0.0
0.0 6.0 0.0
0.0 9.0 0.0
0.0 9.0 0.0
-5.3543663 8.445754 0.0
-5.3543663 8.445754 0.0
-8.72165 1.588326 4.8426666
-5.3543663 8.445754 0.0
-9.144631 5.978606 2.8669238
-9.144631 5.978606 2.8669238
-9.144631 6.728606 2.8669238
-9.144631 5.978606 2.8669238
-8.748892 2.2426999 7.3177037
0.0 9.0 0.0
0.0 12.0 0.0
0.0 12.0 0.0
-6.960676 10.979481 0.0
0.0 12.0 0.0
0.0 15.0 0.0
0.0 15.0 0.0
8.834704 13.935494 0.0
0.0 15.0 0.0
0.0 18.0 0.0
0.0 18.0 0.0
9.959122 15.709103 0.0
9.959122 15.709103 0.0
9.959122 16.459103 0.0
9.959122 15.709103 0.0
16.050583 9.608417 5.3324785
16.050583 9.608417 5.3324785
9.662409 2.3192182 16.791597
16.050583 9.608417 5.3324785
14.717702 3.2300491 13.097751
0.0 18.0 0.0
0.0 21.0 0.0
0.0 21.0 0.0
-11.779606 18.580658 0.0
0.0 21.0 0.0
0.0 24.0 0.0
0.0 24.0 0.0
13.1717415 20.776556 0.0
0.0 24.0 0.0
0.0 27.0 0.0
