0.0 0.0 0.0
0.0 3.0 0.0
0.0 3.0 0.0
-2.5456965 3.0853572 0.0
0.0 3.0 0.0
0.0 6.0 0.0
0.0 6.0 0.0
4.454969 5.399375 0.0
0.0 6.0 0.0
0.0 9.0 0.0
0.0 9.0 0.0
-6.682453 8.099063 0.0
-6.682453 8.099063 0.0
-8.929047 0.4346031 6.560818
-6.682453 8.099063 0.0
-9.512115 3.4295204 4.2528744
-9.512115 3.4295204 4.2528744
-9.512115 3.5495203 4.2528744
-9.512115 3.4295204 4.2528744
-6.1361213 0.16120648 9.334148
0.0 9.0 0.0
0.0 12.0 0.0
0.0 12.0 0.0
-8.273514 10.0274105 0.0
0.0 12.0 0.0
0.0 15.0 0.0
0.0 15.0 0.0
10.5009985 12.727098 0.0
0.0 15.0 0.0
0.0 18.0 0.0
0.0 18.0 0.0
11.837489 14.346911 0.0
11.837489 14.346911 0.0
11.837489 14.680244 0.0
11.837489 14.346911 0.0
17.12824 6.4123354 7.5336637
17.12824 6.4123354 7.5336637
5.8359346 5.349169 18.24733
17.12824 6.4123354 7.5336637
11.209814 0.36059284 16.711836
0.0 18.0 0.0
0.0 21.0 0.0
0.0 21.0 0.0
-14.319543 17.355135 0.0
0.0 21.0 0.0
0.0 24.0 0.0
0.0 24.0 0.0
15.910604 19.283482 0.0
0.0 24.0 0.0
0.0 27.0 0.0
