0.0 0.0 0.0
0.0 3.0 0.0
0.0 3.0 0.0
-1.7879338 3.1246266 0.0
0.0 3.0 0.0
0.0 6.0 0.0
0.0 6.0 0.0
3.724862 6.509639 0.0
0.0 6.0 0.0
0.0 9.0 0.0
0.0 9.0 0.0
-4.7678237 8.332338 0.0
-4.7678237 8.332338 0.0
-8.511067 2.1999266 4.1105013
-4.7678237 8.332338 0.0
-8.028025 5.69759 2.3679314
-8.028025 5.69759 2.3679314
-8.028025 5.8175898 2.3679314
-8.028025 5.69759 2.3679314
-8.601769 3.3706193 6.042355
0.0 9.0 0.0
0.0 12.0 0.0
0.0 12.0 0.0
-6.704752 11.71735 0.0
0.0 12.0 0.0
0.0 15.0 0.0
0.0 15.0 0.0
7.9463725 13.88723 0.0
0.0 15.0 0.0
0.0 18.0 0.0
0.0 18.0 0.0
9.684642 16.925062 0.0
9.684642 16.925062 0.0
9.684642 17.258396 0.0
9.684642 16.925062 0.0
16.446608 11.81734 4.8098607
16.446608 11.81734 4.8098607
12.955917 2.7583609 16.616238
16.446608 11.81734 4.8098607
16.483574 4.874465 12.342907
0.0 18.0 0.0
0.0 21.0 0.0
0.0 21.0 0.0
-11.174586 19.528917 0.0
0.0 21.0 0.0
0.0 24.0 0.0
0.0 24.0 0.0
12.416207 21.698797 0.0
0.0 24.0 0.0
0.0 27.0 0.0
