0.0 0.0 0.0
0.0 3.0 0.0
0.0 3.0 0.0
-3.461973 2.0036824 0.0
0.0 3.0 0.0
0.0 6.0 0.0
0.0 6.0 0.0
6.0584526 3.5064442 0.0
0.0 6.0 0.0
0.0 9.0 0.0
0.0 9.0 0.0
-8.654932 5.009206 0.0
-8.654932 5.009206 0.0
-6.5952787 1.1833081 7.504577
-8.654932 5.009206 0.0
-7.372635 -0.7421534 7.490785
-7.372635 -0.7421534 7.490785
-7.372635 -0.6221534 7.490785
-7.372635 -0.7421534 7.490785
0.7417171 2.7944503 10.133254
0.0 9.0 0.0
0.0 12.0 0.0
0.0 12.0 0.0
-11.684158 6.762428 0.0
0.0 12.0 0.0
0.0 15.0 0.0
0.0 15.0 0.0
14.280639 8.26519 0.0
0.0 15.0 0.0
0.0 18.0 0.0
0.0 18.0 0.0
16.87712 9.767952 0.0
16.87712 9.767952 0.0
16.87712 10.101285 0.0
16.87712 9.767952 0.0
13.208223 -2.1234426 14.607033
13.208223 -2.1234426 14.607033
7.8500423 17.685404 4.1760783
13.208223 -2.1234426 14.607033
-3.990888 4.6527214 18.748592
0.0 18.0 0.0
0.0 21.0 0.0
0.0 21.0 0.0
-19.473598 11.270714 0.0
0.0 21.0 0.0
0.0 24.0 0.0
0.0 24.0 0.0
21.291134 12.322647 0.0
0.0 24.0 0.0
0.0 27.0 0.0
