0.0 0.0 0.0
0.0 3.0 0.0
0.0 3.0 0.0
-1.6521153 3.6428719 0.0
0.0 3.0 0.0
0.0 6.0 0.0
0.0 6.0 0.0
2.891202 6.3750257 0.0
0.0 6.0 0.0
0.0 9.0 0.0
0.0 9.0 0.0
-4.336803 9.562538 0.0
-4.336803 9.562538 0.0
-9.64051 4.6446 3.2626007
-4.336803 9.562538 0.0
-7.959608 7.988193 1.7912247
-7.959608 7.988193 1.7912247
-7.959608 8.108193 1.7912247
-7.959608 7.988193 1.7912247
-9.84688 5.95261 4.918848
0.0 9.0 0.0
0.0 12.0 0.0
0.0 12.0 0.0
-5.575889 12.294693 0.0
0.0 12.0 0.0
0.0 15.0 0.0
0.0 15.0 0.0
6.8149757 15.026846 0.0
0.0 15.0 0.0
0.0 18.0 0.0
0.0 18.0 0.0
8.054062 17.759 0.0
8.054062 17.759 0.0
8.054062 18.092335 0.0
8.054062 17.759 0.0
14.63462 14.50996 3.3265598
14.63462 14.50996 3.3265598
15.869906 4.4083343 13.20129
14.63462 14.50996 3.3265598
17.292826 9.187834 9.074078
0.0 18.0 0.0
0.0 21.0 0.0
0.0 21.0 0.0
-8.921423 19.671509 0.0
0.0 21.0 0.0
0.0 24.0 0.0
0.0 24.0 0.0
10.532235 23.223309 0.0
0.0 24.0 0.0
0.0 27.0 0.0
