0.0 0.0 0.0
0.0 3.0 0.0
0.0 3.0 0.0
-2.1925745 2.8552787 0.0
0.0 3.0 0.0
0.0 6.0 0.0
0.0 6.0 0.0
4.5678635 5.948498 0.0
0.0 6.0 0.0
0.0 9.0 0.0
0.0 9.0 0.0
-6.395009 8.327897 0.0
-6.395009 8.327897 0.0
-8.587695 0.58582807 6.1783004
-6.395009 8.327897 0.0
-9.703985 4.3091125 3.8948705
-9.703985 4.3091125 3.8948705
-9.703985 4.4291124 3.8948705
-9.703985 4.3091125 3.8948705
-7.7609777 1.3645895 8.999348
0.0 9.0 0.0
0.0 12.0 0.0
0.0 12.0 0.0
-8.222155 10.707295 0.0
0.0 12.0 0.0
0.0 15.0 0.0
0.0 15.0 0.0
10.0493 13.086695 0.0
0.0 15.0 0.0
0.0 18.0 0.0
0.0 18.0 0.0
11.571921 15.069528 0.0
11.571921 15.069528 0.0
11.571921 15.402861 0.0
11.571921 15.069528 0.0
17.371078 7.5519476 7.047861
17.371078 7.5519476 7.047861
6.8117847 4.226695 18.601616
17.371078 7.5519476 7.047861
13.036011 1.4025211 16.16972
0.0 18.0 0.0
0.0 21.0 0.0
0.0 21.0 0.0
-13.155448 17.131674 0.0
0.0 21.0 0.0
0.0 24.0 0.0
0.0 24.0 0.0
14.982593 19.511072 0.0
0.0 24.0 0.0
0.0 27.0 0.0
