0.0 0.0 0.0
0.0 3.0 0.0
0.0 3.0 0.0
-3.0222912 2.6202588 0.0
0.0 3.0 0.0
0.0 6.0 0.0
0.0 6.0 0.0
5.2890096 4.585453 0.0
0.0 6.0 0.0
0.0 9.0 0.0
0.0 9.0 0.0
-7.253499 6.2886214 0.0
-7.253499 6.2886214 0.0
-6.4896903 0.109398425 7.1802254
-7.253499 6.2886214 0.0
-8.619631 1.184406 5.4805465
-8.619631 1.184406 5.4805465
-8.619631 1.934406 5.4805465
-8.619631 1.184406 5.4805465
-2.334425 0.031413794 10.102871
0.0 9.0 0.0
0.0 12.0 0.0
0.0 12.0 0.0
-10.2002325 8.843373 0.0
0.0 12.0 0.0
0.0 15.0 0.0
0.0 15.0 0.0
12.089165 10.481035 0.0
0.0 15.0 0.0
0.0 18.0 0.0
0.0 18.0 0.0
14.355883 12.446229 0.0
14.355883 12.446229 0.0
14.355883 13.196229 0.0
14.355883 12.446229 0.0
16.697641 2.0302515 10.846914
16.697641 2.0302515 10.846914
4.6101627 12.578173 14.991084
16.697641 2.0302515 10.846914
4.463813 0.24045873 19.721714
0.0 18.0 0.0
0.0 21.0 0.0
0.0 21.0 0.0
-16.320374 14.149398 0.0
0.0 21.0 0.0
0.0 24.0 0.0
0.0 24.0 0.0
19.267107 16.70415 0.0
0.0 24.0 0.0
0.0 27.0 0.0
