0.0 0.0 0.0
0.0 3.0 0.0
0.0 3.0 0.0
-1.3181261 3.7765784 0.0
0.0 3.0 0.0
0.0 6.0 0.0
0.0 6.0 0.0
2.174908 6.231354 0.0
0.0 6.0 0.0
0.0 9.0 0.0
0.0 9.0 0.0
-3.1635027 9.063788 0.0
-3.1635027 9.063788 0.0
-8.045244 6.141439 1.968492
-3.1635027 9.063788 0.0
-6.301076 8.989497 1.0424739
-6.301076 8.989497 1.0424739
-6.301076 9.32283 1.0424739
-6.301076 8.989497 1.0424739
-8.749116 8.056381 3.0606494
0.0 9.0 0.0
0.0 12.0 0.0
0.0 12.0 0.0
-4.28391 12.27388 0.0
0.0 12.0 0.0
0.0 15.0 0.0
0.0 15.0 0.0
5.43727 15.578386 0.0
0.0 15.0 0.0
0.0 18.0 0.0
0.0 18.0 0.0
6.261099 17.938747 0.0
6.261099 17.938747 0.0
6.261099 18.272081 0.0
6.261099 17.938747 0.0
11.690302 15.555273 2.0632293
11.690302 15.555273 2.0632293
16.045544 7.542308 8.889433
11.690302 15.555273 2.0632293
15.234402 12.21747 5.80031
0.0 18.0 0.0
0.0 21.0 0.0
0.0 21.0 0.0
-7.2496934 20.771181 0.0
0.0 21.0 0.0
0.0 24.0 0.0
0.0 24.0 0.0
8.106476 23.225958 0.0
0.0 24.0 0.0
0.0 27.0 0.0
