0.0 0.0 0.0
0.0 3.0 0.0
0.0 3.0 0.0
-1.8372014 3.095915 0.0
0.0 3.0 0.0
0.0 6.0 0.0
0.0 6.0 0.0
3.3682024 5.675844 0.0
0.0 6.0 0.0
0.0 9.0 0.0
0.0 9.0 0.0
-4.899204 8.255774 0.0
-4.899204 8.255774 0.0
-9.029454 2.254493 4.300276
-4.899204 8.255774 0.0
-8.1426525 5.4656186 2.500229
-8.1426525 5.4656186 2.500229
-8.1426525 6.2156186 2.500229
-8.1426525 5.4656186 2.500229
-8.020177 2.2938437 6.305608
0.0 9.0 0.0
0.0 12.0 0.0
0.0 12.0 0.0
-6.8895054 11.609681 0.0
0.0 12.0 0.0
0.0 15.0 0.0
0.0 15.0 0.0
7.961206 13.415632 0.0
0.0 15.0 0.0
0.0 18.0 0.0
0.0 18.0 0.0
9.951508 16.76954 0.0
9.951508 16.76954 0.0
9.951508 16.889542 0.0
9.951508 16.76954 0.0
16.428127 10.913919 5.07859
16.428127 10.913919 5.07859
11.507649 2.3927522 16.853037
16.428127 10.913919 5.07859
15.796652 4.014476 12.751295
0.0 18.0 0.0
0.0 21.0 0.0
0.0 21.0 0.0
-11.023209 18.57549 0.0
0.0 21.0 0.0
0.0 24.0 0.0
0.0 24.0 0.0
13.01351 21.929398 0.0
0.0 24.0 0.0
0.0 27.0 0.0
