0.0 0.0 0.0
0.0 3.0 0.0
0.0 3.0 0.0
-1.8817179 3.5297503 0.0
0.0 3.0 0.0
0.0 6.0 0.0
0.0 6.0 0.0
3.1048346 5.824088 0.0
0.0 6.0 0.0
0.0 9.0 0.0
0.0 9.0 0.0
-4.5161233 8.471401 0.0
-4.5161233 8.471401 0.0
-8.713221 2.8177435 3.7495081
-4.5161233 8.471401 0.0
-7.972314 6.4831667 2.1245174
-7.972314 6.4831667 2.1245174
-7.972314 7.2331667 2.1245174
-7.972314 6.4831667 2.1245174
-9.081587 4.205306 5.6251655
0.0 9.0 0.0
0.0 12.0 0.0
0.0 12.0 0.0
-5.9274116 11.118714 0.0
0.0 12.0 0.0
0.0 15.0 0.0
0.0 15.0 0.0
7.7620864 14.56022 0.0
0.0 15.0 0.0
0.0 18.0 0.0
0.0 18.0 0.0
9.173375 17.207533 0.0
9.173375 17.207533 0.0
9.173375 17.957533 0.0
9.173375 17.207533 0.0
15.943846 12.700136 4.315426
15.943846 12.700136 4.315426
13.600371 2.7421212 15.642752
15.943846 12.700136 4.315426
17.068918 6.425852 11.308549
0.0 18.0 0.0
0.0 21.0 0.0
0.0 21.0 0.0
-10.584663 19.854845 0.0
0.0 21.0 0.0
0.0 24.0 0.0
0.0 24.0 0.0
11.572565 21.707966 0.0
0.0 24.0 0.0
0.0 27.0 0.0
