0.0 0.0 0.0
0.0 3.0 0.0
0.0 3.0 0.0
-1.2419472 4.3252244 0.0
0.0 3.0 0.0
0.0 6.0 0.0
0.0 6.0 0.0
1.9319178 6.728127 0.0
0.0 6.0 0.0
0.0 9.0 0.0
0.0 9.0 0.0
-2.8978767 10.092191 0.0
-2.8978767 10.092191 0.0
-7.834406 7.887279 1.5374345
-2.8978767 10.092191 0.0
-5.628066 9.5082 0.79977995
-5.628066 9.5082 0.79977995
-5.628066 10.2582 0.79977995
-5.628066 9.5082 0.79977995
-7.8873615 8.668038 2.3219974
0.0 9.0 0.0
0.0 12.0 0.0
0.0 12.0 0.0
-3.477452 12.110629 0.0
0.0 12.0 0.0
0.0 15.0 0.0
0.0 15.0 0.0
4.5538063 15.859157 0.0
0.0 15.0 0.0
0.0 18.0 0.0
0.0 18.0 0.0
5.243777 18.26206 0.0
5.243777 18.26206 0.0
5.243777 19.01206 0.0
5.243777 18.26206 0.0
10.050068 16.738464 1.4472208
10.050068 16.738464 1.4472208
15.848726 10.711956 6.5586977
10.050068 16.738464 1.4472208
13.796265 14.493782 4.164713
0.0 18.0 0.0
0.0 21.0 0.0
0.0 21.0 0.0
-6.209736 21.626123 0.0
0.0 21.0 0.0
0.0 24.0 0.0
0.0 24.0 0.0
7.0377 24.509605 0.0
0.0 24.0 0.0
0.0 27.0 0.0
