0.0 0.0 0.0
0.0 3.0 0.0
0.0 3.0 0.0
-1.5093217 3.2683249 0.0
0.0 3.0 0.0
0.0 6.0 0.0
0.0 6.0 0.0
2.7670898 5.991929 0.0
0.0 6.0 0.0
0.0 9.0 0.0
0.0 9.0 0.0
-4.4021883 9.532615 0.0
-4.4021883 9.532615 0.0
-9.199191 4.0861425 3.3512025
-4.4021883 9.532615 0.0
-7.8765507 7.5234766 1.845644
-7.8765507 7.5234766 1.845644
-7.8765507 8.273477 1.845644
-7.8765507 7.5234766 1.845644
-9.195355 4.7014194 4.9778924
0.0 9.0 0.0
0.0 12.0 0.0
0.0 12.0 0.0
-5.6599565 12.256218 0.0
0.0 12.0 0.0
0.0 15.0 0.0
0.0 15.0 0.0
6.5403943 14.162742 0.0
0.0 15.0 0.0
0.0 18.0 0.0
0.0 18.0 0.0
7.9658647 17.249493 0.0
7.9658647 17.249493 0.0
7.9658647 17.369493 0.0
7.9658647 17.249493 0.0
14.216869 13.536091 3.3397367
14.216869 13.536091 3.3397367
15.204779 4.18125 12.9883585
14.216869 13.536091 3.3397367
16.541033 8.372541 8.992548
0.0 18.0 0.0
0.0 21.0 0.0
0.0 21.0 0.0
-9.433261 20.42703 0.0
0.0 21.0 0.0
0.0 24.0 0.0
0.0 24.0 0.0
10.313699 22.333553 0.0
0.0 24.0 0.0
0.0 27.0 0.0
