0.0 0.0 0.0
0.0 3.0 0.0
0.0 3.0 0.0
-2.7555523 2.8994708 0.0
0.0 3.0 0.0
0.0 6.0 0.0
0.0 6.0 0.0
4.8222165 5.074074 0.0
0.0 6.0 0.0
0.0 9.0 0.0
0.0 9.0 0.0
-6.6133256 6.95873 0.0
-6.6133256 6.95873 0.0
-7.0866776 0.024108917 6.6047645
-6.6133256 6.95873 0.0
-8.957535 2.4666443 4.555841
-8.957535 2.4666443 4.555841
-8.957535 3.2166443 4.555841
-8.957535 2.4666443 4.555841
-4.5441895 -0.08800721 9.473121
0.0 9.0 0.0
0.0 12.0 0.0
0.0 12.0 0.0
-8.67999 9.133333 0.0
0.0 12.0 0.0
0.0 15.0 0.0
0.0 15.0 0.0
11.366653 11.960317 0.0
0.0 15.0 0.0
0.0 18.0 0.0
0.0 18.0 0.0
13.088873 13.772487 0.0
13.088873 13.772487 0.0
13.088873 14.522487 0.0
13.088873 13.772487 0.0
17.398363 4.5345674 9.016768
17.398363 4.5345674 9.016768
4.8646855 8.378398 17.83449
17.398363 4.5345674 9.016768
8.451827 -0.39703226 18.521488
0.0 18.0 0.0
0.0 21.0 0.0
0.0 21.0 0.0
-15.499982 16.309523 0.0
0.0 21.0 0.0
0.0 24.0 0.0
0.0 24.0 0.0
17.566647 18.484127 0.0
0.0 24.0 0.0
0.0 27.0 0.0
