0.0 0.0 0.0
0.0 3.0 0.0
0.0 3.0 0.0
-3.5683837 2.7416487 0.0
0.0 3.0 0.0
0.0 6.0 0.0
0.0 6.0 0.0
5.5508194 4.2647867 0.0
0.0 6.0 0.0
0.0 9.0 0.0
0.0 9.0 0.0
-8.326229 6.39718 0.0
-8.326229 6.39718 0.0
-7.4585223 0.23134351 8.0451975
-8.326229 6.39718 0.0
-8.639213 0.24047041 6.6024847
-8.639213 0.24047041 6.6024847
-8.639213 0.5738038 6.6024847
-8.639213 0.24047041 6.6024847
-1.0006506 0.7336503 10.87327
0.0 9.0 0.0
0.0 12.0 0.0
0.0 12.0 0.0
-10.308664 7.920318 0.0
0.0 12.0 0.0
0.0 15.0 0.0
0.0 15.0 0.0
12.370398 9.504382 0.0
0.0 15.0 0.0
0.0 18.0 0.0
0.0 18.0 0.0
15.4629965 11.880478 0.0
15.4629965 11.880478 0.0
15.4629965 12.000478 0.0
15.4629965 11.880478 0.0
16.350113 0.68158674 12.261757
16.350113 0.68158674 12.261757
5.520565 15.149078 12.639429
16.350113 0.68158674 12.261757
1.4785407 0.8356796 20.435757
0.0 18.0 0.0
0.0 21.0 0.0
0.0 21.0 0.0
-17.128242 13.159914 0.0
0.0 21.0 0.0
0.0 24.0 0.0
0.0 24.0 0.0
19.507166 14.9876795 0.0
0.0 24.0 0.0
0.0 27.0 0.0
