0.0 0.0 0.0
0.0 3.0 0.0
0.0 3.0 0.0
-3.258992 2.3192608 0.0
0.0 3.0 0.0
0.0 6.0 0.0
0.0 6.0 0.0
5.703236 4.0587063 0.0
0.0 6.0 0.0
0.0 9.0 0.0
0.0 9.0 0.0
-8.554853 6.08806 0.0
-8.554853 6.08806 0.0
-6.783698 0.61417985 8.082682
-8.554853 6.08806 0.0
-8.651002 0.068424225 6.97005
-8.651002 0.068424225 6.97005
-8.651002 0.40175757 6.97005
-8.651002 0.068424225 6.97005
-0.48616523 1.1595454 11.089727
0.0 9.0 0.0
0.0 12.0 0.0
0.0 12.0 0.0
-10.591723 7.5375977 0.0
0.0 12.0 0.0
0.0 15.0 0.0
0.0 15.0 0.0
13.443342 9.566951 0.0
0.0 15.0 0.0
0.0 18.0 0.0
0.0 18.0 0.0
15.154313 10.784563 0.0
15.154313 10.784563 0.0
15.154313 11.534563 0.0
15.154313 10.784563 0.0
15.103487 -0.036170483 12.346946
15.103487 -0.036170483 12.346946
5.7239223 15.59948 10.224661
15.103487 -0.036170483 12.346946
0.030116498 1.6199852 19.464481
0.0 18.0 0.0
0.0 21.0 0.0
0.0 21.0 0.0
-17.598557 12.524009 0.0
0.0 21.0 0.0
0.0 24.0 0.0
0.0 24.0 0.0
20.776073 14.785288 0.0
0.0 24.0 0.0
0.0 27.0 0.0
