0.0 0.0 0.0
0.0 3.0 0.0
0.0 3.0 0.0
-2.5942347 3.0446587 0.0
0.0 3.0 0.0
0.0 6.0 0.0
0.0 6.0 0.0
4.539911 5.3281527 0.0
0.0 6.0 0.0
0.0 9.0 0.0
0.0 9.0 0.0
-6.2261634 7.307181 0.0
-6.2261634 7.307181 0.0
-8.11191 0.30319422 6.147215
-6.2261634 7.307181 0.0
-8.994957 3.2495244 4.038032
-8.994957 3.2495244 4.038032
-8.994957 3.5828576 4.038032
-8.994957 3.2495244 4.038032
-5.9740744 0.49264836 8.907365
0.0 9.0 0.0
0.0 12.0 0.0
0.0 12.0 0.0
-8.17184 9.590675 0.0
0.0 12.0 0.0
0.0 15.0 0.0
0.0 15.0 0.0
10.701219 12.559217 0.0
0.0 15.0 0.0
0.0 18.0 0.0
0.0 18.0 0.0
12.322615 14.462129 0.0
12.322615 14.462129 0.0
12.322615 14.582129 0.0
12.322615 14.462129 0.0
17.16747 5.686045 7.9919386
17.16747 5.686045 7.9919386
4.9124546 6.021552 18.218452
17.16747 5.686045 7.9919386
10.337339 -0.024075508 17.217293
0.0 18.0 0.0
0.0 21.0 0.0
0.0 21.0 0.0
-14.2682905 16.745623 0.0
0.0 21.0 0.0
0.0 24.0 0.0
0.0 24.0 0.0
16.213966 19.029118 0.0
0.0 24.0 0.0
0.0 27.0 0.0
