0.0 0.0 0.0
0.0 3.0 0.0
0.0 3.0 0.0
-1.0618997 3.439821 0.0
0.0 3.0 0.0
0.0 6.0 0.0
0.0 6.0 0.0
2.212291 7.166294 0.0
0.0 6.0 0.0
0.0 9.0 0.0
0.0 9.0 0.0
-2.8317325 9.172856 0.0
-2.8317325 9.172856 0.0
-7.525409 6.877648 1.596234
-2.8317325 9.172856 0.0
-5.5860567 8.922107 0.83528215
-5.5860567 8.922107 0.83528215
-5.5860567 9.25544 0.83528215
-5.5860567 8.922107 0.83528215
-7.791344 7.978891 2.445848
0.0 9.0 0.0
0.0 12.0 0.0
0.0 12.0 0.0
-3.7166488 12.039374 0.0
0.0 12.0 0.0
0.0 15.0 0.0
0.0 15.0 0.0
4.86704 15.765846 0.0
0.0 15.0 0.0
0.0 18.0 0.0
0.0 18.0 0.0
5.7519565 18.632364 0.0
5.7519565 18.632364 0.0
5.7519565 18.965698 0.0
5.7519565 18.632364 0.0
11.042487 17.137663 1.6966668
11.042487 17.137663 1.6966668
16.592056 9.828453 7.6260147
11.042487 17.137663 1.6966668
15.101086 14.843721 4.878401
0.0 18.0 0.0
0.0 21.0 0.0
0.0 21.0 0.0
-6.371398 20.638927 0.0
0.0 21.0 0.0
0.0 24.0 0.0
0.0 24.0 0.0
7.521789 24.365398 0.0
0.0 24.0 0.0
0.0 27.0 0.0
