0.0 0.0 0.0
0.0 3.0 0.0
0.0 3.0 0.0
-3.070176 3.289988 0.0
0.0 3.0 0.0
0.0 6.0 0.0
0.0 6.0 0.0
4.775829 5.1177588 0.0
0.0 6.0 0.0
0.0 9.0 0.0
0.0 9.0 0.0
-6.549709 7.018641 0.0
-6.549709 7.018641 0.0
-7.1528263 0.04173827 6.534081
-6.549709 7.018641 0.0
-9.312886 2.9610093 4.4686127
-9.312886 2.9610093 4.4686127
-9.312886 3.0810091 4.4686127
-9.312886 2.9610093 4.4686127
-5.7925186 0.6962004 9.620862
0.0 9.0 0.0
0.0 12.0 0.0
0.0 12.0 0.0
-8.596493 9.2119665 0.0
0.0 12.0 0.0
0.0 15.0 0.0
0.0 15.0 0.0
10.643276 11.405292 0.0
0.0 15.0 0.0
0.0 18.0 0.0
0.0 18.0 0.0
12.690061 13.598617 0.0
12.690061 13.598617 0.0
12.690061 13.7186165 0.0
12.690061 13.598617 0.0
16.743156 4.3432813 8.657937
16.743156 4.3432813 8.657937
3.9361262 7.771637 17.300943
16.743156 4.3432813 8.657937
8.276419 -0.41498518 17.753098
0.0 18.0 0.0
0.0 21.0 0.0
0.0 21.0 0.0
-14.736844 15.791943 0.0
0.0 21.0 0.0
0.0 24.0 0.0
0.0 24.0 0.0
16.783628 17.985268 0.0
0.0 24.0 0.0
0.0 27.0 0.0
