0.0 0.0 0.0
0.0 3.0 0.0
0.0 3.0 0.0
-1.3968385 4.2777147 0.0
0.0 3.0 0.0
0.0 6.0 0.0
0.0 6.0 0.0
2.17286 6.6542225 0.0
0.0 6.0 0.0
0.0 9.0 0.0
0.0 9.0 0.0
-3.25929 9.981334 0.0
-3.25929 9.981334 0.0
-8.457256 7.110525 1.9234725
-3.25929 9.981334 0.0
-6.5091505 9.952456 1.0117115
-6.5091505 9.952456 1.0117115
-6.5091505 10.2857895 1.0117115
-6.5091505 9.952456 1.0117115
-9.138381 9.063535 2.9822323
0.0 9.0 0.0
0.0 12.0 0.0
0.0 12.0 0.0
-4.035311 12.357842 0.0
0.0 12.0 0.0
0.0 15.0 0.0
0.0 15.0 0.0
5.1217413 15.684954 0.0
0.0 15.0 0.0
0.0 18.0 0.0
0.0 18.0 0.0
6.052967 18.536764 0.0
6.052967 18.536764 0.0
6.052967 18.656765 0.0
6.052967 18.536764 0.0
11.689325 17.260931 1.8788928
11.689325 17.260931 1.8788928
17.352205 9.625394 8.415281
11.689325 17.260931 1.8788928
15.676953 14.090706 5.414548
0.0 18.0 0.0
0.0 21.0 0.0
0.0 21.0 0.0
-6.8289886 20.91327 0.0
0.0 21.0 0.0
0.0 24.0 0.0
0.0 24.0 0.0
7.915418 24.240383 0.0
0.0 24.0 0.0
0.0 27.0 0.0
