0.0 0.0 0.0
0.0 3.0 0.0
0.0 3.0 0.0
-1.339669 3.7689903 0.0
0.0 3.0 0.0
0.0 6.0 0.0
0.0 6.0 0.0
2.3444207 6.595733 0.0
0.0 6.0 0.0
0.0 9.0 0.0
0.0 9.0 0.0
-3.3491726 9.422476 0.0
-3.3491726 9.422476 0.0
-8.172407 5.927584 2.1138299
-3.3491726 9.422476 0.0
-6.4641647 8.763638 1.1216956
-6.4641647 8.763638 1.1216956
-6.4641647 9.096971 1.1216956
-6.4641647 8.763638 1.1216956
-8.655114 7.285655 3.2218752
0.0 9.0 0.0
0.0 12.0 0.0
0.0 12.0 0.0
-4.2199574 11.87232 0.0
0.0 12.0 0.0
0.0 15.0 0.0
0.0 15.0 0.0
5.5261345 15.547085 0.0
0.0 15.0 0.0
0.0 18.0 0.0
0.0 18.0 0.0
6.530886 18.373827 0.0
6.530886 18.373827 0.0
6.530886 18.493828 0.0
6.530886 18.373827 0.0
12.152982 15.817059 2.1873064
12.152982 15.817059 2.1873064
16.434343 7.4489484 9.366961
12.152982 15.817059 2.1873064
15.597885 11.8791065 6.1312275
0.0 18.0 0.0
0.0 21.0 0.0
0.0 21.0 0.0
-7.234213 20.352549 0.0
0.0 21.0 0.0
0.0 24.0 0.0
0.0 24.0 0.0
8.54039 24.027313 0.0
0.0 24.0 0.0
0.0 27.0 0.0
