0.0 0.0 0.0
0.0 3.0 0.0
0.0 3.0 0.0
-2.7252254 3.5809422 0.0
0.0 3.0 0.0
0.0 6.0 0.0
0.0 6.0 0.0
4.5420423 5.968237 0.0
0.0 6.0 0.0
0.0 9.0 0.0
0.0 9.0 0.0
-5.8138146 7.6393437 0.0
-5.8138146 7.6393437 0.0
-7.8916206 0.57447445 5.603584
-5.8138146 7.6393437 0.0
-8.671344 3.7547886 3.520879
-8.671344 3.7547886 3.520879
-8.671344 4.5047884 3.520879
-8.671344 3.7547886 3.520879
-6.673803 0.89611363 8.053207
0.0 9.0 0.0
0.0 12.0 0.0
0.0 12.0 0.0
-7.6306314 10.026638 0.0
0.0 12.0 0.0
0.0 15.0 0.0
0.0 15.0 0.0
9.689691 12.732239 0.0
0.0 15.0 0.0
0.0 18.0 0.0
0.0 18.0 0.0
11.80931 15.517416 0.0
11.80931 15.517416 0.0
11.80931 16.267416 0.0
11.80931 15.517416 0.0
17.48119 7.452841 7.151785
17.48119 7.452841 7.151785
7.310705 4.339836 18.754892
17.48119 7.452841 7.151785
12.50008 0.6066141 16.277847
0.0 18.0 0.0
0.0 21.0 0.0
0.0 21.0 0.0
-13.323324 17.506828 0.0
0.0 21.0 0.0
0.0 24.0 0.0
0.0 24.0 0.0
15.442945 20.292006 0.0
0.0 24.0 0.0
0.0 27.0 0.0
