0.0 0.0 0.0
0.0 3.0 0.0
0.0 3.0 0.0
-3.7009435 2.5598865 0.0
0.0 3.0 0.0
0.0 6.0 0.0
0.0 6.0 0.0
5.757023 3.9820454 0.0
0.0 6.0 0.0
0.0 9.0 0.0
0.0 9.0 0.0
-8.2243185 5.6886363 0.0
-8.2243185 5.6886363 0.0
-6.4587545 0.66567063 7.695521
-8.2243185 5.6886363 0.0
-7.833412 -0.27038407 6.763942
-7.833412 -0.27038407 6.763942
-7.833412 0.47961593 6.763942
-7.833412 -0.27038407 6.763942
-0.38169253 1.6097 10.290208
0.0 9.0 0.0
0.0 12.0 0.0
0.0 12.0 0.0
-10.362641 7.167682 0.0
0.0 12.0 0.0
0.0 15.0 0.0
0.0 15.0 0.0
13.570126 9.38625 0.0
0.0 15.0 0.0
0.0 18.0 0.0
0.0 18.0 0.0
15.297233 10.580864 0.0
15.297233 10.580864 0.0
15.297233 11.330864 0.0
15.297233 10.580864 0.0
14.474745 -0.5689025 12.580932
14.474745 -0.5689025 12.580932
6.124005 15.729412 9.105659
14.474745 -0.5689025 12.580932
-1.1763214 1.7553272 19.061325
0.0 18.0 0.0
0.0 21.0 0.0
0.0 21.0 0.0
-17.764528 12.287455 0.0
0.0 21.0 0.0
0.0 24.0 0.0
0.0 24.0 0.0
20.560797 14.221591 0.0
0.0 24.0 0.0
0.0 27.0 0.0
