0.0 0.0 0.0
0.0 3.0 0.0
0.0 3.0 0.0
-2.8677065 2.7885945 0.0
0.0 3.0 0.0
0.0 6.0 0.0
0.0 6.0 0.0
4.7317157 4.601181 0.0
0.0 6.0 0.0
0.0 9.0 0.0
0.0 9.0 0.0
-7.169266 6.971486 0.0
-7.169266 6.971486 0.0
-7.724073 -0.015522733 7.166462
-7.169266 6.971486 0.0
-9.19935 1.9740796 5.1398377
-9.19935 1.9740796 5.1398377
-9.19935 2.7240796 5.1398377
-9.19935 1.9740796 5.1398377
-4.0343165 0.11729288 10.17849
0.0 9.0 0.0
0.0 12.0 0.0
0.0 12.0 0.0
-9.320046 9.062932 0.0
0.0 12.0 0.0
0.0 15.0 0.0
0.0 15.0 0.0
11.829289 11.502953 0.0
0.0 15.0 0.0
0.0 18.0 0.0
0.0 18.0 0.0
13.334836 12.966965 0.0
13.334836 12.966965 0.0
13.334836 13.086965 0.0
13.334836 12.966965 0.0
16.207466 2.7933807 9.560099
16.207466 2.7933807 9.560099
3.821941 9.906629 15.933752
16.207466 2.7933807 9.560099
5.5317163 -0.82113624 18.284374
0.0 18.0 0.0
0.0 21.0 0.0
0.0 21.0 0.0
-15.772386 15.33727 0.0
0.0 21.0 0.0
0.0 24.0 0.0
0.0 24.0 0.0
17.636396 17.149857 0.0
0.0 24.0 0.0
0.0 27.0 0.0
