0.0 0.0 0.0
0.0 3.0 0.0
0.0 3.0 0.0
-2.8066864 2.2544425 0.0
0.0 3.0 0.0
0.0 6.0 0.0
0.0 6.0 0.0
5.1455917 4.133145 0.0
0.0 6.0 0.0
0.0 9.0 0.0
0.0 9.0 0.0
-7.4844975 6.011847 0.0
-7.4844975 6.011847 0.0
-6.335657 0.25373185 7.308373
-7.4844975 6.011847 0.0
-8.791689 1.0499876 5.8351774
-8.791689 1.0499876 5.8351774
-8.791689 1.3833209 5.8351774
-8.791689 1.0499876 5.8351774
-2.1971383 0.5381714 10.508496
0.0 9.0 0.0
0.0 12.0 0.0
0.0 12.0 0.0
-9.823403 7.890549 0.0
0.0 12.0 0.0
0.0 15.0 0.0
0.0 15.0 0.0
12.474162 10.019745 0.0
0.0 15.0 0.0
0.0 18.0 0.0
0.0 18.0 0.0
14.501214 11.647954 0.0
14.501214 11.647954 0.0
14.501214 11.767954 0.0
14.501214 11.647954 0.0
15.937534 1.1537104 11.3056555
15.937534 1.1537104 11.3056555
4.365816 13.861375 13.124294
15.937534 1.1537104 11.3056555
2.4095106 0.43940645 19.505447
0.0 18.0 0.0
0.0 21.0 0.0
0.0 21.0 0.0
-16.840118 13.526656 0.0
0.0 21.0 0.0
0.0 24.0 0.0
0.0 24.0 0.0
19.49088 15.655851 0.0
0.0 24.0 0.0
0.0 27.0 0.0
