0.0 0.0 0.0
0.0 3.0 0.0
0.0 3.0 0.0
-1.8453084 3.0910897 0.0
0.0 3.0 0.0
0.0 6.0 0.0
0.0 6.0 0.0
3.5881 6.0104527 0.0
0.0 6.0 0.0
0.0 9.0 0.0
0.0 9.0 0.0
-5.3821497 9.015678 0.0
-5.3821497 9.015678 0.0
-9.441312 2.1881542 4.7376323
-5.3821497 9.015678 0.0
-9.358208 6.660324 2.758813
-9.358208 6.660324 2.758813
-9.358208 6.9936576 2.758813
-9.358208 6.660324 2.758813
-9.611745 3.1835155 7.1657
0.0 9.0 0.0
0.0 12.0 0.0
0.0 12.0 0.0
-6.919907 11.591587 0.0
0.0 12.0 0.0
0.0 15.0 0.0
0.0 15.0 0.0
7.996337 13.394723 0.0
0.0 15.0 0.0
0.0 18.0 0.0
0.0 18.0 0.0
9.534094 15.970632 0.0
9.534094 15.970632 0.0
9.534094 16.090631 0.0
9.534094 15.970632 0.0
15.522936 10.031952 4.88704
15.522936 10.031952 4.88704
10.577939 2.2213638 15.983008
15.522936 10.031952 4.88704
14.948292 3.924447 12.153024
0.0 18.0 0.0
0.0 21.0 0.0
0.0 21.0 0.0
-11.533178 19.319311 0.0
0.0 21.0 0.0
0.0 24.0 0.0
0.0 24.0 0.0
13.070935 21.89522 0.0
0.0 24.0 0.0
0.0 27.0 0.0
