0.0 0.0 0.0
0.0 3.0 0.0
0.0 3.0 0.0
-3.5783496 2.7286286 0.0
0.0 3.0 0.0
0.0 6.0 0.0
0.0 6.0 0.0
5.5663214 4.2445335 0.0
0.0 6.0 0.0
0.0 9.0 0.0
0.0 9.0 0.0
-7.6338124 5.8210745 0.0
-7.6338124 5.8210745 0.0
-6.46964 0.31949043 7.3616247
-7.6338124 5.8210745 0.0
-7.912727 0.21268272 6.070322
-7.912727 0.21268272 6.070322
-7.912727 0.33268273 6.070322
-7.912727 0.21268272 6.070322
-1.3442757 1.0616262 9.972924
0.0 9.0 0.0
0.0 12.0 0.0
0.0 12.0 0.0
-10.019379 7.6401606 0.0
0.0 12.0 0.0
0.0 15.0 0.0
0.0 15.0 0.0
13.120615 10.0049715 0.0
0.0 15.0 0.0
0.0 18.0 0.0
0.0 18.0 0.0
14.790512 11.278332 0.0
14.790512 11.278332 0.0
14.790512 12.028332 0.0
14.790512 11.278332 0.0
15.201691 0.31353855 11.76125
15.201691 0.31353855 11.76125
5.091979 14.535716 11.547047
15.201691 0.31353855 11.76125
0.96284175 0.9035817 19.219788
0.0 18.0 0.0
0.0 21.0 0.0
0.0 21.0 0.0
-17.891748 13.643144 0.0
0.0 21.0 0.0
0.0 24.0 0.0
0.0 24.0 0.0
19.879719 15.159048 0.0
0.0 24.0 0.0
0.0 27.0 0.0
