0.0 0.0 0.0
0.0 3.0 0.0
0.0 3.0 0.0
-3.4448173 2.8953815 0.0
0.0 3.0 0.0
0.0 6.0 0.0
0.0 6.0 0.0
5.741362 4.8256354 0.0
0.0 6.0 0.0
0.0 9.0 0.0
0.0 9.0 0.0
-7.348944 6.1768136 0.0
-7.348944 6.1768136 0.0
-6.6305737 0.1254487 7.2393885
-7.348944 6.1768136 0.0
-8.5363245 0.99799705 5.6257267
-8.5363245 0.99799705 5.6257267
-8.5363245 1.117997 5.6257267
-8.5363245 0.99799705 5.6257267
-1.9862863 0.120396376 10.154379
0.0 9.0 0.0
0.0 12.0 0.0
0.0 12.0 0.0
-10.334452 8.686144 0.0
0.0 12.0 0.0
0.0 15.0 0.0
0.0 15.0 0.0
12.630997 10.616398 0.0
0.0 15.0 0.0
0.0 18.0 0.0
0.0 18.0 0.0
14.544785 12.224943 0.0
14.544785 12.224943 0.0
14.544785 12.558276 0.0
14.544785 12.224943 0.0
15.839035 1.0878224 11.134251
15.839035 1.0878224 11.134251
3.5453725 13.281089 13.687528
15.839035 1.0878224 11.134251
2.3650723 -0.19066274 19.288996
0.0 18.0 0.0
0.0 21.0 0.0
0.0 21.0 0.0
-16.535124 13.897831 0.0
0.0 21.0 0.0
0.0 24.0 0.0
0.0 24.0 0.0
19.137875 16.085451 0.0
0.0 24.0 0.0
0.0 27.0 0.0
