0.0 0.0 0.0
0.0 3.0 0.0
0.0 3.0 0.0
-3.366659 2.9859016 0.0
0.0 3.0 0.0
0.0 6.0 0.0
0.0 6.0 0.0
5.237025 4.644736 0.0
0.0 6.0 0.0
0.0 9.0 0.0
0.0 9.0 0.0
-7.1822057 6.3699236 0.0
-7.1822057 6.3699236 0.0
-7.1714215 0.0012975335 7.130786
-7.1822057 6.3699236 0.0
-8.376683 1.059386 5.3733416
-8.376683 1.059386 5.3733416
-8.376683 1.809386 5.3733416
-8.376683 1.059386 5.3733416
-2.93542 0.54746616 9.832378
0.0 9.0 0.0
0.0 12.0 0.0
0.0 12.0 0.0
-10.099977 8.957705 0.0
0.0 12.0 0.0
0.0 15.0 0.0
0.0 15.0 0.0
11.671084 10.351126 0.0
0.0 15.0 0.0
0.0 18.0 0.0
0.0 18.0 0.0
14.588855 12.938907 0.0
14.588855 12.938907 0.0
14.588855 13.058907 0.0
14.588855 12.938907 0.0
16.851479 2.0067291 10.914599
16.851479 2.0067291 10.914599
4.2717915 12.428028 15.427127
16.851479 2.0067291 10.914599
4.2505617 -0.26119792 19.849577
0.0 18.0 0.0
0.0 21.0 0.0
0.0 21.0 0.0
-16.833294 14.929508 0.0
0.0 21.0 0.0
0.0 24.0 0.0
0.0 24.0 0.0
18.404402 16.32293 0.0
0.0 24.0 0.0
0.0 27.0 0.0
