0.0 0.0 0.0
0.0 3.0 0.0
0.0 3.0 0.0
-2.5761175 2.5146806 0.0
0.0 3.0 0.0
0.0 6.0 0.0
0.0 6.0 0.0
5.0091176 4.8896565 0.0
0.0 6.0 0.0
0.0 9.0 0.0
0.0 9.0 0.0
-6.869647 6.7058153 0.0
-6.869647 6.7058153 0.0
-6.827828 0.001009509 6.867646
-6.869647 6.7058153 0.0
-9.223915 2.2981224 4.9158382
-9.223915 2.2981224 4.9158382
-9.223915 2.6314557 4.9158382
-9.223915 2.2981224 4.9158382
-4.1173162 -0.06897521 10.034348
0.0 9.0 0.0
0.0 12.0 0.0
0.0 12.0 0.0
-9.016412 8.801382 0.0
0.0 12.0 0.0
0.0 15.0 0.0
0.0 15.0 0.0
11.449411 11.176358 0.0
0.0 15.0 0.0
0.0 18.0 0.0
0.0 18.0 0.0
13.95397 13.621186 0.0
13.95397 13.621186 0.0
13.95397 13.954519 0.0
13.95397 13.621186 0.0
16.985123 2.9588642 9.985296
16.985123 2.9588642 9.985296
3.328764 10.3149605 16.739202
16.985123 2.9588642 9.985296
6.4871273 -0.26233602 19.129307
0.0 18.0 0.0
0.0 21.0 0.0
0.0 21.0 0.0
-16.100735 15.716754 0.0
0.0 21.0 0.0
0.0 24.0 0.0
0.0 24.0 0.0
18.2475 17.81232 0.0
0.0 24.0 0.0
0.0 27.0 0.0
