0.0 0.0 0.0
0.0 3.0 0.0
0.0 3.0 0.0
-3.0701158 1.8799969 0.0
0.0 3.0 0.0
0.0 6.0 0.0
0.0 6.0 0.0
5.96967 3.6555498 0.0
0.0 6.0 0.0
0.0 9.0 0.0
0.0 9.0 0.0
-8.954505 5.4833245 0.0
-8.954505 5.4833245 0.0
-7.4023933 0.7921121 7.9758782
-8.954505 5.4833245 0.0
-7.6299486 -0.81109643 7.6364913
-7.6299486 -0.81109643 7.6364913
-7.6299486 -0.4777631 7.6364913
-7.6299486 -0.81109643 7.6364913
1.5001765 2.045625 10.494835
0.0 9.0 0.0
0.0 12.0 0.0
0.0 12.0 0.0
-11.08653 6.788878 0.0
0.0 12.0 0.0
0.0 15.0 0.0
0.0 15.0 0.0
13.644959 8.355542 0.0
0.0 15.0 0.0
0.0 18.0 0.0
0.0 18.0 0.0
15.862266 9.713318 0.0
15.862266 9.713318 0.0
15.862266 9.833318 0.0
15.862266 9.713318 0.0
13.88871 -1.2085142 13.527498
13.88871 -1.2085142 13.527498
7.5674925 16.753498 6.221641
13.88871 -1.2085142 13.527498
-1.9883033 3.80515 18.90878
0.0 18.0 0.0
0.0 21.0 0.0
0.0 21.0 0.0
-18.76182 11.488871 0.0
0.0 21.0 0.0
0.0 24.0 0.0
0.0 24.0 0.0
21.32025 13.055534 0.0
0.0 24.0 0.0
0.0 27.0 0.0
