0.0 0.0 0.0
0.0 3.0 0.0
0.0 3.0 0.0
-3.4333837 2.0522857 0.0
0.0 3.0 0.0
0.0 6.0 0.0
0.0 6.0 0.0
6.4375944 3.8480356 0.0
0.0 6.0 0.0
0.0 9.0 0.0
0.0 9.0 0.0
-9.012632 5.38725 0.0
-9.012632 5.38725 0.0
-7.059391 1.0500736 7.938196
-9.012632 5.38725 0.0
-8.284149 -0.43544698 7.735956
-8.284149 -0.43544698 7.735956
-8.284149 -0.102113634 7.735956
-8.284149 -0.43544698 7.735956
1.0848775 2.1356738 11.079763
0.0 9.0 0.0
0.0 12.0 0.0
0.0 12.0 0.0
-11.158497 6.6699286 0.0
0.0 12.0 0.0
0.0 15.0 0.0
0.0 15.0 0.0
13.390197 8.003914 0.0
0.0 15.0 0.0
0.0 18.0 0.0
0.0 18.0 0.0
15.965235 9.543129 0.0
15.965235 9.543129 0.0
15.965235 10.293129 0.0
15.965235 9.543129 0.0
13.252377 -1.6215954 13.703694
13.252377 -1.6215954 13.703694
7.552062 16.768217 5.1835914
13.252377 -1.6215954 13.703694
-3.0799658 3.9411294 18.406097
0.0 18.0 0.0
0.0 21.0 0.0
0.0 21.0 0.0
-18.88361 11.287571 0.0
0.0 21.0 0.0
0.0 24.0 0.0
0.0 24.0 0.0
21.11531 12.621557 0.0
0.0 24.0 0.0
0.0 27.0 0.0
