0.0 0.0 0.0
0.0 3.0 0.0
0.0 3.0 0.0
-2.7662494 2.3038802 0.0
0.0 3.0 0.0
0.0 6.0 0.0
0.0 6.0 0.0
5.7630196 4.7997503 0.0
0.0 6.0 0.0
0.0 9.0 0.0
0.0 9.0 0.0
-8.068228 6.7196507 0.0
-8.068228 6.7196507 0.0
-6.9908133 0.19815707 7.9351363
-8.068228 6.7196507 0.0
-9.236202 0.9727514 6.1996474
-9.236202 0.9727514 6.1996474
-9.236202 1.0927514 6.1996474
-9.236202 0.9727514 6.1996474
-2.6341338 0.7010927 11.064691
0.0 9.0 0.0
0.0 12.0 0.0
0.0 12.0 0.0
-10.373436 8.639551 0.0
0.0 12.0 0.0
0.0 15.0 0.0
0.0 15.0 0.0
12.294442 10.239468 0.0
0.0 15.0 0.0
0.0 18.0 0.0
0.0 18.0 0.0
14.29229 11.903381 0.0
14.29229 11.903381 0.0
14.29229 12.236714 0.0
14.29229 11.903381 0.0
16.152706 1.5494537 10.982233
16.152706 1.5494537 10.982233
4.33399 13.15592 13.899733
16.152706 1.5494537 10.982233
3.1739311 0.17281663 19.440046
0.0 18.0 0.0
0.0 21.0 0.0
0.0 21.0 0.0
-16.597498 13.823281 0.0
0.0 21.0 0.0
0.0 24.0 0.0
0.0 24.0 0.0
19.594267 16.31915 0.0
0.0 24.0 0.0
0.0 27.0 0.0
