0.0 0.0 0.0
0.0 3.0 0.0
0.0 3.0 0.0
-1.1661798 3.4058807 0.0
0.0 3.0 0.0
0.0 6.0 0.0
0.0 6.0 0.0
2.4295413 7.095585 0.0
0.0 6.0 0.0
0.0 9.0 0.0
0.0 9.0 0.0
-3.401358 9.933819 0.0
-3.401358 9.933819 0.0
-8.416649 6.465069 2.0848382
-3.401358 9.933819 0.0
-6.74829 9.774866 1.1018319
-6.74829 9.774866 1.1018319
-6.74829 10.524866 1.1018319
-6.74829 9.774866 1.1018319
-9.192866 8.241328 3.2284522
0.0 9.0 0.0
0.0 12.0 0.0
0.0 12.0 0.0
-4.0816298 11.920583 0.0
0.0 12.0 0.0
0.0 15.0 0.0
0.0 15.0 0.0
5.3449907 15.610287 0.0
0.0 15.0 0.0
0.0 18.0 0.0
0.0 18.0 0.0
6.025263 17.597052 0.0
6.025263 17.597052 0.0
6.025263 18.347052 0.0
6.025263 17.597052 0.0
11.4173 15.74769 1.9518167
11.4173 15.74769 1.9518167
16.294704 8.239139 8.540337
11.4173 15.74769 1.9518167
14.916685 12.17193 5.545078
0.0 18.0 0.0
0.0 21.0 0.0
0.0 21.0 0.0
-7.288624 21.286755 0.0
0.0 21.0 0.0
0.0 24.0 0.0
0.0 24.0 0.0
8.098471 23.65195 0.0
0.0 24.0 0.0
0.0 27.0 0.0
