0.0 0.0 0.0
0.0 3.0 0.0
0.0 3.0 0.0
-1.3333452 4.2979283 0.0
0.0 3.0 0.0
0.0 6.0 0.0
0.0 6.0 0.0
2.0740924 6.6856666 0.0
0.0 6.0 0.0
0.0 9.0 0.0
0.0 9.0 0.0
-2.9629893 9.550952 0.0
-2.9629893 9.550952 0.0
-7.4874573 6.590313 1.6770147
-2.9629893 9.550952 0.0
-5.829095 9.238656 0.8779305
-5.829095 9.238656 0.8779305
-5.829095 9.571989 0.8779305
-5.829095 9.238656 0.8779305
-8.250744 8.683918 2.5656617
0.0 9.0 0.0
0.0 12.0 0.0
0.0 12.0 0.0
-3.7333665 12.034201 0.0
0.0 12.0 0.0
0.0 15.0 0.0
0.0 15.0 0.0
4.6222634 14.899486 0.0
0.0 15.0 0.0
0.0 18.0 0.0
0.0 18.0 0.0
5.51116 17.764772 0.0
5.51116 17.764772 0.0
5.51116 18.098106 0.0
5.51116 17.764772 0.0
10.735449 16.840069 1.6329508
10.735449 16.840069 1.6329508
16.133675 9.495974 7.422356
10.735449 16.840069 1.6329508
14.616829 14.144262 4.7405252
0.0 18.0 0.0
0.0 21.0 0.0
0.0 21.0 0.0
-6.518576 21.012094 0.0
0.0 21.0 0.0
0.0 24.0 0.0
0.0 24.0 0.0
7.5556226 24.354929 0.0
0.0 24.0 0.0
0.0 27.0 0.0
