0.0 0.0 0.0
0.0 3.0 0.0
0.0 3.0 0.0
-1.6888847 3.1792557 0.0
0.0 3.0 0.0
0.0 6.0 0.0
0.0 6.0 0.0
3.0962887 5.8286357 0.0
0.0 6.0 0.0
0.0 9.0 0.0
0.0 9.0 0.0
-4.6913466 8.831266 0.0
-4.6913466 8.831266 0.0
-8.8874035 2.8349369 3.8872998
-4.6913466 8.831266 0.0
-8.2710285 6.738603 2.2008734
-8.2710285 6.738603 2.2008734
-8.2710285 7.0719366 2.2008734
-8.2710285 6.738603 2.2008734
-9.40386 4.3333836 5.823876
0.0 9.0 0.0
0.0 12.0 0.0
0.0 12.0 0.0
-6.3333178 11.92221 0.0
0.0 12.0 0.0
0.0 15.0 0.0
0.0 15.0 0.0
7.5061545 14.130026 0.0
0.0 15.0 0.0
0.0 18.0 0.0
0.0 18.0 0.0
8.913559 16.779406 0.0
8.913559 16.779406 0.0
8.913559 17.11274 0.0
8.913559 16.779406 0.0
15.292733 12.008532 4.181659
15.292733 12.008532 4.181659
13.079635 2.6864467 15.01272
15.292733 12.008532 4.181659
16.531832 6.5142136 10.867286
0.0 18.0 0.0
0.0 21.0 0.0
0.0 21.0 0.0
-10.133308 19.075535 0.0
0.0 21.0 0.0
0.0 24.0 0.0
0.0 24.0 0.0
11.728367 22.078165 0.0
0.0 24.0 0.0
0.0 27.0 0.0
