0.0 0.0 0.0
0.0 3.0 0.0
0.0 3.0 0.0
-2.9687026 2.6808217 0.0
0.0 3.0 0.0
0.0 6.0 0.0
0.0 6.0 0.0
5.566317 5.0265408 0.0
0.0 6.0 0.0
0.0 9.0 0.0
0.0 9.0 0.0
-7.1248865 6.4339724 0.0
-7.1248865 6.4339724 0.0
-6.593643 0.05428177 7.0879817
-7.1248865 6.4339724 0.0
-8.420766 1.1702156 5.287917
-8.420766 1.1702156 5.287917
-8.420766 1.9202156 5.287917
-8.420766 1.1702156 5.287917
-2.7628179 0.17863119 9.793678
0.0 9.0 0.0
0.0 12.0 0.0
0.0 12.0 0.0
-10.019371 9.047773 0.0
0.0 12.0 0.0
0.0 15.0 0.0
0.0 15.0 0.0
11.57794 10.455205 0.0
0.0 15.0 0.0
0.0 18.0 0.0
0.0 18.0 0.0
14.101337 12.733903 0.0
14.101337 12.733903 0.0
14.101337 13.483903 0.0
14.101337 12.733903 0.0
16.89803 2.5254908 10.465669
16.89803 2.5254908 10.465669
4.076936 11.775712 15.746674
16.89803 2.5254908 10.465669
4.70411 -0.54578114 19.555454
0.0 18.0 0.0
0.0 21.0 0.0
0.0 21.0 0.0
-16.030994 14.476438 0.0
0.0 21.0 0.0
0.0 24.0 0.0
0.0 24.0 0.0
18.925478 17.090239 0.0
0.0 24.0 0.0
0.0 27.0 0.0
