0.0 0.0 0.0
0.0 3.0 0.0
0.0 3.0 0.0
-1.3390507 3.3416977 0.0
0.0 3.0 0.0
0.0 6.0 0.0
0.0 6.0 0.0
2.7896888 6.96187 0.0
0.0 6.0 0.0
0.0 9.0 0.0
0.0 9.0 0.0
-3.7195852 9.282494 0.0
-3.7195852 9.282494 0.0
-8.586033 5.0972695 2.5685241
-3.7195852 9.282494 0.0
-7.02963 8.260456 1.3835315
-7.02963 8.260456 1.3835315
-7.02963 8.593789 1.3835315
-7.02963 8.260456 1.3835315
-8.875089 5.989007 3.898993
0.0 9.0 0.0
0.0 12.0 0.0
0.0 12.0 0.0
-4.6866775 11.695942 0.0
0.0 12.0 0.0
0.0 15.0 0.0
0.0 15.0 0.0
5.9513364 14.85199 0.0
0.0 15.0 0.0
0.0 18.0 0.0
0.0 18.0 0.0
7.067212 17.636738 0.0
7.067212 17.636738 0.0
7.067212 17.756739 0.0
7.067212 17.636738 0.0
13.021534 14.859442 2.6287098
13.021534 14.859442 2.6287098
15.990547 5.738546 10.893226
13.021534 14.859442 2.6287098
16.397383 11.053383 7.283569
0.0 18.0 0.0
0.0 21.0 0.0
0.0 21.0 0.0
-8.183087 20.421486 0.0
0.0 21.0 0.0
0.0 24.0 0.0
0.0 24.0 0.0
9.298964 23.206234 0.0
0.0 24.0 0.0
0.0 27.0 0.0
