0.0 0.0 0.0
0.0 3.0 0.0
0.0 3.0 0.0
-1.947478 3.0277596 0.0
0.0 3.0 0.0
0.0 6.0 0.0
0.0 6.0 0.0
3.7867632 5.8873105 0.0
0.0 6.0 0.0
0.0 9.0 0.0
0.0 9.0 0.0
-5.680145 8.830966 0.0
-5.680145 8.830966 0.0
-9.315984 1.6570346 5.168665
-5.680145 8.830966 0.0
-9.6065855 6.1044683 3.072766
-9.6065855 6.1044683 3.072766
-9.6065855 6.224468 3.072766
-9.6065855 6.1044683 3.072766
-9.024127 2.1672118 7.78117
0.0 9.0 0.0
0.0 12.0 0.0
0.0 12.0 0.0
-6.8161736 10.597159 0.0
0.0 12.0 0.0
0.0 15.0 0.0
0.0 15.0 0.0
8.655458 13.45671 0.0
0.0 15.0 0.0
0.0 18.0 0.0
0.0 18.0 0.0
10.54884 16.400366 0.0
10.54884 16.400366 0.0
10.54884 17.150366 0.0
10.54884 16.400366 0.0
16.87479 9.835005 5.7065654
16.87479 9.835005 5.7065654
10.001454 2.5740414 17.721844
16.87479 9.835005 5.7065654
15.201495 3.1050801 13.928165
0.0 18.0 0.0
0.0 21.0 0.0
0.0 21.0 0.0
-11.684869 18.16656 0.0
0.0 21.0 0.0
0.0 24.0 0.0
0.0 24.0 0.0
13.794637 21.44663 0.0
0.0 24.0 0.0
0.0 27.0 0.0
