0.0 0.0 0.0
0.0 3.0 0.0
0.0 3.0 0.0
-1.9893976 4.0363717 0.0
0.0 3.0 0.0
0.0 6.0 0.0
0.0 6.0 0.0
2.9177833 5.920012 0.0
0.0 6.0 0.0
0.0 9.0 0.0
0.0 9.0 0.0
-4.4208837 8.969715 0.0
-4.4208837 8.969715 0.0
-9.34877 3.784798 3.5061204
-4.4208837 8.969715 0.0
-8.185396 7.6379757 1.9544213
-8.185396 7.6379757 1.9544213
-8.185396 7.7579756 1.9544213
-8.185396 7.6379757 1.9544213
-9.452531 4.5253634 5.3717284
0.0 9.0 0.0
0.0 12.0 0.0
0.0 12.0 0.0
-5.968193 12.109116 0.0
0.0 12.0 0.0
0.0 15.0 0.0
0.0 15.0 0.0
6.896579 13.992756 0.0
0.0 15.0 0.0
0.0 18.0 0.0
0.0 18.0 0.0
8.222844 16.68367 0.0
8.222844 16.68367 0.0
8.222844 17.017004 0.0
8.222844 16.68367 0.0
14.433499 12.601057 3.6352236
14.433499 12.601057 3.6352236
14.187522 3.4463034 13.661211
14.433499 12.601057 3.6352236
16.404985 7.635253 9.641575
0.0 18.0 0.0
0.0 21.0 0.0
0.0 21.0 0.0
-9.7259445 19.733374 0.0
0.0 21.0 0.0
0.0 24.0 0.0
0.0 24.0 0.0
11.052209 22.424288 0.0
0.0 24.0 0.0
0.0 27.0 0.0
