0.0 0.0 0.0
0.0 3.0 0.0
0.0 3.0 0.0
-3.1893396 2.4141483 0.0
0.0 3.0 0.0
0.0 6.0 0.0
0.0 6.0 0.0
5.5813446 4.2247596 0.0
0.0 6.0 0.0
0.0 9.0 0.0
0.0 9.0 0.0
-7.973349 6.035371 0.0
-7.973349 6.035371 0.0
-6.7171836 0.35433948 7.673889
-7.973349 6.035371 0.0
-8.912562 0.7109313 6.3574295
-8.912562 0.7109313 6.3574295
-8.912562 1.0442647 6.3574295
-8.912562 0.7109313 6.3574295
-1.5513188 0.7853877 10.943241
0.0 9.0 0.0
0.0 12.0 0.0
0.0 12.0 0.0
-10.04642 7.6045675 0.0
0.0 12.0 0.0
0.0 15.0 0.0
0.0 15.0 0.0
12.757359 9.656593 0.0
0.0 15.0 0.0
0.0 18.0 0.0
0.0 18.0 0.0
14.83043 11.22579 0.0
14.83043 11.22579 0.0
14.83043 11.559123 0.0
14.83043 11.22579 0.0
15.150137 0.24200058 11.82482
15.150137 0.24200058 11.82482
4.7600627 14.755654 11.370862
15.150137 0.24200058 11.82482
0.49954593 0.7351581 19.21645
0.0 18.0 0.0
0.0 21.0 0.0
0.0 21.0 0.0
-17.222435 13.036401 0.0
0.0 21.0 0.0
0.0 24.0 0.0
0.0 24.0 0.0
20.33204 15.390196 0.0
0.0 24.0 0.0
0.0 27.0 0.0
