0.0 0.0 0.0
0.0 3.0 0.0
0.0 3.0 0.0
-2.9501498 2.0631566 0.0
0.0 3.0 0.0
0.0 6.0 0.0
0.0 6.0 0.0
6.146146 4.298243 0.0
0.0 6.0 0.0
0.0 9.0 0.0
0.0 9.0 0.0
-8.604604 6.0175405 0.0
-8.604604 6.0175405 0.0
-6.777952 0.667258 8.082248
-8.604604 6.0175405 0.0
-8.986637 0.26717186 7.051353
-8.986637 0.26717186 7.051353
-8.986637 0.60050523 7.051353
-8.986637 0.26717186 7.051353
-0.6783788 1.2410592 11.405548
0.0 9.0 0.0
0.0 12.0 0.0
0.0 12.0 0.0
-11.063062 7.7368374 0.0
0.0 12.0 0.0
0.0 15.0 0.0
0.0 15.0 0.0
12.783983 8.940346 0.0
0.0 15.0 0.0
0.0 18.0 0.0
0.0 18.0 0.0
15.242441 10.659643 0.0
15.242441 10.659643 0.0
15.242441 10.992976 0.0
15.242441 10.659643 0.0
14.561182 -0.47643137 12.490969
14.561182 -0.47643137 12.490969
5.405122 15.83559 9.391386
14.561182 -0.47643137 12.490969
-0.654773 1.8498477 19.091248
0.0 18.0 0.0
0.0 21.0 0.0
0.0 21.0 0.0
-17.7009 12.378941 0.0
0.0 21.0 0.0
0.0 24.0 0.0
0.0 24.0 0.0
20.896894 14.614026 0.0
0.0 24.0 0.0
0.0 27.0 0.0
