0.0 0.0 0.0
0.0 3.0 0.0
0.0 3.0 0.0
-3.8362155 2.3523288 0.0
0.0 3.0 0.0
0.0 6.0 0.0
0.0 6.0 0.0
6.3936925 3.9205477 0.0
0.0 6.0 0.0
0.0 9.0 0.0
0.0 9.0 0.0
-8.95117 5.488767 0.0
-8.95117 5.488767 0.0
-7.029832 0.97760224 7.977848
-8.95117 5.488767 0.0
-8.403839 -0.33561802 7.6308036
-8.403839 -0.33561802 7.6308036
-8.403839 -0.0022846758 7.6308036
-8.403839 -0.33561802 7.6308036
0.5377402 2.1479166 11.153132
0.0 9.0 0.0
0.0 12.0 0.0
0.0 12.0 0.0
-11.0824 6.795616 0.0
0.0 12.0 0.0
0.0 15.0 0.0
0.0 15.0 0.0
13.298881 8.154739 0.0
0.0 15.0 0.0
0.0 18.0 0.0
0.0 18.0 0.0
16.197353 9.9320545 0.0
16.197353 9.9320545 0.0
16.197353 10.052054 0.0
16.197353 9.9320545 0.0
13.745529 -1.5034332 13.80812
13.745529 -1.5034332 13.80812
7.1746726 17.15146 5.989089
13.745529 -1.5034332 13.80812
-2.400202 3.9077206 18.93601
0.0 18.0 0.0
0.0 21.0 0.0
0.0 21.0 0.0
-18.754831 11.500274 0.0
0.0 21.0 0.0
0.0 24.0 0.0
0.0 24.0 0.0
21.31231 13.068493 0.0
0.0 24.0 0.0
0.0 27.0 0.0
