0.0 0.0 0.0
0.0 3.0 0.0
0.0 3.0 0.0
-1.620206 3.214799 0.0
0.0 3.0 0.0
0.0 6.0 0.0
0.0 6.0 0.0
2.9703777 5.893798 0.0
0.0 6.0 0.0
0.0 9.0 0.0
0.0 9.0 0.0
-4.3205495 8.572798 0.0
-4.3205495 8.572798 0.0
-8.51634 3.1053214 3.472866
-4.3205495 8.572798 0.0
-7.753722 6.8120728 1.9444946
-7.753722 6.8120728 1.9444946
-7.753722 6.9320726 1.9444946
-7.753722 6.8120728 1.9444946
-8.91758 4.2538104 5.226052
0.0 9.0 0.0
0.0 12.0 0.0
0.0 12.0 0.0
-5.8507442 11.608996 0.0
0.0 12.0 0.0
0.0 15.0 0.0
0.0 15.0 0.0
7.020893 13.930796 0.0
0.0 15.0 0.0
0.0 18.0 0.0
0.0 18.0 0.0
8.776116 17.413494 0.0
8.776116 17.413494 0.0
8.776116 17.533495 0.0
8.776116 17.413494 0.0
15.105604 12.558916 3.9497547
15.105604 12.558916 3.9497547
13.820034 2.9982991 14.4916115
15.105604 12.558916 3.9497547
16.560818 6.83718 10.325517
0.0 18.0 0.0
0.0 21.0 0.0
0.0 21.0 0.0
-10.126287 20.092493 0.0
0.0 21.0 0.0
0.0 24.0 0.0
0.0 24.0 0.0
11.4764595 22.771492 0.0
0.0 24.0 0.0
0.0 27.0 0.0
