0.0 0.0 0.0
0.0 3.0 0.0
0.0 3.0 0.0
-1.4648647 4.2549 0.0
0.0 3.0 0.0
0.0 6.0 0.0
0.0 6.0 0.0
2.1484683 6.2405195 0.0
0.0 6.0 0.0
0.0 9.0 0.0
0.0 9.0 0.0
-3.255255 9.455333 0.0
-3.255255 9.455333 0.0
-8.04748 6.134909 2.0039034
-3.255255 9.455333 0.0
-6.4765463 9.35668 1.0596685
-6.4765463 9.35668 1.0596685
-6.4765463 10.10668 1.0596685
-6.4765463 9.35668 1.0596685
-8.998213 8.384192 3.1102328
0.0 9.0 0.0
0.0 12.0 0.0
0.0 12.0 0.0
-4.101621 11.913719 0.0
0.0 12.0 0.0
0.0 15.0 0.0
0.0 15.0 0.0
5.078198 14.7503195 0.0
0.0 15.0 0.0
0.0 18.0 0.0
0.0 18.0 0.0
6.0547743 17.58692 0.0
6.0547743 17.58692 0.0
6.0547743 17.920254 0.0
6.0547743 17.58692 0.0
11.626448 16.183687 1.9709834
11.626448 16.183687 1.9709834
16.300806 7.955003 8.710395
11.626448 16.183687 1.9709834
15.251289 12.499829 5.6483355
0.0 18.0 0.0
0.0 21.0 0.0
0.0 21.0 0.0
-7.161561 20.801731 0.0
0.0 21.0 0.0
0.0 24.0 0.0
0.0 24.0 0.0
8.3009 24.1111 0.0
0.0 24.0 0.0
0.0 27.0 0.0
