0.0 0.0 0.0
0.0 3.0 0.0
0.0 3.0 0.0
-2.3940287 2.6886103 0.0
0.0 3.0 0.0
0.0 6.0 0.0
0.0 6.0 0.0
4.3890524 4.929119 0.0
0.0 6.0 0.0
0.0 9.0 0.0
0.0 9.0 0.0
-6.6500797 7.4683623 0.0
-6.6500797 7.4683623 0.0
-7.838215 0.13818914 6.6055517
-6.6500797 7.4683623 0.0
-9.67321 3.3951225 4.4223557
-9.67321 3.3951225 4.4223557
-9.67321 3.5151224 4.4223557
-9.67321 3.3951225 4.4223557
-5.855788 0.13520575 9.735537
0.0 9.0 0.0
0.0 12.0 0.0
0.0 12.0 0.0
-8.645103 9.708871 0.0
0.0 12.0 0.0
0.0 15.0 0.0
0.0 15.0 0.0
10.972631 12.322798 0.0
0.0 15.0 0.0
0.0 18.0 0.0
0.0 18.0 0.0
12.635151 14.189889 0.0
12.635151 14.189889 0.0
12.635151 14.939889 0.0
12.635151 14.189889 0.0
17.481339 5.4425044 8.402475
17.481339 5.4425044 8.402475
5.4201336 6.9996657 18.335014
17.481339 5.4425044 8.402475
9.861678 -0.15477324 17.900501
0.0 18.0 0.0
0.0 21.0 0.0
0.0 21.0 0.0
-14.962679 16.803816 0.0
0.0 21.0 0.0
0.0 24.0 0.0
0.0 24.0 0.0
16.625198 18.670906 0.0
0.0 24.0 0.0
0.0 27.0 0.0
