0.0 0.0 0.0
0.0 3.0 0.0
0.0 3.0 0.0
-3.0917044 2.5379844 0.0
0.0 3.0 0.0
0.0 6.0 0.0
0.0 6.0 0.0
5.4104824 4.4414725 0.0
0.0 6.0 0.0
0.0 9.0 0.0
0.0 9.0 0.0
-7.4200907 6.0911627 0.0
-7.4200907 6.0911627 0.0
-6.991722 0.085089326 7.2779
-7.4200907 6.0911627 0.0
-8.854628 1.1776125 5.735182
-8.854628 1.1776125 5.735182
-8.854628 1.5109459 5.735182
-8.854628 1.1776125 5.735182
-2.4352365 0.4654951 10.4829235
0.0 9.0 0.0
0.0 12.0 0.0
0.0 12.0 0.0
-9.738869 7.994651 0.0
0.0 12.0 0.0
0.0 15.0 0.0
0.0 15.0 0.0
12.753281 10.469186 0.0
0.0 15.0 0.0
0.0 18.0 0.0
0.0 18.0 0.0
15.072059 12.372674 0.0
15.072059 12.372674 0.0
15.072059 12.492674 0.0
15.072059 12.372674 0.0
16.403877 1.0932908 11.649588
16.403877 1.0932908 11.649588
4.6568246 13.982974 13.819848
16.403877 1.0932908 11.649588
2.8952076 0.5603019 20.070602
0.0 18.0 0.0
0.0 21.0 0.0
0.0 21.0 0.0
-16.695204 13.705116 0.0
0.0 21.0 0.0
0.0 24.0 0.0
0.0 24.0 0.0
19.709616 16.179651 0.0
0.0 24.0 0.0
0.0 27.0 0.0
