0.0 0.0 0.0
0.0 3.0 0.0
0.0 3.0 0.0
-3.1542957 3.2094264 0.0
0.0 3.0 0.0
0.0 6.0 0.0
0.0 6.0 0.0
4.6263003 4.7071586 0.0
0.0 6.0 0.0
0.0 9.0 0.0
0.0 9.0 0.0
-6.7291646 6.8467765 0.0
-6.7291646 6.8467765 0.0
-7.181052 0.0078302175 6.7281547
-6.7291646 6.8467765 0.0
-8.923109 2.2322896 4.716839
-8.923109 2.2322896 4.716839
-8.923109 2.3522894 4.716839
-8.923109 2.2322896 4.716839
-4.166093 -0.123319864 9.618772
0.0 9.0 0.0
0.0 12.0 0.0
0.0 12.0 0.0
-9.11241 9.271676 0.0
0.0 12.0 0.0
0.0 15.0 0.0
0.0 15.0 0.0
10.934893 11.126012 0.0
0.0 15.0 0.0
0.0 18.0 0.0
0.0 18.0 0.0
13.037756 13.26563 0.0
13.037756 13.26563 0.0
13.037756 13.598963 0.0
13.037756 13.26563 0.0
16.350996 3.371149 9.138875
16.350996 3.371149 9.138875
3.3372238 8.913376 16.506874
16.350996 3.371149 9.138875
7.1628437 -0.2098682 17.979206
0.0 18.0 0.0
0.0 21.0 0.0
0.0 21.0 0.0
-15.14062 15.405247 0.0
0.0 21.0 0.0
0.0 24.0 0.0
0.0 24.0 0.0
17.243484 17.544865 0.0
0.0 24.0 0.0
0.0 27.0 0.0
