0.0 0.0 0.0
0.0 3.0 0.0
0.0 3.0 0.0
-3.3884602 2.9611378 0.0
0.0 3.0 0.0
0.0 6.0 0.0
0.0 6.0 0.0
4.9697413 4.3430023 0.0
0.0 6.0 0.0
0.0 9.0 0.0
0.0 9.0 0.0
-7.906407 6.909322 0.0
-7.906407 6.909322 0.0
-7.319294 0.07938397 7.835111
-7.906407 6.909322 0.0
-9.077961 1.0238087 5.9534545
-9.077961 1.0238087 5.9534545
-9.077961 1.3571421 5.9534545
-9.077961 1.0238087 5.9534545
-2.2036252 -0.053951263 10.75318
0.0 9.0 0.0
0.0 12.0 0.0
0.0 12.0 0.0
-9.487689 8.291186 0.0
0.0 12.0 0.0
0.0 15.0 0.0
0.0 15.0 0.0
11.746662 10.265278 0.0
0.0 15.0 0.0
0.0 18.0 0.0
0.0 18.0 0.0
14.683328 12.831597 0.0
14.683328 12.831597 0.0
14.683328 12.951597 0.0
14.683328 12.831597 0.0
16.773014 1.8261542 11.056416
16.773014 1.8261542 11.056416
3.9092562 12.7957325 15.1403
16.773014 1.8261542 11.056416
4.288995 0.14676976 19.905392
0.0 18.0 0.0
0.0 21.0 0.0
0.0 21.0 0.0
-16.9423 14.805689 0.0
0.0 21.0 0.0
0.0 24.0 0.0
0.0 24.0 0.0
18.824778 16.450766 0.0
0.0 24.0 0.0
0.0 27.0 0.0
