0.0 0.0 0.0
0.0 3.0 0.0
0.0 3.0 0.0
-1.7968745 3.1194937 0.0
0.0 3.0 0.0
0.0 6.0 0.0
0.0 6.0 0.0
3.29427 5.719072 0.0
0.0 6.0 0.0
0.0 9.0 0.0
0.0 9.0 0.0
-5.2408843 9.098524 0.0
-5.2408843 9.098524 0.0
-9.838513 2.6667438 4.5334773
-5.2408843 9.098524 0.0
-8.975704 6.4838953 2.6158922
-8.975704 6.4838953 2.6158922
-8.975704 7.2338953 2.6158922
-8.975704 6.4838953 2.6158922
-9.343613 3.254606 6.7467985
0.0 9.0 0.0
0.0 12.0 0.0
0.0 12.0 0.0
-6.73828 11.698102 0.0
0.0 12.0 0.0
0.0 15.0 0.0
0.0 15.0 0.0
8.235675 14.29768 0.0
0.0 15.0 0.0
0.0 18.0 0.0
0.0 18.0 0.0
9.283853 16.117386 0.0
9.283853 16.117386 0.0
9.283853 16.237387 0.0
9.283853 16.117386 0.0
15.315123 10.470684 4.6338663
15.315123 10.470684 4.6338663
11.005414 2.134124 15.572882
15.315123 10.470684 4.6338663
15.470379 4.9034014 11.659632
0.0 18.0 0.0
0.0 21.0 0.0
0.0 21.0 0.0
-10.781248 18.716963 0.0
0.0 21.0 0.0
0.0 24.0 0.0
0.0 24.0 0.0
12.278644 21.316542 0.0
0.0 24.0 0.0
0.0 27.0 0.0
