0.0 0.0 0.0
0.0 3.0 0.0
0.0 3.0 0.0
-2.1353545 2.8983202 0.0
0.0 3.0 0.0
0.0 6.0 0.0
0.0 6.0 0.0
4.1520786 5.6356225 0.0
0.0 6.0 0.0
0.0 9.0 0.0
0.0 9.0 0.0
-5.694279 7.728854 0.0
-5.694279 7.728854 0.0
-7.9963565 0.714272 5.438513
-5.694279 7.728854 0.0
-8.868406 4.3082476 3.377585
-8.868406 4.3082476 3.377585
-8.868406 5.0582476 3.377585
-8.868406 4.3082476 3.377585
-7.046628 0.90488267 7.9795876
0.0 9.0 0.0
0.0 12.0 0.0
0.0 12.0 0.0
-7.711003 10.466156 0.0
0.0 12.0 0.0
0.0 15.0 0.0
0.0 15.0 0.0
9.490465 12.881423 0.0
0.0 15.0 0.0
0.0 18.0 0.0
0.0 18.0 0.0
11.032666 14.974654 0.0
11.032666 14.974654 0.0
11.032666 15.307987 0.0
11.032666 14.974654 0.0
16.923033 7.995003 6.5440707
16.923033 7.995003 6.5440707
7.9861674 3.7712045 18.102158
16.923033 7.995003 6.5440707
12.942065 1.1406989 15.306524
0.0 18.0 0.0
0.0 21.0 0.0
0.0 21.0 0.0
-13.04939 17.711956 0.0
0.0 21.0 0.0
0.0 24.0 0.0
0.0 24.0 0.0
14.591591 19.805187 0.0
0.0 24.0 0.0
0.0 27.0 0.0
