0.0 0.0 0.0
0.0 3.0 0.0
0.0 3.0 0.0
-1.9475622 3.0277057 0.0
0.0 3.0 0.0
0.0 6.0 0.0
0.0 6.0 0.0
4.057421 6.30772 0.0
0.0 6.0 0.0
0.0 9.0 0.0
0.0 9.0 0.0
-5.68039 8.830808 0.0
-5.68039 8.830808 0.0
-9.695012 1.8293953 5.1690187
-5.68039 8.830808 0.0
-9.606771 6.104003 3.0730314
-9.606771 6.104003 3.0730314
-9.606771 6.4373364 3.0730314
-9.606771 6.104003 3.0730314
-9.023764 2.1666799 7.7816725
0.0 9.0 0.0
0.0 12.0 0.0
0.0 12.0 0.0
-6.8164682 10.59697 0.0
0.0 12.0 0.0
0.0 15.0 0.0
0.0 15.0 0.0
8.439437 13.120058 0.0
0.0 15.0 0.0
0.0 18.0 0.0
0.0 18.0 0.0
10.549295 16.400072 0.0
10.549295 16.400072 0.0
10.549295 17.150072 0.0
10.549295 16.400072 0.0
17.145588 10.254683 5.7070584
17.145588 10.254683 5.7070584
10.808619 2.8194084 17.968567
17.145588 10.254683 5.7070584
15.619617 3.3347626 14.075387
0.0 18.0 0.0
0.0 21.0 0.0
0.0 21.0 0.0
-12.172264 18.92316 0.0
0.0 21.0 0.0
0.0 24.0 0.0
0.0 24.0 0.0
13.524738 21.025734 0.0
0.0 24.0 0.0
0.0 27.0 0.0
