0.0 0.0 0.0
0.0 3.0 0.0
0.0 3.0 0.0
-2.0595841 3.4290104 0.0
0.0 3.0 0.0
0.0 6.0 0.0
0.0 6.0 0.0
3.3983138 5.657867 0.0
0.0 6.0 0.0
0.0 9.0 0.0
0.0 9.0 0.0
-5.4064083 9.001152 0.0
-5.4064083 9.001152 0.0
-9.801316 2.338682 4.772734
-5.4064083 9.001152 0.0
-9.122625 6.187147 2.7837381
-9.122625 6.187147 2.7837381
-9.122625 6.937147 2.7837381
-9.122625 6.187147 2.7837381
-8.969997 2.529628 7.0835705
0.0 9.0 0.0
0.0 12.0 0.0
0.0 12.0 0.0
-6.9510965 11.57291 0.0
0.0 12.0 0.0
0.0 15.0 0.0
0.0 15.0 0.0
8.495785 14.144668 0.0
0.0 15.0 0.0
0.0 18.0 0.0
0.0 18.0 0.0
9.783025 16.2878 0.0
9.783025 16.2878 0.0
9.783025 16.621134 0.0
9.783025 16.2878 0.0
16.090788 10.501823 5.0372405
16.090788 10.501823 5.0372405
11.394943 2.53842 16.571133
16.090788 10.501823 5.0372405
15.523656 4.0930223 12.603271
0.0 18.0 0.0
0.0 21.0 0.0
0.0 21.0 0.0
-11.121755 18.516657 0.0
0.0 21.0 0.0
0.0 24.0 0.0
0.0 24.0 0.0
12.666443 21.088415 0.0
0.0 24.0 0.0
0.0 27.0 0.0
