0.0 0.0 0.0
0.0 3.0 0.0
0.0 3.0 0.0
-2.683481 3.6123304 0.0
0.0 3.0 0.0
0.0 6.0 0.0
0.0 6.0 0.0
3.935772 5.2980847 0.0
0.0 6.0 0.0
0.0 9.0 0.0
0.0 9.0 0.0
-5.7247596 7.706305 0.0
-5.7247596 7.706305 0.0
-7.970282 0.6773273 5.480853
-5.7247596 7.706305 0.0
-8.642279 3.9273772 3.4138408
-8.642279 3.9273772 3.4138408
-8.642279 4.047377 3.4138408
-8.642279 3.9273772 3.4138408
-7.171319 1.4337282 7.8940687
0.0 9.0 0.0
0.0 12.0 0.0
0.0 12.0 0.0
-7.7522783 10.435621 0.0
0.0 12.0 0.0
0.0 15.0 0.0
0.0 15.0 0.0
9.5412655 12.843842 0.0
0.0 15.0 0.0
0.0 18.0 0.0
0.0 18.0 0.0
11.330253 15.252062 0.0
11.330253 15.252062 0.0
11.330253 15.585395 0.0
11.330253 15.252062 0.0
17.290863 8.02379 6.7565594
17.290863 8.02379 6.7565594
7.3707542 3.7643118 18.505358
17.290863 8.02379 6.7565594
13.587054 1.7707286 15.734806
0.0 18.0 0.0
0.0 21.0 0.0
0.0 21.0 0.0
-13.11924 17.660282 0.0
0.0 21.0 0.0
0.0 24.0 0.0
0.0 24.0 0.0
15.206392 20.469872 0.0
0.0 24.0 0.0
0.0 27.0 0.0
