0.0 0.0 0.0
0.0 3.0 0.0
0.0 3.0 0.0
-1.2170438 4.332298 0.0
0.0 3.0 0.0
0.0 6.0 0.0
0.0 6.0 0.0
2.0284061 7.220496 0.0
0.0 6.0 0.0
0.0 9.0 0.0
0.0 9.0 0.0
-2.5963602 9.242236 0.0
-2.5963602 9.242236 0.0
-6.767664 6.8383646 1.3520552
-2.5963602 9.242236 0.0
-5.176504 9.18451 0.7021964
-5.176504 9.18451 0.7021964
-5.176504 9.93451 0.7021964
-5.176504 9.18451 0.7021964
-7.5047026 8.989859 2.0760345
0.0 9.0 0.0
0.0 12.0 0.0
0.0 12.0 0.0
-3.5159042 12.515527 0.0
0.0 12.0 0.0
0.0 15.0 0.0
0.0 15.0 0.0
4.3272667 15.403726 0.0
0.0 15.0 0.0
0.0 18.0 0.0
0.0 18.0 0.0
5.138629 18.291924 0.0
5.138629 18.291924 0.0
5.138629 19.041924 0.0
5.138629 18.291924 0.0
9.980343 17.234999 1.3897636
9.980343 17.234999 1.3897636
15.804733 10.9381695 6.3837194
9.980343 17.234999 1.3897636
13.955424 15.539821 4.0371966
0.0 18.0 0.0
0.0 21.0 0.0
0.0 21.0 0.0
-5.9499917 21.180122 0.0
0.0 21.0 0.0
0.0 24.0 0.0
0.0 24.0 0.0
6.7613544 24.068321 0.0
0.0 24.0 0.0
0.0 27.0 0.0
