0.0 0.0 0.0
0.0 3.0 0.0
0.0 3.0 0.0
-2.2786703 2.7870524 0.0
0.0 3.0 0.0
0.0 6.0 0.0
0.0 6.0 0.0
4.177562 5.1095963 0.0
0.0 6.0 0.0
0.0 9.0 0.0
0.0 9.0 0.0
-6.0764546 7.4321404 0.0
-6.0764546 7.4321404 0.0
-7.850553 0.35970998 5.9552765
-6.0764546 7.4321404 0.0
-9.295687 3.9374573 3.846177
-9.295687 3.9374573 3.846177
-9.295687 4.0574574 3.846177
-9.295687 3.9374573 3.846177
-6.8119264 0.80827713 8.861473
0.0 9.0 0.0
0.0 12.0 0.0
0.0 12.0 0.0
-8.545014 10.451447 0.0
0.0 12.0 0.0
0.0 15.0 0.0
0.0 15.0 0.0
10.443906 12.773991 0.0
0.0 15.0 0.0
0.0 18.0 0.0
0.0 18.0 0.0
12.342798 15.096535 0.0
12.342798 15.096535 0.0
12.342798 15.216535 0.0
12.342798 15.096535 0.0
17.586266 6.413308 7.812547
17.586266 6.413308 7.812547
5.7850294 5.4197693 18.788012
17.586266 6.413308 7.812547
11.404428 0.25151253 17.179802
0.0 18.0 0.0
0.0 21.0 0.0
0.0 21.0 0.0
-13.925208 17.031988 0.0
0.0 21.0 0.0
0.0 24.0 0.0
0.0 24.0 0.0
15.570915 19.044859 0.0
0.0 24.0 0.0
0.0 27.0 0.0
