0.0 0.0 0.0
0.0 3.0 0.0
0.0 3.0 0.0
-3.1956282 3.1682744 0.0
0.0 3.0 0.0
0.0 6.0 0.0
0.0 6.0 0.0
4.686921 4.6468024 0.0
0.0 6.0 0.0
0.0 9.0 0.0
0.0 9.0 0.0
-7.4564657 7.39264 0.0
-7.4564657 7.39264 0.0
-7.5129137 -4.8526376E-4 7.45619
-7.4564657 7.39264 0.0
-10.0112 2.5328658 5.295131
-10.0112 2.5328658 5.295131
-10.0112 2.6528656 5.295131
-10.0112 2.5328658 5.295131
-5.179 0.50429296 10.837444
0.0 9.0 0.0
0.0 12.0 0.0
0.0 12.0 0.0
-8.947759 8.871168 0.0
0.0 12.0 0.0
0.0 15.0 0.0
0.0 15.0 0.0
11.078177 10.983352 0.0
0.0 15.0 0.0
0.0 18.0 0.0
0.0 18.0 0.0
13.847722 13.729189 0.0
13.847722 13.729189 0.0
13.847722 14.479189 0.0
13.847722 13.729189 0.0
17.040066 3.1650176 9.833816
17.040066 3.1650176 9.833816
3.3706872 9.951326 16.9549
17.040066 3.1650176 9.833816
6.487809 -0.62811613 19.024431
0.0 18.0 0.0
0.0 21.0 0.0
0.0 21.0 0.0
-15.623071 15.489342 0.0
0.0 21.0 0.0
0.0 24.0 0.0
0.0 24.0 0.0
17.469433 17.3199 0.0
0.0 24.0 0.0
0.0 27.0 0.0
