0.0 0.0 0.0
0.0 3.0 0.0
0.0 3.0 0.0
-1.4574027 3.7250473 0.0
0.0 3.0 0.0
0.0 6.0 0.0
0.0 6.0 0.0
2.73263 6.9844637 0.0
0.0 6.0 0.0
0.0 9.0 0.0
0.0 9.0 0.0
-3.8256822 9.77825 0.0
-3.8256822 9.77825 0.0
-8.780972 5.3633695 2.5961528
-3.8256822 9.77825 0.0
-7.4270554 9.2049265 1.3938899
-7.4270554 9.2049265 1.3938899
-7.4270554 9.324926 1.3938899
-7.4270554 9.2049265 1.3938899
-9.54058 6.795951 4.004129
0.0 9.0 0.0
0.0 12.0 0.0
0.0 12.0 0.0
-4.736559 12.106404 0.0
0.0 12.0 0.0
0.0 15.0 0.0
0.0 15.0 0.0
5.829611 14.900189 0.0
0.0 15.0 0.0
0.0 18.0 0.0
0.0 18.0 0.0
7.1048384 18.159605 0.0
7.1048384 18.159605 0.0
7.1048384 18.492939 0.0
7.1048384 18.159605 0.0
12.996737 15.059391 2.5886526
12.996737 15.059391 2.5886526
16.449713 6.3259916 10.721096
12.996737 15.059391 2.5886526
16.098566 10.516771 7.146083
0.0 18.0 0.0
0.0 21.0 0.0
0.0 21.0 0.0
-8.19789 20.953392 0.0
0.0 21.0 0.0
0.0 24.0 0.0
0.0 24.0 0.0
9.108767 23.281546 0.0
0.0 24.0 0.0
0.0 27.0 0.0
