0.0 0.0 0.0
0.0 3.0 0.0
0.0 3.0 0.0
-2.4991324 2.5912037 0.0
0.0 3.0 0.0
0.0 6.0 0.0
0.0 6.0 0.0
5.206526 5.398341 0.0
0.0 6.0 0.0
0.0 9.0 0.0
0.0 9.0 0.0
-6.6643534 6.9098773 0.0
-6.6643534 6.9098773 0.0
-7.2471886 0.02109094 6.659994
-6.6643534 6.9098773 0.0
-8.943743 2.3633652 4.626417
-8.943743 2.3633652 4.626417
-8.943743 2.483365 4.626417
-8.943743 2.3633652 4.626417
-5.003854 0.5413778 9.5387745
0.0 9.0 0.0
0.0 12.0 0.0
0.0 12.0 0.0
-9.371746 9.717014 0.0
0.0 12.0 0.0
0.0 15.0 0.0
0.0 15.0 0.0
11.107255 11.516461 0.0
0.0 15.0 0.0
0.0 18.0 0.0
0.0 18.0 0.0
12.912184 13.387887 0.0
12.912184 13.387887 0.0
12.912184 13.507887 0.0
12.912184 13.387887 0.0
16.677685 3.9042273 8.963682
16.677685 3.9042273 8.963682
3.9326565 8.50248 16.990932
16.677685 3.9042273 8.963682
7.2883415 -0.77157736 18.029575
0.0 18.0 0.0
0.0 21.0 0.0
0.0 21.0 0.0
-15.619577 16.195024 0.0
0.0 21.0 0.0
0.0 24.0 0.0
0.0 24.0 0.0
17.702188 18.35436 0.0
0.0 24.0 0.0
0.0 27.0 0.0
