0.0 0.0 0.0
0.0 3.0 0.0
0.0 3.0 0.0
-3.1002738 3.2616408 0.0
0.0 3.0 0.0
0.0 6.0 0.0
0.0 6.0 0.0
4.5470686 4.7837396 0.0
0.0 6.0 0.0
0.0 9.0 0.0
0.0 9.0 0.0
-6.613918 6.958167 0.0
-6.613918 6.958167 0.0
-7.2991233 0.03478217 6.605413
-6.613918 6.958167 0.0
-8.957387 2.4654455 4.5566573
-8.957387 2.4654455 4.5566573
-8.957387 2.7987788 4.5566573
-8.957387 2.4654455 4.5566573
-5.16234 0.5640824 9.473896
0.0 9.0 0.0
0.0 12.0 0.0
0.0 12.0 0.0
-8.680767 9.132594 0.0
0.0 12.0 0.0
0.0 15.0 0.0
0.0 15.0 0.0
11.023196 11.596945 0.0
0.0 15.0 0.0
0.0 18.0 0.0
0.0 18.0 0.0
12.8144655 13.481448 0.0
12.8144655 13.481448 0.0
12.8144655 13.814781 0.0
12.8144655 13.481448 0.0
17.05352 4.4596963 8.828523
17.05352 4.4596963 8.828523
4.170638 8.174566 17.479166
17.05352 4.4596963 8.828523
8.656382 -0.005680084 18.148012
0.0 18.0 0.0
0.0 21.0 0.0
0.0 21.0 0.0
-14.881315 15.655876 0.0
0.0 21.0 0.0
0.0 24.0 0.0
0.0 24.0 0.0
17.568218 18.482632 0.0
0.0 24.0 0.0
0.0 27.0 0.0
