0.0 0.0 0.0
0.0 3.0 0.0
0.0 3.0 0.0
-2.325819 2.7478292 0.0
0.0 3.0 0.0
0.0 6.0 0.0
0.0 6.0 0.0
4.845456 5.7246447 0.0
0.0 6.0 0.0
0.0 9.0 0.0
0.0 9.0 0.0
-6.4606085 7.632859 0.0
-6.4606085 7.632859 0.0
-8.033063 0.26340628 6.3718286
-6.4606085 7.632859 0.0
-9.341337 3.403426 4.173946
-9.341337 3.403426 4.173946
-9.341337 4.153426 4.173946
-9.341337 3.403426 4.173946
-6.2289004 0.49677014 9.220986
0.0 9.0 0.0
0.0 12.0 0.0
0.0 12.0 0.0
-8.721821 10.30436 0.0
0.0 12.0 0.0
0.0 15.0 0.0
0.0 15.0 0.0
10.660004 12.594218 0.0
0.0 15.0 0.0
0.0 18.0 0.0
0.0 18.0 0.0
12.275156 14.502433 0.0
12.275156 14.502433 0.0
12.275156 14.622433 0.0
12.275156 14.502433 0.0
16.908663 5.474237 7.9304976
16.908663 5.474237 7.9304976
5.308021 5.9872417 17.986511
16.908663 5.474237 7.9304976
10.4461 0.29532957 16.977262
0.0 18.0 0.0
0.0 21.0 0.0
0.0 21.0 0.0
-14.536368 17.173933 0.0
0.0 21.0 0.0
0.0 24.0 0.0
0.0 24.0 0.0
16.47455 19.46379 0.0
0.0 24.0 0.0
0.0 27.0 0.0
