0.0 0.0 0.0
0.0 3.0 0.0
0.0 3.0 0.0
-2.8458698 2.2047732 0.0
0.0 3.0 0.0
0.0 6.0 0.0
0.0 6.0 0.0
5.9288955 4.5932775 0.0
0.0 6.0 0.0
0.0 9.0 0.0
0.0 9.0 0.0
-7.9051943 6.12437 0.0
-7.9051943 6.12437 0.0
-7.1498103 0.19490767 7.654494
-7.9051943 6.12437 0.0
-8.280818 0.2910061 6.2492094
-8.280818 0.2910061 6.2492094
-8.280818 1.0410061 6.2492094
-8.280818 0.2910061 6.2492094
-0.7848062 0.44184396 10.373394
0.0 9.0 0.0
0.0 12.0 0.0
0.0 12.0 0.0
-10.276752 7.9616814 0.0
0.0 12.0 0.0
0.0 15.0 0.0
0.0 15.0 0.0
12.648311 9.798992 0.0
0.0 15.0 0.0
0.0 18.0 0.0
0.0 18.0 0.0
15.019869 11.636303 0.0
15.019869 11.636303 0.0
15.019869 11.969636 0.0
15.019869 11.636303 0.0
16.01814 0.7733884 11.873498
16.01814 0.7733884 11.873498
5.347363 14.6268215 12.543655
16.01814 0.7733884 11.873498
2.0567524 1.0572281 19.934422
0.0 18.0 0.0
0.0 21.0 0.0
0.0 21.0 0.0
-17.07522 13.22864 0.0
0.0 21.0 0.0
0.0 24.0 0.0
0.0 24.0 0.0
20.158245 15.617144 0.0
0.0 24.0 0.0
0.0 27.0 0.0
