0.0 0.0 0.0
0.0 3.0 0.0
0.0 3.0 0.0
-1.8047142 3.5697348 0.0
0.0 3.0 0.0
0.0 6.0 0.0
0.0 6.0 0.0
2.9777784 5.8900623 0.0
0.0 6.0 0.0
0.0 9.0 0.0
0.0 9.0 0.0
-4.331314 8.567364 0.0
-4.331314 8.567364 0.0
-8.690141 3.2090688 3.4879806
-4.331314 8.567364 0.0
-7.766212 6.794247 1.954196
-7.766212 6.794247 1.954196
-7.766212 6.914247 1.954196
-7.766212 6.794247 1.954196
-8.915051 4.2266073 5.2479386
0.0 9.0 0.0
0.0 12.0 0.0
0.0 12.0 0.0
-5.6848497 11.244665 0.0
0.0 12.0 0.0
0.0 15.0 0.0
0.0 15.0 0.0
7.218857 14.278939 0.0
0.0 15.0 0.0
0.0 18.0 0.0
0.0 18.0 0.0
8.572392 16.95624 0.0
8.572392 16.95624 0.0
8.572392 17.70624 0.0
8.572392 16.95624 0.0
14.928848 12.573106 3.8676796
14.928848 12.573106 3.8676796
13.79441 3.0324802 14.315164
14.928848 12.573106 3.8676796
16.682076 7.3355713 10.187223
0.0 18.0 0.0
0.0 21.0 0.0
0.0 21.0 0.0
-9.745457 19.276567 0.0
0.0 21.0 0.0
0.0 24.0 0.0
0.0 24.0 0.0
11.279464 22.310843 0.0
0.0 24.0 0.0
0.0 27.0 0.0
