0.0 0.0 0.0
0.0 3.0 0.0
0.0 3.0 0.0
-3.1476276 3.2159665 0.0
0.0 3.0 0.0
0.0 6.0 0.0
0.0 6.0 0.0
4.8963094 5.0026145 0.0
0.0 6.0 0.0
0.0 9.0 0.0
0.0 9.0 0.0
-7.3444643 7.5039215 0.0
-7.3444643 7.5039215 0.0
-7.8388352 0.010619372 7.3427706
-7.3444643 7.5039215 0.0
-10.049093 2.76335 5.137253
-10.049093 2.76335 5.137253
-10.049093 3.0966833 5.137253
-10.049093 2.76335 5.137253
-5.1967783 0.1795888 10.700452
0.0 9.0 0.0
0.0 12.0 0.0
0.0 12.0 0.0
-9.093146 9.290569 0.0
0.0 12.0 0.0
0.0 15.0 0.0
0.0 15.0 0.0
11.191565 11.434547 0.0
0.0 15.0 0.0
0.0 18.0 0.0
0.0 18.0 0.0
13.289983 13.578526 0.0
13.289983 13.578526 0.0
13.289983 13.698525 0.0
13.289983 13.578526 0.0
17.334715 4.1325493 9.295981
17.334715 4.1325493 9.295981
4.2732563 9.015414 17.530354
17.334715 4.1325493 9.295981
7.516865 -0.7350261 18.76862
0.0 18.0 0.0
0.0 21.0 0.0
0.0 21.0 0.0
-15.108612 15.436639 0.0
0.0 21.0 0.0
0.0 24.0 0.0
0.0 24.0 0.0
17.836555 18.22381 0.0
0.0 24.0 0.0
0.0 27.0 0.0
