0.0 0.0 0.0
0.0 3.0 0.0
0.0 3.0 0.0
-1.5462438 3.25102 0.0
0.0 3.0 0.0
0.0 6.0 0.0
0.0 6.0 0.0
3.0065851 6.321428 0.0
0.0 6.0 0.0
0.0 9.0 0.0
0.0 9.0 0.0
-4.2951217 9.030611 0.0
-4.2951217 9.030611 0.0
-8.808959 3.6718018 3.3319466
-4.2951217 9.030611 0.0
-8.02578 7.843811 1.844807
-8.02578 7.843811 1.844807
-8.02578 8.593811 1.844807
-8.02578 7.843811 1.844807
-9.628147 5.213828 5.1131434
0.0 9.0 0.0
0.0 12.0 0.0
0.0 12.0 0.0
-5.798414 12.191325 0.0
0.0 12.0 0.0
0.0 15.0 0.0
0.0 15.0 0.0
6.70039 14.087753 0.0
0.0 15.0 0.0
0.0 18.0 0.0
0.0 18.0 0.0
8.160731 17.158161 0.0
8.160731 17.158161 0.0
8.160731 17.491495 0.0
8.160731 17.158161 0.0
14.282581 12.871355 3.5051334
14.282581 12.871355 3.5051334
14.215153 3.4502845 13.291607
14.282581 12.871355 3.5051334
16.074276 7.2722197 9.299892
0.0 18.0 0.0
0.0 21.0 0.0
0.0 21.0 0.0
-9.277463 19.50612 0.0
0.0 21.0 0.0
0.0 24.0 0.0
0.0 24.0 0.0
10.566 22.215303 0.0
0.0 24.0 0.0
0.0 27.0 0.0
