0.0 0.0 0.0
0.0 3.0 0.0
0.0 3.0 0.0
-3.1404765 3.2229502 0.0
0.0 3.0 0.0
0.0 6.0 0.0
0.0 6.0 0.0
4.606032 4.7269936 0.0
0.0 6.0 0.0
0.0 9.0 0.0
0.0 9.0 0.0
-6.6996837 6.875627 0.0
-6.6996837 6.875627 0.0
-7.211039 0.013257116 6.6974335
-6.6996837 6.875627 0.0
-8.653776 2.005411 4.6755996
-8.653776 2.005411 4.6755996
-8.653776 2.755411 4.6755996
-8.653776 2.005411 4.6755996
-4.19944 0.10428572 9.388045
0.0 9.0 0.0
0.0 12.0 0.0
0.0 12.0 0.0
-8.793334 9.0242605 0.0
0.0 12.0 0.0
0.0 15.0 0.0
0.0 15.0 0.0
11.51508 11.817484 0.0
0.0 15.0 0.0
0.0 18.0 0.0
0.0 18.0 0.0
12.980637 13.3215275 0.0
12.980637 13.3215275 0.0
12.980637 14.0715275 0.0
12.980637 13.3215275 0.0
16.374134 3.482615 9.058974
16.374134 3.482615 9.058974
3.5909646 8.727566 16.603415
16.374134 3.482615 9.058974
7.348569 -0.20361495 17.915379
0.0 18.0 0.0
0.0 21.0 0.0
0.0 21.0 0.0
-15.702382 16.11475 0.0
0.0 21.0 0.0
0.0 24.0 0.0
0.0 24.0 0.0
17.167938 17.618793 0.0
0.0 24.0 0.0
0.0 27.0 0.0
