0.0 0.0 0.0
0.0 3.0 0.0
0.0 3.0 0.0
-3.0517461 3.3070903 0.0
0.0 3.0 0.0
0.0 6.0 0.0
0.0 6.0 0.0
4.475894 4.850399 0.0
0.0 6.0 0.0
0.0 9.0 0.0
0.0 9.0 0.0
-6.781658 7.3490896 0.0
-6.781658 7.3490896 0.0
-7.7012877 0.07397622 6.759823
-6.781658 7.3490896 0.0
-9.663863 3.1233637 4.5990887
-9.663863 3.1233637 4.5990887
-9.663863 3.456697 4.5990887
-9.663863 3.1233637 4.5990887
-5.452285 0.035121202 9.933613
0.0 9.0 0.0
0.0 12.0 0.0
0.0 12.0 0.0
-8.816155 9.553816 0.0
0.0 12.0 0.0
0.0 15.0 0.0
0.0 15.0 0.0
10.579387 11.46458 0.0
0.0 15.0 0.0
0.0 18.0 0.0
0.0 18.0 0.0
12.613884 13.669307 0.0
12.613884 13.669307 0.0
12.613884 14.419307 0.0
12.613884 13.669307 0.0
17.099953 4.861424 8.554305
17.099953 4.861424 8.554305
4.604275 7.5491366 17.730799
17.099953 4.861424 8.554305
8.675902 -0.57459736 17.88324
0.0 18.0 0.0
0.0 21.0 0.0
0.0 21.0 0.0
-14.919647 16.167997 0.0
0.0 21.0 0.0
0.0 24.0 0.0
0.0 24.0 0.0
16.682878 18.07876 0.0
0.0 24.0 0.0
0.0 27.0 0.0
