0.0 0.0 0.0
0.0 3.0 0.0
0.0 3.0 0.0
-2.8867583 3.4520466 0.0
0.0 3.0 0.0
0.0 6.0 0.0
0.0 6.0 0.0
4.490513 5.3698506 0.0
0.0 6.0 0.0
0.0 9.0 0.0
0.0 9.0 0.0
-6.7357693 8.054775 0.0
-6.7357693 8.054775 0.0
-8.87674 0.38492095 6.6294765
-6.7357693 8.054775 0.0
-9.515888 3.324526 4.321008
-9.515888 3.324526 4.321008
-9.515888 3.6578593 4.321008
-9.515888 3.324526 4.321008
-6.2476463 0.41277575 9.419198
0.0 9.0 0.0
0.0 12.0 0.0
0.0 12.0 0.0
-8.6602745 10.35614 0.0
0.0 12.0 0.0
0.0 15.0 0.0
0.0 15.0 0.0
10.007429 11.967095 0.0
0.0 15.0 0.0
0.0 18.0 0.0
0.0 18.0 0.0
12.509286 14.958869 0.0
12.509286 14.958869 0.0
12.509286 15.292202 0.0
12.509286 14.958869 0.0
17.59905 6.086449 8.02473
17.59905 6.086449 8.02473
5.471956 5.8444247 18.741314
17.59905 6.086449 8.02473
11.274281 0.4614358 17.445766
0.0 18.0 0.0
0.0 21.0 0.0
0.0 21.0 0.0
-14.433791 17.260233 0.0
0.0 21.0 0.0
0.0 24.0 0.0
0.0 24.0 0.0
16.037546 19.178038 0.0
0.0 24.0 0.0
0.0 27.0 0.0
