0.0 0.0 0.0
0.0 3.0 0.0
0.0 3.0 0.0
-2.8692114 2.1743102 0.0
0.0 3.0 0.0
0.0 6.0 0.0
0.0 6.0 0.0
5.5790224 4.227825 0.0
0.0 6.0 0.0
0.0 9.0 0.0
0.0 9.0 0.0
-7.6512313 5.7981606 0.0
-7.6512313 5.7981606 0.0
-6.4625807 0.33388507 7.3661475
-7.6512313 5.7981606 0.0
-8.209217 0.4228456 6.098056
-8.209217 0.4228456 6.098056
-8.209217 0.5428456 6.098056
-8.209217 0.4228456 6.098056
-1.1931975 0.781263 10.225845
0.0 9.0 0.0
0.0 12.0 0.0
0.0 12.0 0.0
-10.759543 8.153664 0.0
0.0 12.0 0.0
0.0 15.0 0.0
0.0 15.0 0.0
12.752051 9.663601 0.0
0.0 15.0 0.0
0.0 18.0 0.0
0.0 18.0 0.0
15.143061 11.475526 0.0
15.143061 11.475526 0.0
15.143061 12.225526 0.0
15.143061 11.475526 0.0
15.467009 0.24549007 12.069068
15.467009 0.24549007 12.069068
4.8305893 15.056778 11.626893
15.467009 0.24549007 12.069068
1.2236191 1.2753204 19.61667
0.0 18.0 0.0
0.0 21.0 0.0
0.0 21.0 0.0
-17.21527 13.045861 0.0
0.0 21.0 0.0
0.0 24.0 0.0
0.0 24.0 0.0
19.92508 15.099377 0.0
0.0 24.0 0.0
0.0 27.0 0.0
