0.0 0.0 0.0
0.0 3.0 0.0
0.0 3.0 0.0
-1.0680602 3.8547695 0.0
0.0 3.0 0.0
0.0 6.0 0.0
0.0 6.0 0.0
2.0026128 7.2276926 0.0
0.0 6.0 0.0
0.0 9.0 0.0
0.0 9.0 0.0
-2.803658 10.11877 0.0
-2.803658 10.11877 0.0
-7.6546063 8.081817 1.4428765
-2.803658 10.11877 0.0
-5.4658384 9.608158 0.74861884
-5.4658384 9.608158 0.74861884
-5.4658384 9.941491 0.74861884
-5.4658384 9.608158 0.74861884
-7.849551 9.35175 2.1808994
0.0 9.0 0.0
0.0 12.0 0.0
0.0 12.0 0.0
-3.4711955 12.528001 0.0
0.0 12.0 0.0
0.0 15.0 0.0
0.0 15.0 0.0
4.2722406 15.419078 0.0
0.0 15.0 0.0
0.0 18.0 0.0
0.0 18.0 0.0
5.2067933 18.792002 0.0
5.2067933 18.792002 0.0
5.2067933 19.542002 0.0
5.2067933 18.792002 0.0
10.120327 17.733587 1.3902922
10.120327 17.733587 1.3902922
16.33884 11.750508 6.400377
10.120327 17.733587 1.3902922
14.176683 16.030218 4.0420933
0.0 18.0 0.0
0.0 21.0 0.0
0.0 21.0 0.0
-5.874331 21.201233 0.0
0.0 21.0 0.0
0.0 24.0 0.0
0.0 24.0 0.0
6.8088837 24.574156 0.0
0.0 24.0 0.0
0.0 27.0 0.0
