0.0 0.0 0.0
0.0 3.0 0.0
0.0 3.0 0.0
-1.5788544 4.2139316 0.0
0.0 3.0 0.0
0.0 6.0 0.0
0.0 6.0 0.0
2.315653 6.180433 0.0
0.0 6.0 0.0
0.0 9.0 0.0
0.0 9.0 0.0
-3.6839938 9.832506 0.0
-3.6839938 9.832506 0.0
-8.633133 5.6774187 2.4207692
-3.6839938 9.832506 0.0
-7.206577 9.401706 1.2925533
-7.206577 9.401706 1.2925533
-7.206577 9.521706 1.2925533
-7.206577 9.401706 1.2925533
-9.403937 7.1572657 3.7388592
0.0 9.0 0.0
0.0 12.0 0.0
0.0 12.0 0.0
-4.736563 12.641794 0.0
0.0 12.0 0.0
0.0 15.0 0.0
0.0 15.0 0.0
5.789133 15.451082 0.0
0.0 15.0 0.0
0.0 18.0 0.0
0.0 18.0 0.0
6.666274 17.792154 0.0
6.666274 17.792154 0.0
6.666274 17.912155 0.0
6.666274 17.792154 0.0
12.298661 15.03273 2.3389058
12.298661 15.03273 2.3389058
15.926857 6.5010014 9.844572
12.298661 15.03273 2.3389058
15.816856 11.728898 6.5052853
0.0 18.0 0.0
0.0 21.0 0.0
0.0 21.0 0.0
-7.8942723 21.069656 0.0
0.0 21.0 0.0
0.0 24.0 0.0
0.0 24.0 0.0
8.631071 23.03616 0.0
0.0 24.0 0.0
0.0 27.0 0.0
