0.0 0.0 0.0
0.0 3.0 0.0
0.0 3.0 0.0
-3.0864518 2.5443692 0.0
0.0 3.0 0.0
0.0 6.0 0.0
0.0 6.0 0.0
5.4012904 4.4526463 0.0
0.0 6.0 0.0
0.0 9.0 0.0
0.0 9.0 0.0
-7.4074845 6.1064863 0.0
-7.4074845 6.1064863 0.0
-7.000152 0.079162 7.2714396
-7.4074845 6.1064863 0.0
-8.171979 0.6302247 5.715711
-8.171979 0.6302247 5.715711
-8.171979 0.9635581 5.715711
-8.171979 0.6302247 5.715711
-2.144833 0.74713016 9.941324
0.0 9.0 0.0
0.0 12.0 0.0
0.0 12.0 0.0
-10.030969 8.2692 0.0
0.0 12.0 0.0
0.0 15.0 0.0
0.0 15.0 0.0
12.731613 10.495523 0.0
0.0 15.0 0.0
0.0 18.0 0.0
0.0 18.0 0.0
14.352001 11.831317 0.0
14.352001 11.831317 0.0
14.352001 11.951317 0.0
14.352001 11.831317 0.0
16.093628 1.4357414 11.07419
16.093628 1.4357414 11.07419
4.1867433 13.388202 13.685397
16.093628 1.4357414 11.07419
2.6471007 -0.010683894 19.46226
0.0 18.0 0.0
0.0 21.0 0.0
0.0 21.0 0.0
-17.361292 14.312077 0.0
0.0 21.0 0.0
0.0 24.0 0.0
0.0 24.0 0.0
18.981678 15.647871 0.0
0.0 24.0 0.0
0.0 27.0 0.0
