0.0 0.0 0.0
0.0 3.0 0.0
0.0 3.0 0.0
-1.0478506 3.4441266 0.0
0.0 3.0 0.0
0.0 6.0 0.0
0.0 6.0 0.0
2.1830223 7.175264 0.0
0.0 6.0 0.0
0.0 9.0 0.0
0.0 9.0 0.0
-2.7942686 9.184339 0.0
-2.7942686 9.184339 0.0
-7.109455 6.435251 1.5562223
-2.7942686 9.184339 0.0
-5.6674204 9.443615 0.8133267
-5.6674204 9.443615 0.8133267
-5.6674204 10.193615 0.8133267
-5.6674204 9.443615 0.8133267
-8.000603 8.482144 2.4277253
0.0 9.0 0.0
0.0 12.0 0.0
0.0 12.0 0.0
-3.783905 12.437124 0.0
0.0 12.0 0.0
0.0 15.0 0.0
0.0 15.0 0.0
4.802649 15.785581 0.0
0.0 15.0 0.0
0.0 18.0 0.0
0.0 18.0 0.0
5.413895 17.794655 0.0
5.413895 17.794655 0.0
5.413895 18.544655 0.0
5.413895 17.794655 0.0
10.425776 16.47329 1.5758204
10.425776 16.47329 1.5758204
16.05527 9.971102 7.1152744
10.425776 16.47329 1.5758204
14.335153 14.425353 4.542217
0.0 18.0 0.0
0.0 21.0 0.0
0.0 21.0 0.0
-6.5490665 21.525793 0.0
0.0 21.0 0.0
0.0 24.0 0.0
0.0 24.0 0.0
7.160313 23.534866 0.0
0.0 24.0 0.0
0.0 27.0 0.0
