0.0 0.0 0.0
0.0 3.0 0.0
0.0 3.0 0.0
-1.9806643 4.0406647 0.0
0.0 3.0 0.0
0.0 6.0 0.0
0.0 6.0 0.0
3.0810332 6.285478 0.0
0.0 6.0 0.0
0.0 9.0 0.0
0.0 9.0 0.0
-4.225417 8.620085 0.0
-4.225417 8.620085 0.0
-8.991884 3.6937082 3.3399363
-4.225417 8.620085 0.0
-7.6410847 6.9681506 1.8598073
-7.6410847 6.9681506 1.8598073
-7.6410847 7.301484 1.8598073
-7.6410847 6.9681506 1.8598073
-8.932908 4.4951982 5.0331736
0.0 9.0 0.0
0.0 12.0 0.0
0.0 12.0 0.0
-5.9419928 12.121993 0.0
0.0 12.0 0.0
0.0 15.0 0.0
0.0 15.0 0.0
7.2624354 14.81577 0.0
0.0 15.0 0.0
0.0 18.0 0.0
0.0 18.0 0.0
8.362804 17.060583 0.0
8.362804 17.060583 0.0
8.362804 17.810583 0.0
8.362804 17.060583 0.0
14.515943 12.552742 3.6808684
14.515943 12.552742 3.6808684
13.849935 3.1647553 13.728653
14.515943 12.552742 3.6808684
16.4343 7.5944223 9.694303
0.0 18.0 0.0
0.0 21.0 0.0
0.0 21.0 0.0
-9.903321 20.203321 0.0
0.0 21.0 0.0
0.0 24.0 0.0
0.0 24.0 0.0
11.223764 22.897099 0.0
0.0 24.0 0.0
0.0 27.0 0.0
