0.0 0.0 0.0
0.0 3.0 0.0
0.0 3.0 0.0
-2.7686868 2.3009503 0.0
0.0 3.0 0.0
0.0 6.0 0.0
0.0 6.0 0.0
5.383558 4.47407 0.0
0.0 6.0 0.0
0.0 9.0 0.0
0.0 9.0 0.0
-7.3831654 6.135868 0.0
-7.3831654 6.135868 0.0
-7.0167937 0.06818485 7.25853
-7.3831654 6.135868 0.0
-8.888735 1.2512221 5.6782427
-8.888735 1.2512221 5.6782427
-8.888735 1.3712221 5.6782427
-8.888735 1.2512221 5.6782427
-2.5713692 0.42812014 10.46541
0.0 9.0 0.0
0.0 12.0 0.0
0.0 12.0 0.0
-10.382576 8.628564 0.0
0.0 12.0 0.0
0.0 15.0 0.0
0.0 15.0 0.0
12.689815 10.546022 0.0
0.0 15.0 0.0
0.0 18.0 0.0
0.0 18.0 0.0
14.6125145 12.143905 0.0
14.6125145 12.143905 0.0
14.6125145 12.263905 0.0
14.6125145 12.143905 0.0
15.770531 0.9623833 11.238188
15.770531 0.9623833 11.238188
3.6135702 13.500706 13.448089
15.770531 0.9623833 11.238188
2.1198802 -0.10634959 19.311714
0.0 18.0 0.0
0.0 21.0 0.0
0.0 21.0 0.0
-16.919754 14.061363 0.0
0.0 21.0 0.0
0.0 24.0 0.0
0.0 24.0 0.0
18.919361 15.723161 0.0
0.0 24.0 0.0
0.0 27.0 0.0
