0.0 0.0 0.0
0.0 3.0 0.0
0.0 3.0 0.0
-2.6810882 2.4024498 0.0
0.0 3.0 0.0
0.0 6.0 0.0
0.0 6.0 0.0
5.5856004 5.005104 0.0
0.0 6.0 0.0
0.0 9.0 0.0
0.0 9.0 0.0
-7.149569 6.4065332 0.0
-7.149569 6.4065332 0.0
-6.5728397 0.06341368 7.106738
-7.149569 6.4065332 0.0
-9.072442 1.7230337 5.3246183
-9.072442 1.7230337 5.3246183
-9.072442 2.056367 5.3246183
-9.072442 1.7230337 5.3246183
-3.422043 0.26145053 10.310041
0.0 9.0 0.0
0.0 12.0 0.0
0.0 12.0 0.0
-9.681707 8.675513 0.0
0.0 12.0 0.0
0.0 15.0 0.0
0.0 15.0 0.0
11.915948 10.677555 0.0
0.0 15.0 0.0
0.0 18.0 0.0
0.0 18.0 0.0
14.522561 13.01327 0.0
14.522561 13.01327 0.0
14.522561 13.346603 0.0
14.522561 13.01327 0.0
17.276367 2.4676104 10.81563
17.276367 2.4676104 10.81563
4.1655555 12.257217 15.990772
17.276367 2.4676104 10.81563
5.273516 0.060203314 20.084297
0.0 18.0 0.0
0.0 21.0 0.0
0.0 21.0 0.0
-16.08653 14.4147 0.0
0.0 21.0 0.0
0.0 24.0 0.0
0.0 24.0 0.0
18.991041 17.017353 0.0
0.0 24.0 0.0
0.0 27.0 0.0
