0.0 0.0 0.0
0.0 3.0 0.0
0.0 3.0 0.0
-3.418467 2.077037 0.0
0.0 3.0 0.0
0.0 6.0 0.0
0.0 6.0 0.0
5.6404705 3.4271111 0.0
0.0 6.0 0.0
0.0 9.0 0.0
0.0 9.0 0.0
-8.204321 4.984889 0.0
-8.204321 4.984889 0.0
-6.461732 0.9046171 7.281625
-8.204321 4.984889 0.0
-7.326919 -0.533103 7.01155
-7.326919 -0.533103 7.01155
-7.326919 -0.19976965 7.01155
-7.326919 -0.533103 7.01155
0.30961418 2.3716447 9.90252
0.0 9.0 0.0
0.0 12.0 0.0
0.0 12.0 0.0
-10.768171 6.542667 0.0
0.0 12.0 0.0
0.0 15.0 0.0
0.0 15.0 0.0
14.101176 8.567778 0.0
0.0 15.0 0.0
0.0 18.0 0.0
0.0 18.0 0.0
15.895872 9.658223 0.0
15.895872 9.658223 0.0
15.895872 9.991556 0.0
15.895872 9.658223 0.0
13.822011 -1.2600636 13.584879
13.822011 -1.2600636 13.584879
7.666809 16.780182 6.008431
13.822011 -1.2600636 13.584879
-2.096645 3.9128127 18.866596
0.0 18.0 0.0
0.0 21.0 0.0
0.0 21.0 0.0
-19.228878 11.683333 0.0
0.0 21.0 0.0
0.0 24.0 0.0
0.0 24.0 0.0
21.023573 12.773778 0.0
0.0 24.0 0.0
0.0 27.0 0.0
