0.0 0.0 0.0
0.0 3.0 0.0
0.0 3.0 0.0
-3.7579677 2.4754148 0.0
0.0 3.0 0.0
0.0 6.0 0.0
0.0 6.0 0.0
5.511686 3.6306083 0.0
0.0 6.0 0.0
0.0 9.0 0.0
0.0 9.0 0.0
-8.768591 5.7759676 0.0
-8.768591 5.7759676 0.0
-6.783743 0.8528943 8.056303
-8.768591 5.7759676 0.0
-8.312025 -0.30074477 7.322685
-8.312025 -0.30074477 7.322685
-8.312025 0.44925523 7.322685
-8.312025 -0.30074477 7.322685
0.5987855 1.4530355 10.969557
0.0 9.0 0.0
0.0 12.0 0.0
0.0 12.0 0.0
-11.273903 7.4262443 0.0
0.0 12.0 0.0
0.0 15.0 0.0
0.0 15.0 0.0
13.779215 9.076521 0.0
0.0 15.0 0.0
0.0 18.0 0.0
0.0 18.0 0.0
15.866975 10.451751 0.0
15.866975 10.451751 0.0
15.866975 11.201751 0.0
15.866975 10.451751 0.0
14.782322 -0.7144718 13.250573
14.782322 -0.7144718 13.250573
7.1430297 16.5332 8.350239
14.782322 -0.7144718 13.250573
-1.7095479 2.3871973 19.633812
0.0 18.0 0.0
0.0 21.0 0.0
0.0 21.0 0.0
-18.789839 12.377073 0.0
0.0 21.0 0.0
0.0 24.0 0.0
0.0 24.0 0.0
20.877598 13.752304 0.0
0.0 24.0 0.0
0.0 27.0 0.0
