0.0 0.0 0.0
0.0 3.0 0.0
0.0 3.0 0.0
-3.3767018 2.9745395 0.0
0.0 3.0 0.0
0.0 6.0 0.0
0.0 6.0 0.0
5.2526474 4.6270614 0.0
0.0 6.0 0.0
0.0 9.0 0.0
0.0 9.0 0.0
-7.203631 6.3456845 0.0
-7.203631 6.3456845 0.0
-7.1536217 0.006358683 7.146096
-7.203631 6.3456845 0.0
-8.659543 1.2825134 5.4054475
-8.659543 1.2825134 5.4054475
-8.659543 1.6158468 5.4054475
-8.659543 1.2825134 5.4054475
-3.1904364 0.58770704 10.07098
0.0 9.0 0.0
0.0 12.0 0.0
0.0 12.0 0.0
-9.454765 8.328711 0.0
0.0 12.0 0.0
0.0 15.0 0.0
0.0 15.0 0.0
11.7059 10.311737 0.0
0.0 15.0 0.0
0.0 18.0 0.0
0.0 18.0 0.0
14.257186 12.559167 0.0
14.257186 12.559167 0.0
14.257186 13.309167 0.0
14.257186 12.559167 0.0
16.103783 1.6266675 10.698281
16.103783 1.6266675 10.698281
3.9525442 12.243314 14.625738
16.103783 1.6266675 10.698281
3.7008443 -0.22747838 19.155584
0.0 18.0 0.0
0.0 21.0 0.0
0.0 21.0 0.0
-16.20817 14.27779 0.0
0.0 21.0 0.0
0.0 24.0 0.0
0.0 24.0 0.0
18.459303 16.260817 0.0
0.0 24.0 0.0
0.0 27.0 0.0
