0.0 0.0 0.0
0.0 3.0 0.0
0.0 3.0 0.0
-3.6298609 2.6597197 0.0
0.0 3.0 0.0
0.0 6.0 0.0
0.0 6.0 0.0
6.049768 4.432866 0.0
0.0 6.0 0.0
0.0 9.0 0.0
0.0 9.0 0.0
-7.7437034 5.674069 0.0
-7.7437034 5.674069 0.0
-6.227865 0.47901988 7.3837934
-7.7437034 5.674069 0.0
-8.088718 0.25280428 6.246348
-8.088718 0.25280428 6.246348
-8.088718 1.0028043 6.246348
-8.088718 0.25280428 6.246348
-1.2615614 1.243863 10.216546
0.0 9.0 0.0
0.0 12.0 0.0
0.0 12.0 0.0
-10.16361 7.4472156 0.0
0.0 12.0 0.0
0.0 15.0 0.0
0.0 15.0 0.0
12.583518 9.220362 0.0
0.0 15.0 0.0
0.0 18.0 0.0
0.0 18.0 0.0
15.326079 11.229928 0.0
15.326079 11.229928 0.0
15.326079 11.979928 0.0
15.326079 11.229928 0.0
15.2190895 -0.078393936 12.362563
15.2190895 -0.078393936 12.362563
5.5741954 15.410444 10.786622
15.2190895 -0.078393936 12.362563
0.16602838 1.3326845 19.58314
0.0 18.0 0.0
0.0 21.0 0.0
0.0 21.0 0.0
-17.745987 13.003075 0.0
0.0 21.0 0.0
0.0 24.0 0.0
0.0 24.0 0.0
19.843239 14.539802 0.0
0.0 24.0 0.0
0.0 27.0 0.0
