0.0 0.0 0.0
0.0 3.0 0.0
0.0 3.0 0.0
-2.4690669 2.619868 0.0
0.0 3.0 0.0
0.0 6.0 0.0
0.0 6.0 0.0
4.8009634 5.0941877 0.0
0.0 6.0 0.0
0.0 9.0 0.0
0.0 9.0 0.0
-6.584179 6.9863153 0.0
-6.584179 6.9863153 0.0
-7.329891 0.044234365 6.5726256
-6.584179 6.9863153 0.0
-8.964458 2.5256574 4.515772
-8.964458 2.5256574 4.515772
-8.964458 3.2756574 4.515772
-8.964458 2.5256574 4.515772
-4.911796 0.21558833 9.434604
0.0 9.0 0.0
0.0 12.0 0.0
0.0 12.0 0.0
-8.916075 9.460634 0.0
0.0 12.0 0.0
0.0 15.0 0.0
0.0 15.0 0.0
10.973631 11.643858 0.0
0.0 15.0 0.0
0.0 18.0 0.0
0.0 18.0 0.0
12.756846 13.535985 0.0
12.756846 13.535985 0.0
12.756846 13.869318 0.0
12.756846 13.535985 0.0
17.068577 4.5750732 8.749308
17.068577 4.5750732 8.749308
4.4424677 8.000348 17.55671
17.068577 4.5750732 8.749308
8.221996 -0.6375878 18.073748
0.0 18.0 0.0
0.0 21.0 0.0
0.0 21.0 0.0
-14.814402 15.719209 0.0
0.0 21.0 0.0
0.0 24.0 0.0
0.0 24.0 0.0
17.146297 18.193527 0.0
0.0 24.0 0.0
0.0 27.0 0.0
