0.0 0.0 0.0
0.0 3.0 0.0
0.0 3.0 0.0
-1.157425 3.8288858 0.0
0.0 3.0 0.0
0.0 6.0 0.0
0.0 6.0 0.0
2.0254939 6.70055 0.0
0.0 6.0 0.0
0.0 9.0 0.0
0.0 9.0 0.0
-2.77782 9.189326 0.0
-2.77782 9.189326 0.0
-7.200533 6.646937 1.5387903
-2.77782 9.189326 0.0
-5.4935865 8.984047 0.80377966
-5.4935865 8.984047 0.80377966
-5.4935865 9.734047 0.80377966
-5.4935865 8.984047 0.80377966
-7.6999416 8.102639 2.3589988
0.0 9.0 0.0
0.0 12.0 0.0
0.0 12.0 0.0
-3.645889 12.06099 0.0
0.0 12.0 0.0
0.0 15.0 0.0
0.0 15.0 0.0
4.6297 15.315543 0.0
0.0 15.0 0.0
0.0 18.0 0.0
0.0 18.0 0.0
5.497769 18.187208 0.0
5.497769 18.187208 0.0
5.497769 18.937208 0.0
5.497769 18.187208 0.0
10.734074 17.322258 1.5908139
10.734074 17.322258 1.5908139
16.486885 10.236771 7.2706313
10.734074 17.322258 1.5908139
14.841059 15.17716 4.6287327
0.0 18.0 0.0
0.0 21.0 0.0
0.0 21.0 0.0
-6.2500954 20.675983 0.0
0.0 21.0 0.0
0.0 24.0 0.0
0.0 24.0 0.0
7.378585 24.409147 0.0
0.0 24.0 0.0
0.0 27.0 0.0
