0.0 0.0 0.0
0.0 3.0 0.0
0.0 3.0 0.0
-3.7972047 2.4147952 0.0
0.0 3.0 0.0
0.0 6.0 0.0
0.0 6.0 0.0
6.3286743 4.0246587 0.0
0.0 6.0 0.0
0.0 9.0 0.0
0.0 9.0 0.0
-8.100703 5.151563 0.0
-8.100703 5.151563 0.0
-6.2308993 0.8755679 7.336214
-8.100703 5.151563 0.0
-7.523529 -0.36704803 6.8355618
-7.523529 -0.36704803 6.8355618
-7.523529 -0.033714682 6.8355618
-7.523529 -0.36704803 6.8355618
0.39464194 1.800078 10.016636
0.0 9.0 0.0
0.0 12.0 0.0
0.0 12.0 0.0
-10.969703 6.976075 0.0
0.0 12.0 0.0
0.0 15.0 0.0
0.0 15.0 0.0
13.923083 8.854249 0.0
0.0 15.0 0.0
0.0 18.0 0.0
0.0 18.0 0.0
16.454554 10.464112 0.0
16.454554 10.464112 0.0
16.454554 10.797445 0.0
16.454554 10.464112 0.0
14.411974 -1.2989573 13.884735
14.411974 -1.2989573 13.884735
7.4271884 17.155481 7.163695
14.411974 -1.2989573 13.884735
-2.7268863 2.9854448 19.612001
0.0 18.0 0.0
0.0 21.0 0.0
0.0 21.0 0.0
-18.986023 12.073976 0.0
0.0 21.0 0.0
0.0 24.0 0.0
0.0 24.0 0.0
20.758053 13.200881 0.0
0.0 24.0 0.0
0.0 27.0 0.0
