0.0 0.0 0.0
0.0 3.0 0.0
0.0 3.0 0.0
-2.5286498 3.7223554 0.0
0.0 3.0 0.0
0.0 6.0 0.0
0.0 6.0 0.0
3.9334555 5.790331 0.0
0.0 6.0 0.0
0.0 9.0 0.0
0.0 9.0 0.0
-5.900183 8.685496 0.0
-5.900183 8.685496 0.0
-9.572691 1.4557047 5.4850044
-5.900183 8.685496 0.0
-9.479657 5.269244 3.315444
-9.479657 5.269244 3.315444
-9.479657 6.019244 3.315444
-9.479657 5.269244 3.315444
-8.243379 1.495553 8.069332
0.0 9.0 0.0
0.0 12.0 0.0
0.0 12.0 0.0
-7.3049884 10.753471 0.0
0.0 12.0 0.0
0.0 15.0 0.0
0.0 15.0 0.0
9.271716 13.648637 0.0
0.0 15.0 0.0
0.0 18.0 0.0
0.0 18.0 0.0
10.676521 15.716612 0.0
10.676521 15.716612 0.0
10.676521 16.466612 0.0
10.676521 15.716612 0.0
16.979736 9.278789 5.9993744
16.979736 9.278789 5.9993744
9.573514 3.0637033 17.995613
16.979736 9.278789 5.9993744
14.886507 2.9179873 14.503914
0.0 18.0 0.0
0.0 21.0 0.0
0.0 21.0 0.0
-12.13752 17.867306 0.0
0.0 21.0 0.0
0.0 24.0 0.0
0.0 24.0 0.0
14.329016 21.093348 0.0
0.0 24.0 0.0
0.0 27.0 0.0
