0.0 0.0 0.0
0.0 3.0 0.0
0.0 3.0 0.0
-2.3755202 3.821898 0.0
0.0 3.0 0.0
0.0 6.0 0.0
0.0 6.0 0.0
3.6952536 5.945174 0.0
0.0 6.0 0.0
0.0 9.0 0.0
0.0 9.0 0.0
-5.0677767 8.153382 0.0
-5.0677767 8.153382 0.0
-8.976589 1.9296103 4.544229
-5.0677767 8.153382 0.0
-8.276384 5.162226 2.6752458
-8.276384 5.162226 2.6752458
-8.276384 5.912226 2.6752458
-8.276384 5.162226 2.6752458
-8.287502 2.6931348 6.6411633
0.0 9.0 0.0
0.0 12.0 0.0
0.0 12.0 0.0
-7.12656 11.465693 0.0
0.0 12.0 0.0
0.0 15.0 0.0
0.0 15.0 0.0
8.71024 14.013625 0.0
0.0 15.0 0.0
0.0 18.0 0.0
0.0 18.0 0.0
10.2939205 16.561558 0.0
10.2939205 16.561558 0.0
10.2939205 16.681559 0.0
10.2939205 16.561558 0.0
16.959875 10.724641 5.4340925
16.959875 10.724641 5.4340925
11.081858 2.5323713 17.613205
16.959875 10.724641 5.4340925
16.250599 4.2929606 13.568238
0.0 18.0 0.0
0.0 21.0 0.0
0.0 21.0 0.0
-11.402497 18.34511 0.0
0.0 21.0 0.0
0.0 24.0 0.0
0.0 24.0 0.0
13.197334 21.232765 0.0
0.0 24.0 0.0
0.0 27.0 0.0
