0.0 0.0 0.0
0.0 3.0 0.0
0.0 3.0 0.0
-3.2468355 3.1157758 0.0
0.0 3.0 0.0
0.0 6.0 0.0
0.0 6.0 0.0
4.7620254 4.569804 0.0
0.0 6.0 0.0
0.0 9.0 0.0
0.0 9.0 0.0
-7.21519 6.9239464 0.0
-7.21519 6.9239464 0.0
-7.6796722 -0.019143343 7.2090697
-7.21519 6.9239464 0.0
-9.176314 1.8819633 5.2058964
-9.176314 1.8819633 5.2058964
-9.176314 2.2152965 5.2058964
-9.176314 1.8819633 5.2058964
-3.589263 -0.15563142 10.22542
0.0 9.0 0.0
0.0 12.0 0.0
0.0 12.0 0.0
-9.740506 9.347327 0.0
0.0 12.0 0.0
0.0 15.0 0.0
0.0 15.0 0.0
11.544304 11.078314 0.0
0.0 15.0 0.0
0.0 18.0 0.0
0.0 18.0 0.0
13.70886 13.155498 0.0
13.70886 13.155498 0.0
13.70886 13.488831 0.0
13.70886 13.155498 0.0
16.497023 2.6756167 9.891203
16.497023 2.6756167 9.891203
3.8576539 10.412127 16.075714
16.497023 2.6756167 9.891203
5.3308563 -0.82423735 18.75153
0.0 18.0 0.0
0.0 21.0 0.0
0.0 21.0 0.0
-16.234177 15.578878 0.0
0.0 21.0 0.0
0.0 24.0 0.0
0.0 24.0 0.0
17.749367 17.032907 0.0
0.0 24.0 0.0
0.0 27.0 0.0
