0.0 0.0 0.0
0.0 3.0 0.0
0.0 3.0 0.0
-1.6363772 3.6499684 0.0
0.0 3.0 0.0
0.0 6.0 0.0
0.0 6.0 0.0
2.7000225 6.0224476 0.0
0.0 6.0 0.0
0.0 9.0 0.0
0.0 9.0 0.0
-4.2954903 9.581167 0.0
-4.2954903 9.581167 0.0
-9.143994 4.3204813 3.2069726
-4.2954903 9.581167 0.0
-8.109847 8.507992 1.7572606
-8.109847 8.507992 1.7572606
-8.109847 8.841325 1.7572606
-8.109847 8.507992 1.7572606
-9.986286 5.9426913 4.921179
0.0 9.0 0.0
0.0 12.0 0.0
0.0 12.0 0.0
-5.154588 11.497401 0.0
0.0 12.0 0.0
0.0 15.0 0.0
0.0 15.0 0.0
6.750056 15.05612 0.0
0.0 15.0 0.0
0.0 18.0 0.0
0.0 18.0 0.0
7.977339 17.793596 0.0
7.977339 17.793596 0.0
7.977339 17.913597 0.0
7.977339 17.793596 0.0
14.535167 14.62735 3.2634838
14.535167 14.62735 3.2634838
15.98185 4.5526175 13.022962
14.535167 14.62735 3.2634838
17.48195 9.83634 8.924157
0.0 18.0 0.0
0.0 21.0 0.0
0.0 21.0 0.0
-9.000074 20.074825 0.0
0.0 21.0 0.0
0.0 24.0 0.0
0.0 24.0 0.0
10.227358 22.812302 0.0
0.0 24.0 0.0
0.0 27.0 0.0
