0.0 0.0 0.0
0.0 3.0 0.0
0.0 3.0 0.0
-1.0240303 3.4512842 0.0
0.0 3.0 0.0
0.0 6.0 0.0
0.0 6.0 0.0
1.9911702 6.71083 0.0
0.0 6.0 0.0
0.0 9.0 0.0
0.0 9.0 0.0
-2.844529 9.586901 0.0
-2.844529 9.586901 0.0
-7.6361685 7.363755 1.5514183
-2.844529 9.586901 0.0
-5.512062 8.990372 0.8091345
-5.512062 8.990372 0.8091345
-5.512062 9.110372 0.8091345
-5.512062 8.990372 0.8091345
-7.5734186 7.7565126 2.3436313
0.0 9.0 0.0
0.0 12.0 0.0
0.0 12.0 0.0
-3.6978874 12.462971 0.0
0.0 12.0 0.0
0.0 15.0 0.0
0.0 15.0 0.0
4.437465 14.955565 0.0
0.0 15.0 0.0
0.0 18.0 0.0
0.0 18.0 0.0
5.404605 18.21511 0.0
5.404605 18.21511 0.0
5.404605 18.96511 0.0
5.404605 18.21511 0.0
10.433094 16.947487 1.5373554
10.433094 16.947487 1.5373554
15.935494 9.993402 6.9788246
10.433094 16.947487 1.5373554
14.274891 14.485343 4.441571
0.0 18.0 0.0
0.0 21.0 0.0
0.0 21.0 0.0
-6.2579637 21.09118 0.0
0.0 21.0 0.0
0.0 24.0 0.0
0.0 24.0 0.0
6.997541 23.583776 0.0
0.0 24.0 0.0
0.0 27.0 0.0
