0.0 0.0 0.0
0.0 3.0 0.0
0.0 3.0 0.0
-2.6811085 3.6140914 0.0
0.0 3.0 0.0
0.0 6.0 0.0
0.0 6.0 0.0
4.1706133 5.6219196 0.0
0.0 6.0 0.0
0.0 9.0 0.0
0.0 9.0 0.0
-5.958019 8.031314 0.0
-5.958019 8.031314 0.0
-8.905053 0.89315057 5.7019105
-5.958019 8.031314 0.0
-8.985595 4.0811243 3.549799
-8.985595 4.0811243 3.549799
-8.985595 4.8311243 3.549799
-8.985595 4.0811243 3.549799
-7.124628 1.0412459 8.20459
0.0 9.0 0.0
0.0 12.0 0.0
0.0 12.0 0.0
-8.043325 10.842274 0.0
0.0 12.0 0.0
0.0 15.0 0.0
0.0 15.0 0.0
9.29451 12.528851 0.0
0.0 15.0 0.0
0.0 18.0 0.0
0.0 18.0 0.0
11.081916 14.938245 0.0
11.081916 14.938245 0.0
11.081916 15.058245 0.0
11.081916 14.938245 0.0
16.405773 7.1764765 6.6026263
16.405773 7.1764765 6.6026263
6.7343965 3.6715446 17.61559
16.405773 7.1764765 6.6026263
12.59211 1.4618692 15.077367
0.0 18.0 0.0
0.0 21.0 0.0
0.0 21.0 0.0
-13.107641 17.66889 0.0
0.0 21.0 0.0
0.0 24.0 0.0
0.0 24.0 0.0
15.192948 20.47985 0.0
0.0 24.0 0.0
0.0 27.0 0.0
