0.0 0.0 0.0
0.0 3.0 0.0
0.0 3.0 0.0
-1.9412969 4.059725 0.0
0.0 3.0 0.0
0.0 6.0 0.0
0.0 6.0 0.0
2.8472354 5.9542627 0.0
0.0 6.0 0.0
0.0 9.0 0.0
0.0 9.0 0.0
-4.313993 9.02161 0.0
-4.313993 9.02161 0.0
-9.306287 4.026433 3.3579404
-4.313993 9.02161 0.0
-7.834451 7.362136 1.8610536
-7.834451 7.362136 1.8610536
-7.834451 7.482136 1.8610536
-7.834451 7.362136 1.8610536
-9.08697 4.480378 5.0587473
0.0 9.0 0.0
0.0 12.0 0.0
0.0 12.0 0.0
-5.608191 11.728094 0.0
0.0 12.0 0.0
0.0 15.0 0.0
0.0 15.0 0.0
7.1180887 14.885657 0.0
0.0 15.0 0.0
0.0 18.0 0.0
0.0 18.0 0.0
8.412287 17.59214 0.0
8.412287 17.59214 0.0
8.412287 18.34214 0.0
8.412287 17.59214 0.0
14.694792 13.138248 3.6290548
14.694792 13.138248 3.6290548
14.338125 3.341393 13.716463
14.694792 13.138248 3.6290548
16.474285 7.35041 9.613315
0.0 18.0 0.0
0.0 21.0 0.0
0.0 21.0 0.0
-9.318225 19.48668 0.0
0.0 21.0 0.0
0.0 24.0 0.0
0.0 24.0 0.0
10.784983 22.554026 0.0
0.0 24.0 0.0
0.0 27.0 0.0
