0.0 0.0 0.0
0.0 3.0 0.0
0.0 3.0 0.0
-2.6716926 2.976921 0.0
0.0 3.0 0.0
0.0 6.0 0.0
0.0 6.0 0.0
5.0094237 5.581727 0.0
0.0 6.0 0.0
0.0 9.0 0.0
0.0 9.0 0.0
-6.4120626 7.144611 0.0
-6.4120626 7.144611 0.0
-7.923097 0.16377866 6.374727
-6.4120626 7.144611 0.0
-8.72431 2.5764103 4.282765
-8.72431 2.5764103 4.282765
-8.72431 3.3264103 4.282765
-8.72431 2.5764103 4.282765
-4.824894 -0.062141895 9.014532
0.0 9.0 0.0
0.0 12.0 0.0
0.0 12.0 0.0
-9.016963 10.047109 0.0
0.0 12.0 0.0
0.0 15.0 0.0
0.0 15.0 0.0
10.68677 11.907684 0.0
0.0 15.0 0.0
0.0 18.0 0.0
0.0 18.0 0.0
13.024502 14.51249 0.0
13.024502 14.51249 0.0
13.024502 14.63249 0.0
13.024502 14.51249 0.0
17.909107 5.442647 8.699367
17.909107 5.442647 8.699367
4.8062487 7.279168 18.742247
17.909107 5.442647 8.699367
9.631141 -0.52431965 18.43624
0.0 18.0 0.0
0.0 21.0 0.0
0.0 21.0 0.0
-15.028271 16.745182 0.0
0.0 21.0 0.0
0.0 24.0 0.0
0.0 24.0 0.0
16.698078 18.605757 0.0
0.0 24.0 0.0
0.0 27.0 0.0
