0.0 0.0 0.0
0.0 3.0 0.0
0.0 3.0 0.0
-1.4301143 3.3037512 0.0
0.0 3.0 0.0
0.0 6.0 0.0
0.0 6.0 0.0
2.979405 6.8828154 0.0
0.0 6.0 0.0
0.0 9.0 0.0
0.0 9.0 0.0
-4.171167 9.6359415 0.0
-4.171167 9.6359415 0.0
-9.222532 4.74135 3.04131
-4.171167 9.6359415 0.0
-7.5791807 7.872958 1.6570127
-7.5791807 7.872958 1.6570127
-7.5791807 8.206291 1.6570127
-7.5791807 7.872958 1.6570127
-9.502462 6.100048 4.5315146
0.0 9.0 0.0
0.0 12.0 0.0
0.0 12.0 0.0
-5.362929 12.389068 0.0
0.0 12.0 0.0
0.0 15.0 0.0
0.0 15.0 0.0
6.554691 15.142194 0.0
0.0 15.0 0.0
0.0 18.0 0.0
0.0 18.0 0.0
7.746453 17.895319 0.0
7.746453 17.895319 0.0
7.746453 18.01532 0.0
7.746453 17.895319 0.0
13.871319 14.149242 3.0773094
13.871319 14.149242 3.0773094
15.824829 4.9109273 12.2199955
13.871319 14.149242 3.0773094
16.777124 9.790102 8.33451
0.0 18.0 0.0
0.0 21.0 0.0
0.0 21.0 0.0
-8.938215 20.648445 0.0
0.0 21.0 0.0
0.0 24.0 0.0
0.0 24.0 0.0
9.93135 22.942717 0.0
0.0 24.0 0.0
0.0 27.0 0.0
