0.0 0.0 0.0
0.0 3.0 0.0
0.0 3.0 0.0
-2.9426723 2.709369 0.0
0.0 3.0 0.0
0.0 6.0 0.0
0.0 6.0 0.0
5.5175104 5.0800667 0.0
0.0 6.0 0.0
0.0 9.0 0.0
0.0 9.0 0.0
-7.356681 6.7734222 0.0
-7.356681 6.7734222 0.0
-7.132548 0.018535018 7.3316545
-7.356681 6.7734222 0.0
-9.093848 1.5994403 5.412075
-9.093848 1.5994403 5.412075
-9.093848 1.9327737 5.412075
-9.093848 1.5994403 5.412075
-3.0934155 -0.112626314 10.355881
0.0 9.0 0.0
0.0 12.0 0.0
0.0 12.0 0.0
-9.269418 8.5345125 0.0
0.0 12.0 0.0
0.0 15.0 0.0
0.0 15.0 0.0
12.138523 11.1761465 0.0
0.0 15.0 0.0
0.0 18.0 0.0
0.0 18.0 0.0
14.345528 13.208174 0.0
14.345528 13.208174 0.0
14.345528 13.328174 0.0
14.345528 13.208174 0.0
17.401955 2.814104 10.553547
17.401955 2.814104 10.553547
4.5369897 11.617433 16.472986
17.401955 2.814104 10.553547
5.5309787 -0.3762648 19.950424
0.0 18.0 0.0
0.0 21.0 0.0
0.0 21.0 0.0
-15.89043 14.630592 0.0
0.0 21.0 0.0
0.0 24.0 0.0
0.0 24.0 0.0
18.097435 16.662619 0.0
0.0 24.0 0.0
0.0 27.0 0.0
