0.0 0.0 0.0
0.0 3.0 0.0
0.0 3.0 0.0
-0.93618995 3.4761398 0.0
0.0 3.0 0.0
0.0 6.0 0.0
0.0 6.0 0.0
1.9503958 7.241958 0.0
0.0 6.0 0.0
0.0 9.0 0.0
0.0 9.0 0.0
-2.6005278 9.655944 0.0
-2.6005278 9.655944 0.0
-6.961358 7.50881 1.3060136
-2.6005278 9.655944 0.0
-5.1957684 9.636313 0.6762745
-5.1957684 9.636313 0.6762745
-5.1957684 9.969646 0.6762745
-5.1957684 9.636313 0.6762745
-7.3365574 8.625176 2.004181
0.0 9.0 0.0
0.0 12.0 0.0
0.0 12.0 0.0
-3.5107124 13.035524 0.0
0.0 12.0 0.0
0.0 15.0 0.0
0.0 15.0 0.0
4.0568233 15.063273 0.0
0.0 15.0 0.0
0.0 18.0 0.0
0.0 18.0 0.0
5.071029 18.82909 0.0
5.071029 18.82909 0.0
5.071029 19.57909 0.0
5.071029 18.82909 0.0
9.884699 17.873495 1.3187352
9.884699 17.873495 1.3187352
15.855447 11.599622 6.104574
9.884699 17.873495 1.3187352
13.689165 15.444984 3.8439066
0.0 18.0 0.0
0.0 21.0 0.0
0.0 21.0 0.0
-5.721161 21.243076 0.0
0.0 21.0 0.0
0.0 24.0 0.0
0.0 24.0 0.0
6.6313457 24.622658 0.0
0.0 24.0 0.0
0.0 27.0 0.0
