0.0 0.0 0.0
0.0 3.0 0.0
0.0 3.0 0.0
-2.1360533 2.8978052 0.0
0.0 3.0 0.0
0.0 6.0 0.0
0.0 6.0 0.0
4.450111 6.0370946 0.0
0.0 6.0 0.0
0.0 9.0 0.0
0.0 9.0 0.0
-5.933481 8.049459 0.0
-5.933481 8.049459 0.0
-8.323115 0.7401757 5.6678176
-5.933481 8.049459 0.0
-9.214008 4.4504166 3.52062
-9.214008 4.4504166 3.52062
-9.214008 4.5704165 3.52062
-9.214008 4.4504166 3.52062
-7.285267 0.90405726 8.3010235
0.0 9.0 0.0
0.0 12.0 0.0
0.0 12.0 0.0
-8.0102 10.86677 0.0
0.0 12.0 0.0
0.0 15.0 0.0
0.0 15.0 0.0
9.790244 13.281609 0.0
0.0 15.0 0.0
0.0 18.0 0.0
0.0 18.0 0.0
11.273615 15.293973 0.0
11.273615 15.293973 0.0
11.273615 15.413973 0.0
11.273615 15.293973 0.0
16.972603 7.7313395 6.6891785
16.972603 7.7313395 6.6891785
7.0950794 3.629671 18.191845
16.972603 7.7313395 6.6891785
13.279753 1.6793957 15.45509
0.0 18.0 0.0
0.0 21.0 0.0
0.0 21.0 0.0
-13.053659 17.70881 0.0
0.0 21.0 0.0
0.0 24.0 0.0
0.0 24.0 0.0
14.596365 19.80167 0.0
0.0 24.0 0.0
0.0 27.0 0.0
