0.0 0.0 0.0
0.0 3.0 0.0
0.0 3.0 0.0
-1.3163755 4.3031564 0.0
0.0 3.0 0.0
0.0 6.0 0.0
0.0 6.0 0.0
2.1939592 7.1719275 0.0
0.0 6.0 0.0
0.0 9.0 0.0
0.0 9.0 0.0
-2.925279 9.56257 0.0
-2.925279 9.56257 0.0
-7.426714 6.6689515 1.6365871
-2.925279 9.56257 0.0
-5.6477904 8.899735 0.85572565
-5.6477904 8.899735 0.85572565
-5.6477904 9.019735 0.85572565
-5.6477904 8.899735 0.85572565
-7.8210697 7.960051 2.47043
0.0 9.0 0.0
0.0 12.0 0.0
0.0 12.0 0.0
-3.6858513 12.048839 0.0
0.0 12.0 0.0
0.0 15.0 0.0
0.0 15.0 0.0
4.563435 14.917609 0.0
0.0 15.0 0.0
0.0 18.0 0.0
0.0 18.0 0.0
5.4410186 17.78638 0.0
5.4410186 17.78638 0.0
5.4410186 18.119715 0.0
5.4410186 17.78638 0.0
10.617221 16.92071 1.5916497
10.617221 16.92071 1.5916497
16.208975 9.875929 7.259196
10.617221 16.92071 1.5916497
14.652014 14.78116 4.627859
0.0 18.0 0.0
0.0 21.0 0.0
0.0 21.0 0.0
-6.4356136 21.037653 0.0
0.0 21.0 0.0
0.0 24.0 0.0
0.0 24.0 0.0
7.313197 23.906425 0.0
0.0 24.0 0.0
0.0 27.0 0.0
