0.0 0.0 0.0
0.0 3.0 0.0
0.0 3.0 0.0
-3.227369 2.3630676 0.0
0.0 3.0 0.0
0.0 6.0 0.0
0.0 6.0 0.0
5.647896 4.1353683 0.0
0.0 6.0 0.0
0.0 9.0 0.0
0.0 9.0 0.0
-8.068422 5.907669 0.0
-8.068422 5.907669 0.0
-6.685438 0.43810046 7.6917195
-8.068422 5.907669 0.0
-8.792745 0.5303464 6.509944
-8.792745 0.5303464 6.509944
-8.792745 0.86367977 6.509944
-8.792745 0.5303464 6.509944
-1.2004627 0.9509034 10.940218
0.0 9.0 0.0
0.0 12.0 0.0
0.0 12.0 0.0
-10.48895 7.67997 0.0
0.0 12.0 0.0
0.0 15.0 0.0
0.0 15.0 0.0
12.909476 9.4522705 0.0
0.0 15.0 0.0
0.0 18.0 0.0
0.0 18.0 0.0
15.330003 11.224571 0.0
15.330003 11.224571 0.0
15.330003 11.974571 0.0
15.330003 11.224571 0.0
15.213556 -0.085261345 12.368895
15.213556 -0.085261345 12.368895
5.184801 15.545794 10.767988
15.213556 -0.085261345 12.368895
-0.1707761 1.104544 19.582073
0.0 18.0 0.0
0.0 21.0 0.0
0.0 21.0 0.0
-17.75053 12.996872 0.0
0.0 21.0 0.0
0.0 24.0 0.0
0.0 24.0 0.0
20.171057 14.769173 0.0
0.0 24.0 0.0
0.0 27.0 0.0
