0.0 0.0 0.0
0.0 3.0 0.0
0.0 3.0 0.0
-1.0872886 3.84939 0.0
0.0 3.0 0.0
0.0 6.0 0.0
0.0 6.0 0.0
1.902755 6.7364326 0.0
0.0 6.0 0.0
0.0 9.0 0.0
0.0 9.0 0.0
-2.7182217 9.623475 0.0
-2.7182217 9.623475 0.0
-7.183363 7.273491 1.422105
-2.7182217 9.623475 0.0
-5.4050756 9.512422 0.7388729
-5.4050756 9.512422 0.7388729
-5.4050756 9.6324215 0.7388729
-5.4050756 9.512422 0.7388729
-7.6699386 8.757297 2.1802719
0.0 9.0 0.0
0.0 12.0 0.0
0.0 12.0 0.0
-3.669599 12.991692 0.0
0.0 12.0 0.0
0.0 15.0 0.0
0.0 15.0 0.0
4.2404256 15.012622 0.0
0.0 15.0 0.0
0.0 18.0 0.0
0.0 18.0 0.0
5.055892 17.899664 0.0
5.055892 17.899664 0.0
5.055892 18.649664 0.0
5.055892 17.899664 0.0
9.710945 16.480549 1.3743035
9.710945 16.480549 1.3743035
15.125183 10.193824 6.251738
9.710945 16.480549 1.3743035
13.276801 13.998707 3.9622078
0.0 18.0 0.0
0.0 21.0 0.0
0.0 21.0 0.0
-5.9800873 21.171646 0.0
0.0 21.0 0.0
0.0 24.0 0.0
0.0 24.0 0.0
6.931465 24.539862 0.0
0.0 24.0 0.0
0.0 27.0 0.0
