0.0 0.0 0.0
0.0 3.0 0.0
0.0 3.0 0.0
-1.6916379 4.169935 0.0
0.0 3.0 0.0
0.0 6.0 0.0
0.0 6.0 0.0
2.8193965 6.9498925 0.0
0.0 6.0 0.0
0.0 9.0 0.0
0.0 9.0 0.0
-3.7591953 9.266523 0.0
-3.7591953 9.266523 0.0
-8.47408 4.854807 2.6190066
-3.7591953 9.266523 0.0
-6.9369817 7.833333 1.413155
-6.9369817 7.833333 1.413155
-6.9369817 8.166666 1.413155
-6.9369817 7.833333 1.413155
-8.634666 5.597994 3.9172502
0.0 9.0 0.0
0.0 12.0 0.0
0.0 12.0 0.0
-4.736586 11.675819 0.0
0.0 12.0 0.0
0.0 15.0 0.0
0.0 15.0 0.0
6.0147123 14.826437 0.0
0.0 15.0 0.0
0.0 18.0 0.0
0.0 18.0 0.0
6.992103 17.235733 0.0
6.992103 17.235733 0.0
6.992103 17.985733 0.0
6.992103 17.235733 0.0
12.708811 14.091846 2.628468
12.708811 14.091846 2.628468
15.5667305 5.5712013 10.739727
12.708811 14.091846 2.628468
15.67056 9.929266 7.213166
0.0 18.0 0.0
0.0 21.0 0.0
0.0 21.0 0.0
-8.270229 20.38635 0.0
0.0 21.0 0.0
0.0 24.0 0.0
0.0 24.0 0.0
9.247621 22.795647 0.0
0.0 24.0 0.0
0.0 27.0 0.0
