0.0 0.0 0.0
0.0 3.0 0.0
0.0 3.0 0.0
-1.6922549 3.177463 0.0
0.0 3.0 0.0
0.0 6.0 0.0
0.0 6.0 0.0
3.2904956 6.178401 0.0
0.0 6.0 0.0
0.0 9.0 0.0
0.0 9.0 0.0
-4.9357433 9.267601 0.0
-4.9357433 9.267601 0.0
-9.503998 3.0723112 4.0956597
-4.9357433 9.267601 0.0
-8.483581 6.661598 2.320149
-8.483581 6.661598 2.320149
-8.483581 7.411598 2.320149
-8.483581 6.661598 2.320149
-9.247861 3.755201 6.0357137
0.0 9.0 0.0
0.0 12.0 0.0
0.0 12.0 0.0
-5.9228926 11.121121 0.0
0.0 12.0 0.0
0.0 15.0 0.0
0.0 15.0 0.0
7.521133 14.122059 0.0
0.0 15.0 0.0
0.0 18.0 0.0
0.0 18.0 0.0
8.743318 16.416893 0.0
8.743318 16.416893 0.0
8.743318 17.166893 0.0
8.743318 16.416893 0.0
14.998509 11.745064 4.109978
14.998509 11.745064 4.109978
13.136213 2.8575191 14.739346
14.998509 11.745064 4.109978
16.205235 6.37579 10.677946
0.0 18.0 0.0
0.0 21.0 0.0
0.0 21.0 0.0
-10.15353 19.06478 0.0
0.0 21.0 0.0
0.0 24.0 0.0
0.0 24.0 0.0
11.986806 22.50703 0.0
0.0 24.0 0.0
0.0 27.0 0.0
