0.0 0.0 0.0
0.0 3.0 0.0
0.0 3.0 0.0
-3.236489 3.1265218 0.0
0.0 3.0 0.0
0.0 6.0 0.0
0.0 6.0 0.0
5.0345387 4.863478 0.0
0.0 6.0 0.0
0.0 9.0 0.0
0.0 9.0 0.0
-7.192198 6.9478264 0.0
-7.192198 6.9478264 0.0
-7.7018166 -0.017620012 7.187903
-7.192198 6.9478264 0.0
-9.188072 1.9280603 5.172771
-9.188072 1.9280603 5.172771
-9.188072 2.6780603 5.172771
-9.188072 1.9280603 5.172771
-4.315981 0.46622026 10.202195
0.0 9.0 0.0
0.0 12.0 0.0
0.0 12.0 0.0
-9.349857 9.032174 0.0
0.0 12.0 0.0
0.0 15.0 0.0
0.0 15.0 0.0
11.507517 11.116522 0.0
0.0 15.0 0.0
0.0 18.0 0.0
0.0 18.0 0.0
14.024786 13.548261 0.0
14.024786 13.548261 0.0
14.024786 13.881594 0.0
14.024786 13.548261 0.0
17.593092 3.447064 10.086904
17.593092 3.447064 10.086904
3.9342763 10.559155 17.234041
17.593092 3.447064 10.086904
6.362877 -0.761739 19.661507
0.0 18.0 0.0
0.0 21.0 0.0
0.0 21.0 0.0
-15.822836 15.285217 0.0
0.0 21.0 0.0
0.0 24.0 0.0
0.0 24.0 0.0
17.980495 17.369566 0.0
0.0 24.0 0.0
0.0 27.0 0.0
