0.0 0.0 0.0
0.0 3.0 0.0
0.0 3.0 0.0
-3.0242448 2.6180036 0.0
0.0 3.0 0.0
0.0 6.0 0.0
0.0 6.0 0.0
5.670459 4.9087567 0.0
0.0 6.0 0.0
0.0 9.0 0.0
0.0 9.0 0.0
-7.9386425 6.8722596 0.0
-7.9386425 6.8722596 0.0
-7.0830593 0.1238457 7.8567595
-7.9386425 6.8722596 0.0
-9.352597 1.2240217 6.0020995
-9.352597 1.2240217 6.0020995
-9.352597 1.557355 6.0020995
-9.352597 1.2240217 6.0020995
-3.0958176 0.58578086 10.999516
0.0 9.0 0.0
0.0 12.0 0.0
0.0 12.0 0.0
-9.828795 8.508512 0.0
0.0 12.0 0.0
0.0 15.0 0.0
0.0 15.0 0.0
12.096979 10.472014 0.0
0.0 15.0 0.0
0.0 18.0 0.0
0.0 18.0 0.0
14.365163 12.435517 0.0
14.365163 12.435517 0.0
14.365163 12.76885 0.0
14.365163 12.435517 0.0
16.311699 1.6850619 10.860942
16.311699 1.6850619 10.860942
3.8721933 12.661562 14.587544
16.311699 1.6850619 10.860942
4.0211096 0.22132432 19.44114
0.0 18.0 0.0
0.0 21.0 0.0
0.0 21.0 0.0
-16.330923 14.137219 0.0
0.0 21.0 0.0
0.0 24.0 0.0
0.0 24.0 0.0
19.27956 16.689774 0.0
0.0 24.0 0.0
0.0 27.0 0.0
