0.0 0.0 0.0
0.0 3.0 0.0
0.0 3.0 0.0
-2.049036 3.435324 0.0
0.0 3.0 0.0
0.0 6.0 0.0
0.0 6.0 0.0
3.3809094 5.6682844 0.0
0.0 6.0 0.0
0.0 9.0 0.0
0.0 9.0 0.0
-5.3787193 9.017725 0.0
-5.3787193 9.017725 0.0
-9.254674 2.0932 4.73267
-5.3787193 9.017725 0.0
-9.098963 6.237198 2.7552974
-9.098963 6.237198 2.7552974
-9.098963 6.987198 2.7552974
-9.098963 6.237198 2.7552974
-9.206453 2.9355123 7.0273604
0.0 9.0 0.0
0.0 12.0 0.0
0.0 12.0 0.0
-6.915497 11.594218 0.0
0.0 12.0 0.0
0.0 15.0 0.0
0.0 15.0 0.0
8.196144 13.741296 0.0
0.0 15.0 0.0
0.0 18.0 0.0
0.0 18.0 0.0
9.989051 16.747204 0.0
9.989051 16.747204 0.0
9.989051 17.497204 0.0
9.989051 16.747204 0.0
16.715126 11.276642 5.1169815
16.715126 11.276642 5.1169815
12.216885 2.6877167 17.138931
16.715126 11.276642 5.1169815
16.622686 4.9620013 12.957096
0.0 18.0 0.0
0.0 21.0 0.0
0.0 21.0 0.0
-11.525827 19.323698 0.0
0.0 21.0 0.0
0.0 24.0 0.0
0.0 24.0 0.0
12.806475 21.470776 0.0
0.0 24.0 0.0
0.0 27.0 0.0
