0.0 0.0 0.0
0.0 3.0 0.0
0.0 3.0 0.0
-3.8563952 2.319098 0.0
0.0 3.0 0.0
0.0 6.0 0.0
0.0 6.0 0.0
6.4273257 3.8651633 0.0
0.0 6.0 0.0
0.0 9.0 0.0
0.0 9.0 0.0
-8.226977 4.947409 0.0
-8.226977 4.947409 0.0
-6.840703 0.73578024 7.266845
-8.226977 4.947409 0.0
-7.71029 -0.31071734 7.0503283
-7.71029 -0.31071734 7.0503283
-7.71029 0.022615999 7.0503283
-7.71029 -0.31071734 7.0503283
0.8180674 1.9216796 10.240962
0.0 9.0 0.0
0.0 12.0 0.0
0.0 12.0 0.0
-11.569186 6.957294 0.0
0.0 12.0 0.0
0.0 15.0 0.0
0.0 15.0 0.0
13.711628 8.245682 0.0
0.0 15.0 0.0
0.0 18.0 0.0
0.0 18.0 0.0
15.939768 9.585606 0.0
15.939768 9.585606 0.0
15.939768 9.918939 0.0
15.939768 9.585606 0.0
12.962284 -1.7905517 13.66001
12.962284 -1.7905517 13.66001
7.5865474 16.513239 5.045454
12.962284 -1.7905517 13.66001
-2.839239 4.157541 18.148132
0.0 18.0 0.0
0.0 21.0 0.0
0.0 21.0 0.0
-18.510698 11.131671 0.0
0.0 21.0 0.0
0.0 24.0 0.0
0.0 24.0 0.0
21.42442 12.883878 0.0
0.0 24.0 0.0
0.0 27.0 0.0
