0.0 0.0 0.0
0.0 3.0 0.0
0.0 3.0 0.0
-1.9209328 3.04467 0.0
0.0 3.0 0.0
0.0 6.0 0.0
0.0 6.0 0.0
3.5217102 5.5818954 0.0
0.0 6.0 0.0
0.0 9.0 0.0
0.0 9.0 0.0
-5.122488 8.119122 0.0
-5.122488 8.119122 0.0
-8.385934 1.5567925 4.6233673
-5.122488 8.119122 0.0
-8.529903 5.4007382 2.733321
-8.529903 5.4007382 2.733321
-8.529903 5.520738 2.733321
-8.529903 5.4007382 2.733321
-8.283151 2.3422182 6.863176
0.0 9.0 0.0
0.0 12.0 0.0
0.0 12.0 0.0
-6.936702 10.994642 0.0
0.0 12.0 0.0
0.0 15.0 0.0
0.0 15.0 0.0
8.537479 13.531868 0.0
0.0 15.0 0.0
0.0 18.0 0.0
0.0 18.0 0.0
10.405053 16.491964 0.0
10.405053 16.491964 0.0
10.405053 16.825298 0.0
10.405053 16.491964 0.0
16.776096 10.098078 5.5520577
16.776096 10.098078 5.5520577
10.3674 2.4948564 17.531965
16.776096 10.098078 5.5520577
15.415901 3.396154 13.647205
0.0 18.0 0.0
0.0 21.0 0.0
0.0 21.0 0.0
-11.525598 18.268023 0.0
0.0 21.0 0.0
0.0 24.0 0.0
0.0 24.0 0.0
13.339811 21.143543 0.0
0.0 24.0 0.0
0.0 27.0 0.0
