0.0 0.0 0.0
0.0 3.0 0.0
0.0 3.0 0.0
-3.7871542 2.4305274 0.0
0.0 3.0 0.0
0.0 6.0 0.0
0.0 6.0 0.0
6.3119235 4.050879 0.0
0.0 6.0 0.0
0.0 9.0 0.0
0.0 9.0 0.0
-8.415898 5.401172 0.0
-8.415898 5.401172 0.0
-7.0523715 0.62475395 7.6510134
-8.415898 5.401172 0.0
-7.8423023 -0.3681233 7.082734
-7.8423023 -0.3681233 7.082734
-7.8423023 -0.03478995 7.082734
-7.8423023 -0.3681233 7.082734
-0.020876884 2.0630836 10.4255085
0.0 9.0 0.0
0.0 12.0 0.0
0.0 12.0 0.0
-11.361463 7.291582 0.0
0.0 12.0 0.0
0.0 15.0 0.0
0.0 15.0 0.0
13.886231 8.911934 0.0
0.0 15.0 0.0
0.0 18.0 0.0
0.0 18.0 0.0
15.653571 10.04618 0.0
15.653571 10.04618 0.0
15.653571 10.379513 0.0
15.653571 10.04618 0.0
13.862915 -1.1492109 13.173886
13.862915 -1.1492109 13.173886
6.4585023 16.566513 7.1154337
13.862915 -1.1492109 13.173886
-1.6488825 3.2186935 18.782331
0.0 18.0 0.0
0.0 21.0 0.0
0.0 21.0 0.0
-18.17834 11.666532 0.0
0.0 21.0 0.0
0.0 24.0 0.0
0.0 24.0 0.0
21.039745 13.50293 0.0
0.0 24.0 0.0
0.0 27.0 0.0
