0.0 0.0 0.0
0.0 3.0 0.0
0.0 3.0 0.0
-3.282567 2.285772 0.0
0.0 3.0 0.0
0.0 6.0 0.0
0.0 6.0 0.0
5.7444925 4.000101 0.0
0.0 6.0 0.0
0.0 9.0 0.0
0.0 9.0 0.0
-8.616738 6.0001516 0.0
-8.616738 6.0001516 0.0
-6.7770596 0.68045115 8.081638
-8.616738 6.0001516 0.0
-8.230131 -0.26920915 7.071255
-8.230131 -0.26920915 7.071255
-8.230131 -0.14920914 7.071255
-8.230131 -0.26920915 7.071255
-0.38149905 1.6059638 10.794809
0.0 9.0 0.0
0.0 12.0 0.0
0.0 12.0 0.0
-10.668343 7.428759 0.0
0.0 12.0 0.0
0.0 15.0 0.0
0.0 15.0 0.0
12.8020115 8.914512 0.0
0.0 15.0 0.0
0.0 18.0 0.0
0.0 18.0 0.0
15.592194 10.857417 0.0
15.592194 10.857417 0.0
15.592194 10.977417 0.0
15.592194 10.857417 0.0
14.822278 -0.5361209 12.795605
14.822278 -0.5361209 12.795605
5.7567883 16.148703 9.462944
14.822278 -0.5361209 12.795605
-0.7796482 1.9314103 19.475739
0.0 18.0 0.0
0.0 21.0 0.0
0.0 21.0 0.0
-18.05412 12.571747 0.0
0.0 21.0 0.0
0.0 24.0 0.0
0.0 24.0 0.0
20.516045 14.286076 0.0
0.0 24.0 0.0
0.0 27.0 0.0
