0.0 0.0 0.0
0.0 3.0 0.0
0.0 3.0 0.0
-2.3715463 2.7084622 0.0
0.0 3.0 0.0
0.0 6.0 0.0
0.0 6.0 0.0
4.61134 5.266454 0.0
0.0 6.0 0.0
0.0 9.0 0.0
0.0 9.0 0.0
-6.9170103 7.8996816 0.0
-6.9170103 7.8996816 0.0
-8.281542 0.18179643 6.8564267
-6.9170103 7.8996816 0.0
-9.514521 2.9665272 4.5566697
-9.514521 2.9665272 4.5566697
-9.514521 3.7165272 4.5566697
-9.514521 2.9665272 4.5566697
-5.740139 0.24607754 9.696026
0.0 9.0 0.0
0.0 12.0 0.0
0.0 12.0 0.0
-8.893299 10.1567335 0.0
0.0 12.0 0.0
0.0 15.0 0.0
0.0 15.0 0.0
10.276701 11.7366705 0.0
0.0 15.0 0.0
0.0 18.0 0.0
0.0 18.0 0.0
12.845876 14.670837 0.0
12.845876 14.670837 0.0
12.845876 15.00417 0.0
12.845876 14.670837 0.0
17.331032 5.122343 8.462386
17.331032 5.122343 8.462386
4.602377 6.766548 18.296804
17.331032 5.122343 8.462386
9.385443 -0.61200047 17.783722
0.0 18.0 0.0
0.0 21.0 0.0
0.0 21.0 0.0
-14.229279 16.250774 0.0
0.0 21.0 0.0
0.0 24.0 0.0
0.0 24.0 0.0
16.205566 18.507826 0.0
0.0 24.0 0.0
0.0 27.0 0.0
