0.0 0.0 0.0
0.0 3.0 0.0
0.0 3.0 0.0
-2.1037543 2.921338 0.0
0.0 3.0 0.0
0.0 6.0 0.0
0.0 6.0 0.0
4.3828216 6.0861216 0.0
0.0 6.0 0.0
0.0 9.0 0.0
0.0 9.0 0.0
-5.8437624 8.114828 0.0
-5.8437624 8.114828 0.0
-8.397364 0.8535373 5.5423565
-5.8437624 8.114828 0.0
-9.46682 5.03109 3.4149559
-9.46682 5.03109 3.4149559
-9.46682 5.3644233 3.4149559
-9.46682 5.03109 3.4149559
-8.138958 1.5710454 8.303362
0.0 9.0 0.0
0.0 12.0 0.0
0.0 12.0 0.0
-7.596891 10.549277 0.0
0.0 12.0 0.0
0.0 15.0 0.0
0.0 15.0 0.0
9.642207 13.389467 0.0
0.0 15.0 0.0
0.0 18.0 0.0
0.0 18.0 0.0
11.395336 15.8239155 0.0
11.395336 15.8239155 0.0
11.395336 16.15725 0.0
11.395336 15.8239155 0.0
17.101625 7.923929 6.6591635
17.101625 7.923929 6.6591635
7.547862 3.4658322 18.330582
17.101625 7.923929 6.6591635
13.318577 1.4059062 15.39758
0.0 18.0 0.0
0.0 21.0 0.0
0.0 21.0 0.0
-12.622526 17.52803 0.0
0.0 21.0 0.0
0.0 24.0 0.0
0.0 24.0 0.0
14.6094055 20.287071 0.0
0.0 24.0 0.0
0.0 27.0 0.0
