0.0 0.0 0.0
0.0 3.0 0.0
0.0 3.0 0.0
-2.9108698 2.1182153 0.0
0.0 3.0 0.0
0.0 6.0 0.0
0.0 6.0 0.0
6.0643125 4.4129486 0.0
0.0 6.0 0.0
0.0 9.0 0.0
0.0 9.0 0.0
-8.490037 6.1781282 0.0
-8.490037 6.1781282 0.0
-6.9990263 0.481982 8.07844
-8.490037 6.1781282 0.0
-9.147649 0.47853804 6.8648314
-9.147649 0.47853804 6.8648314
-9.147649 0.59853804 6.8648314
-9.147649 0.47853804 6.8648314
-0.77304244 0.77070117 11.43578
0.0 9.0 0.0
0.0 12.0 0.0
0.0 12.0 0.0
-10.511475 7.649111 0.0
0.0 12.0 0.0
0.0 15.0 0.0
0.0 15.0 0.0
13.341487 9.708487 0.0
0.0 15.0 0.0
0.0 18.0 0.0
0.0 18.0 0.0
15.767212 11.473666 0.0
15.767212 11.473666 0.0
15.767212 11.593666 0.0
15.767212 11.473666 0.0
15.221176 -0.39734602 12.748973
15.221176 -0.39734602 12.748973
4.90748 16.082964 10.561834
15.221176 -0.39734602 12.748973
-0.30849004 1.4481665 19.80887
0.0 18.0 0.0
0.0 21.0 0.0
0.0 21.0 0.0
-17.46522 12.709292 0.0
0.0 21.0 0.0
0.0 24.0 0.0
0.0 24.0 0.0
20.618662 15.004025 0.0
0.0 24.0 0.0
0.0 27.0 0.0
