0.0 0.0 0.0
0.0 3.0 0.0
0.0 3.0 0.0
-2.9547608 2.0565474 0.0
0.0 3.0 0.0
0.0 6.0 0.0
0.0 6.0 0.0
6.155752 4.284474 0.0
0.0 6.0 0.0
0.0 9.0 0.0
0.0 9.0 0.0
-7.8793626 5.484127 0.0
-7.8793626 5.484127 0.0
-6.796518 0.40105653 7.3888555
-7.8793626 5.484127 0.0
-7.893321 0.009715319 6.46712
-7.893321 0.009715319 6.46712
-7.893321 0.7597153 6.46712
-7.893321 0.009715319 6.46712
-0.37239632 1.23247 10.173004
0.0 9.0 0.0
0.0 12.0 0.0
0.0 12.0 0.0
-11.080354 7.7120533 0.0
0.0 12.0 0.0
0.0 15.0 0.0
0.0 15.0 0.0
13.542654 9.425842 0.0
0.0 15.0 0.0
0.0 18.0 0.0
0.0 18.0 0.0
16.004955 11.139632 0.0
16.004955 11.139632 0.0
16.004955 11.472965 0.0
16.004955 11.139632 0.0
15.186892 -0.56938124 13.136338
15.186892 -0.56938124 13.136338
5.689018 16.654097 9.679007
15.186892 -0.56938124 13.136338
-1.1780404 1.7461572 19.969204
0.0 18.0 0.0
0.0 21.0 0.0
0.0 21.0 0.0
-18.056873 12.56779 0.0
0.0 21.0 0.0
0.0 24.0 0.0
0.0 24.0 0.0
20.519173 14.28158 0.0
0.0 24.0 0.0
0.0 27.0 0.0
