0.0 0.0 0.0
0.0 3.0 0.0
0.0 3.0 0.0
-2.4798136 3.7550666 0.0
0.0 3.0 0.0
0.0 6.0 0.0
0.0 6.0 0.0
3.8574877 5.8412147 0.0
0.0 6.0 0.0
0.0 9.0 0.0
0.0 9.0 0.0
-5.510697 8.344592 0.0
-5.510697 8.344592 0.0
-9.213791 1.580966 5.068135
-5.510697 8.344592 0.0
-8.7663145 4.9298306 3.036778
-8.7663145 4.9298306 3.036778
-8.7663145 5.6798306 3.036778
-8.7663145 4.9298306 3.036778
-7.7550535 1.5054724 7.3649178
0.0 9.0 0.0
0.0 12.0 0.0
0.0 12.0 0.0
-6.943478 10.514187 0.0
0.0 12.0 0.0
0.0 15.0 0.0
0.0 15.0 0.0
9.092649 13.768578 0.0
0.0 15.0 0.0
0.0 18.0 0.0
0.0 18.0 0.0
10.745859 16.271955 0.0
10.745859 16.271955 0.0
10.745859 16.391956 0.0
10.745859 16.271955 0.0
16.780205 9.137527 5.921717
16.780205 9.137527 5.921717
9.542063 2.8315296 17.75772
16.780205 9.137527 5.921717
14.327413 2.2075682 14.188494
0.0 18.0 0.0
0.0 21.0 0.0
0.0 21.0 0.0
-12.399068 18.775333 0.0
0.0 21.0 0.0
0.0 24.0 0.0
0.0 24.0 0.0
13.776742 20.86148 0.0
0.0 24.0 0.0
0.0 27.0 0.0
