0.0 0.0 0.0
0.0 3.0 0.0
0.0 3.0 0.0
-1.1959707 3.8170216 0.0
0.0 3.0 0.0
0.0 6.0 0.0
0.0 6.0 0.0
2.0929487 6.6797876 0.0
0.0 6.0 0.0
0.0 9.0 0.0
0.0 9.0 0.0
-2.9899266 9.542554 0.0
-2.9899266 9.542554 0.0
-7.6518335 6.7090483 1.706144
-2.9899266 9.542554 0.0
-5.8747835 9.207217 0.89396614
-5.8747835 9.207217 0.89396614
-5.8747835 9.54055 0.89396614
-5.8747835 9.207217 0.89396614
-8.146419 8.144044 2.609589
0.0 9.0 0.0
0.0 12.0 0.0
0.0 12.0 0.0
-3.7673078 12.023619 0.0
0.0 12.0 0.0
0.0 15.0 0.0
0.0 15.0 0.0
4.6642857 14.886385 0.0
0.0 15.0 0.0
0.0 18.0 0.0
0.0 18.0 0.0
5.830357 18.60798 0.0
5.830357 18.60798 0.0
5.830357 18.941315 0.0
5.830357 18.60798 0.0
11.171785 17.047531 1.743234
11.171785 17.047531 1.743234
16.513466 9.430561 7.80652
11.171785 17.047531 1.743234
14.952176 13.808609 5.0037727
0.0 18.0 0.0
0.0 21.0 0.0
0.0 21.0 0.0
-6.5778384 20.993618 0.0
0.0 21.0 0.0
0.0 24.0 0.0
0.0 24.0 0.0
7.474817 23.856384 0.0
0.0 24.0 0.0
0.0 27.0 0.0
