0.0 0.0 0.0
0.0 3.0 0.0
0.0 3.0 0.0
-2.1902218 3.3470776 0.0
0.0 3.0 0.0
0.0 6.0 0.0
0.0 6.0 0.0
4.1066656 6.2757707 0.0
0.0 6.0 0.0
0.0 9.0 0.0
0.0 9.0 0.0
-5.2565327 8.032987 0.0
-5.2565327 8.032987 0.0
-8.890922 1.5879061 4.816851
-5.2565327 8.032987 0.0
-8.900373 5.5684857 2.8782432
-8.900373 5.5684857 2.8782432
-8.900373 5.6884856 2.8782432
-8.900373 5.5684857 2.8782432
-8.290731 1.946594 7.2818737
0.0 9.0 0.0
0.0 12.0 0.0
0.0 12.0 0.0
-7.118221 10.878002 0.0
0.0 12.0 0.0
0.0 15.0 0.0
0.0 15.0 0.0
8.760887 13.38831 0.0
0.0 15.0 0.0
0.0 18.0 0.0
0.0 18.0 0.0
10.677331 16.317003 0.0
10.677331 16.317003 0.0
10.677331 17.067003 0.0
10.677331 16.317003 0.0
16.739082 9.263517 5.846431
16.739082 9.263517 5.846431
9.332358 2.6103477 17.679659
16.739082 9.263517 5.846431
14.93534 3.0899682 14.05769
0.0 18.0 0.0
0.0 21.0 0.0
0.0 21.0 0.0
-12.04622 18.408926 0.0
0.0 21.0 0.0
0.0 24.0 0.0
0.0 24.0 0.0
13.962664 21.33762 0.0
0.0 24.0 0.0
0.0 27.0 0.0
