0.0 0.0 0.0
0.0 3.0 0.0
0.0 3.0 0.0
-3.174197 2.434024 0.0
0.0 3.0 0.0
0.0 6.0 0.0
0.0 6.0 0.0
5.237425 4.0161395 0.0
0.0 6.0 0.0
0.0 9.0 0.0
0.0 9.0 0.0
-8.332267 6.389313 0.0
-8.332267 6.389313 0.0
-7.455697 0.23548114 8.046962
-8.332267 6.389313 0.0
-8.631633 0.22955847 6.612064
-8.631633 0.22955847 6.612064
-8.631633 0.56289184 6.612064
-8.631633 0.22955847 6.612064
-1.375777 1.04816 10.873106
0.0 9.0 0.0
0.0 12.0 0.0
0.0 12.0 0.0
-9.998721 7.6671762 0.0
0.0 12.0 0.0
0.0 15.0 0.0
0.0 15.0 0.0
12.379369 9.492694 0.0
0.0 15.0 0.0
0.0 18.0 0.0
0.0 18.0 0.0
15.0774355 11.561614 0.0
15.0774355 11.561614 0.0
15.0774355 11.894947 0.0
15.0774355 11.561614 0.0
15.233706 0.119831085 11.964687
15.233706 0.119831085 11.964687
4.8632603 14.750597 11.607962
15.233706 0.119831085 11.964687
0.4344495 0.61638504 19.369282
0.0 18.0 0.0
0.0 21.0 0.0
0.0 21.0 0.0
-17.458084 13.387133 0.0
0.0 21.0 0.0
0.0 24.0 0.0
0.0 24.0 0.0
20.235506 15.516904 0.0
0.0 24.0 0.0
0.0 27.0 0.0
