0.0 0.0 0.0
0.0 3.0 0.0
0.0 3.0 0.0
-3.5278113 2.7936618 0.0
0.0 3.0 0.0
0.0 6.0 0.0
0.0 6.0 0.0
5.1741233 4.0973706 0.0
0.0 6.0 0.0
0.0 9.0 0.0
0.0 9.0 0.0
-7.8395805 6.2081375 0.0
-7.8395805 6.2081375 0.0
-6.571471 0.2985729 7.6309214
-7.8395805 6.2081375 0.0
-9.064306 0.969857 6.1459026
-9.064306 0.969857 6.1459026
-9.064306 1.719857 6.1459026
-9.064306 0.969857 6.1459026
-1.7330123 0.34027582 10.921497
0.0 9.0 0.0
0.0 12.0 0.0
0.0 12.0 0.0
-10.191455 8.070579 0.0
0.0 12.0 0.0
0.0 15.0 0.0
0.0 15.0 0.0
12.229746 9.684694 0.0
0.0 15.0 0.0
0.0 18.0 0.0
0.0 18.0 0.0
14.895204 11.795461 0.0
14.895204 11.795461 0.0
14.895204 12.128794 0.0
14.895204 11.795461 0.0
15.458277 0.4458971 11.677216
15.458277 0.4458971 11.677216
3.9677231 14.382635 12.370646
15.458277 0.4458971 11.677216
1.0945022 0.30259192 19.368017
0.0 18.0 0.0
0.0 21.0 0.0
0.0 21.0 0.0
-17.247078 13.657902 0.0
0.0 21.0 0.0
0.0 24.0 0.0
0.0 24.0 0.0
19.598951 15.520343 0.0
0.0 24.0 0.0
0.0 27.0 0.0
