0.0 0.0 0.0
0.0 3.0 0.0
0.0 3.0 0.0
-3.1520908 3.211592 0.0
0.0 3.0 0.0
0.0 6.0 0.0
0.0 6.0 0.0
5.2534847 5.3526535 0.0
0.0 6.0 0.0
0.0 9.0 0.0
0.0 9.0 0.0
-6.7244606 6.8513966 0.0
-6.7244606 6.8513966 0.0
-7.602419 0.016419485 6.723285
-6.7244606 6.8513966 0.0
-9.274958 2.5986419 4.7102466
-9.274958 2.5986419 4.7102466
-9.274958 3.3486419 4.7102466
-9.274958 2.5986419 4.7102466
-4.890203 0.24272203 9.858421
0.0 9.0 0.0
0.0 12.0 0.0
0.0 12.0 0.0
-9.10604 9.277932 0.0
0.0 12.0 0.0
0.0 15.0 0.0
0.0 15.0 0.0
11.557666 11.775838 0.0
0.0 15.0 0.0
0.0 18.0 0.0
0.0 18.0 0.0
13.308827 13.560056 0.0
13.308827 13.560056 0.0
13.308827 13.893389 0.0
13.308827 13.560056 0.0
16.69746 3.452599 9.322363
16.69746 3.452599 9.322363
3.4035275 9.073742 16.868856
16.69746 3.452599 9.322363
7.313594 -0.23864031 18.34923
0.0 18.0 0.0
0.0 21.0 0.0
0.0 21.0 0.0
-15.130035 15.415642 0.0
0.0 21.0 0.0
0.0 24.0 0.0
0.0 24.0 0.0
17.511616 17.842178 0.0
0.0 24.0 0.0
0.0 27.0 0.0
