0.0 0.0 0.0
0.0 3.0 0.0
0.0 3.0 0.0
-1.7053595 4.1643424 0.0
0.0 3.0 0.0
0.0 6.0 0.0
0.0 6.0 0.0
2.5011938 6.1077023 0.0
0.0 6.0 0.0
0.0 9.0 0.0
0.0 9.0 0.0
-3.9791722 9.716799 0.0
-3.9791722 9.716799 0.0
-9.070745 5.174056 2.7910018
-3.9791722 9.716799 0.0
-7.65851 8.984631 1.507982
-7.65851 8.984631 1.507982
-7.65851 9.317964 1.507982
-7.65851 8.984631 1.507982
-10.003111 7.233299 4.297837
0.0 9.0 0.0
0.0 12.0 0.0
0.0 12.0 0.0
-4.9265943 12.030323 0.0
0.0 12.0 0.0
0.0 15.0 0.0
0.0 15.0 0.0
6.252985 15.269256 0.0
0.0 15.0 0.0
0.0 18.0 0.0
0.0 18.0 0.0
7.2004066 17.582779 0.0
7.2004066 17.582779 0.0
7.2004066 17.916113 0.0
7.2004066 17.582779 0.0
13.057009 14.301323 2.7287292
13.057009 14.301323 2.7287292
15.82626 5.5428405 11.103164
13.057009 14.301323 2.7287292
16.02355 9.972772 7.4733906
0.0 18.0 0.0
0.0 21.0 0.0
0.0 21.0 0.0
-8.526797 20.821712 0.0
0.0 21.0 0.0
0.0 24.0 0.0
0.0 24.0 0.0
9.322632 22.765072 0.0
0.0 24.0 0.0
0.0 27.0 0.0
