0.0 0.0 0.0
0.0 3.0 0.0
0.0 3.0 0.0
-3.261986 3.0999107 0.0
0.0 3.0 0.0
0.0 6.0 0.0
0.0 6.0 0.0
5.436643 5.1665177 0.0
0.0 6.0 0.0
0.0 9.0 0.0
0.0 9.0 0.0
-7.2488575 6.8886905 0.0
-7.2488575 6.8886905 0.0
-7.647576 -0.020328641 7.2394543
-7.2488575 6.8886905 0.0
-8.868322 1.5390003 5.2545934
-8.868322 1.5390003 5.2545934
-8.868322 2.2890003 5.2545934
-8.868322 1.5390003 5.2545934
-3.1350212 -0.19384229 10.048247
0.0 9.0 0.0
0.0 12.0 0.0
0.0 12.0 0.0
-9.423515 8.955297 0.0
0.0 12.0 0.0
0.0 15.0 0.0
0.0 15.0 0.0
11.308218 10.746358 0.0
0.0 15.0 0.0
0.0 18.0 0.0
0.0 18.0 0.0
14.135272 13.432946 0.0
14.135272 13.432946 0.0
14.135272 13.766279 0.0
14.135272 13.432946 0.0
17.169998 2.883943 10.246457
17.169998 2.883943 10.246457
3.7786803 10.929214 16.62599
17.169998 2.883943 10.246457
5.55674 -0.78978515 19.504755
0.0 18.0 0.0
0.0 21.0 0.0
0.0 21.0 0.0
-15.657533 14.879572 0.0
0.0 21.0 0.0
0.0 24.0 0.0
0.0 24.0 0.0
18.122145 17.221727 0.0
0.0 24.0 0.0
0.0 27.0 0.0
