0.0 0.0 0.0
0.0 3.0 0.0
0.0 3.0 0.0
-2.3862069 3.2102985 0.0
0.0 3.0 0.0
0.0 6.0 0.0
0.0 6.0 0.0
4.175862 5.6180224 0.0
0.0 6.0 0.0
0.0 9.0 0.0
0.0 9.0 0.0
-5.965517 8.025746 0.0
-5.965517 8.025746 0.0
-8.499945 0.7629373 5.712308
-5.965517 8.025746 0.0
-8.988249 4.0666513 3.5587394
-8.988249 4.0666513 3.5587394
-8.988249 4.8166513 3.5587394
-8.988249 4.0666513 3.5587394
-7.406517 1.4307468 8.218109
0.0 9.0 0.0
0.0 12.0 0.0
0.0 12.0 0.0
-7.7551723 10.43347 0.0
0.0 12.0 0.0
0.0 15.0 0.0
0.0 15.0 0.0
9.306207 12.5201645 0.0
0.0 15.0 0.0
0.0 18.0 0.0
0.0 18.0 0.0
11.095862 14.927889 0.0
11.095862 14.927889 0.0
11.095862 15.261222 0.0
11.095862 14.927889 0.0
16.947218 7.87216 6.6192555
16.947218 7.87216 6.6192555
7.4383116 3.7567954 18.1359
16.947218 7.87216 6.6192555
13.039698 1.3622489 15.4223385
0.0 18.0 0.0
0.0 21.0 0.0
0.0 21.0 0.0
-13.124138 17.656643 0.0
0.0 21.0 0.0
0.0 24.0 0.0
0.0 24.0 0.0
15.212069 20.465652 0.0
0.0 24.0 0.0
0.0 27.0 0.0
