0.0 0.0 0.0
0.0 3.0 0.0
0.0 3.0 0.0
-2.498915 3.1233675 0.0
0.0 3.0 0.0
0.0 6.0 0.0
0.0 6.0 0.0
4.6854653 5.856314 0.0
0.0 6.0 0.0
0.0 9.0 0.0
0.0 9.0 0.0
-6.559652 8.19884 0.0
-6.559652 8.19884 0.0
-9.046584 0.5593343 6.3997846
-6.559652 8.19884 0.0
-10.058656 4.3733683 4.098003
-10.058656 4.3733683 4.098003
-10.058656 4.493368 4.098003
-10.058656 4.3733683 4.098003
-7.490737 0.88838744 9.483824
0.0 9.0 0.0
0.0 12.0 0.0
0.0 12.0 0.0
-8.433838 10.541366 0.0
0.0 12.0 0.0
0.0 15.0 0.0
0.0 15.0 0.0
9.745769 12.181133 0.0
0.0 15.0 0.0
0.0 18.0 0.0
0.0 18.0 0.0
11.869846 14.835996 0.0
11.869846 14.835996 0.0
11.869846 14.955996 0.0
11.869846 14.835996 0.0
17.130415 6.575127 7.4154344
17.130415 6.575127 7.4154344
5.977401 4.9070163 18.340078
17.130415 6.575127 7.4154344
11.559698 0.45265436 16.492144
0.0 18.0 0.0
0.0 21.0 0.0
0.0 21.0 0.0
-13.494141 16.866184 0.0
0.0 21.0 0.0
0.0 24.0 0.0
0.0 24.0 0.0
15.930583 19.911469 0.0
0.0 24.0 0.0
0.0 27.0 0.0
