0.0 0.0 0.0
0.0 3.0 0.0
0.0 3.0 0.0
-2.540459 3.0896711 0.0
0.0 3.0 0.0
0.0 6.0 0.0
0.0 6.0 0.0
4.7633605 5.7931333 0.0
0.0 6.0 0.0
0.0 9.0 0.0
0.0 9.0 0.0
-6.0971017 7.415211 0.0
-6.0971017 7.415211 0.0
-7.6208763 0.30014062 5.9821587
-6.0971017 7.415211 0.0
-9.2998905 3.895188 3.872359
-9.2998905 3.895188 3.872359
-9.2998905 4.6451883 3.872359
-9.2998905 3.895188 3.872359
-6.503868 0.4718759 8.897576
0.0 9.0 0.0
0.0 12.0 0.0
0.0 12.0 0.0
-8.256492 10.041431 0.0
0.0 12.0 0.0
0.0 15.0 0.0
0.0 15.0 0.0
10.479393 12.744893 0.0
0.0 15.0 0.0
0.0 18.0 0.0
0.0 18.0 0.0
11.813134 14.366971 0.0
11.813134 14.366971 0.0
11.813134 15.116971 0.0
11.813134 14.366971 0.0
16.80785 6.0745063 7.5026956
16.80785 6.0745063 7.5026956
5.282856 5.2325964 17.940945
16.80785 6.0745063 7.5026956
10.586505 -0.06361771 16.470129
0.0 18.0 0.0
0.0 21.0 0.0
0.0 21.0 0.0
-13.972524 16.99319 0.0
0.0 21.0 0.0
0.0 24.0 0.0
0.0 24.0 0.0
15.877869 19.310444 0.0
0.0 24.0 0.0
0.0 27.0 0.0
