0.0 0.0 0.0
0.0 3.0 0.0
0.0 3.0 0.0
-1.3150363 4.303566 0.0
0.0 3.0 0.0
0.0 6.0 0.0
0.0 6.0 0.0
2.0456119 6.694436 0.0
0.0 6.0 0.0
0.0 9.0 0.0
0.0 9.0 0.0
-2.8054109 9.180942 0.0
-2.8054109 9.180942 0.0
-7.127677 6.412113 1.5680779
-2.8054109 9.180942 0.0
-5.541013 8.952484 0.819826
-5.541013 8.952484 0.819826
-5.541013 9.285817 0.819826
-5.541013 8.952484 0.819826
-7.8932314 8.517655 2.4032907
0.0 9.0 0.0
0.0 12.0 0.0
0.0 12.0 0.0
-3.9451087 12.910698 0.0
0.0 12.0 0.0
0.0 15.0 0.0
0.0 15.0 0.0
4.5587926 14.919029 0.0
0.0 15.0 0.0
0.0 18.0 0.0
0.0 18.0 0.0
5.4354835 17.788073 0.0
5.4354835 17.788073 0.0
5.4354835 17.908073 0.0
5.4354835 17.788073 0.0
10.344852 16.066322 1.5884129
10.344852 16.066322 1.5884129
15.543238 9.300257 7.099348
10.344852 16.066322 1.5884129
14.004794 13.565875 4.542155
0.0 18.0 0.0
0.0 21.0 0.0
0.0 21.0 0.0
-6.3121743 20.657118 0.0
0.0 21.0 0.0
0.0 24.0 0.0
0.0 24.0 0.0
7.188865 23.526161 0.0
0.0 24.0 0.0
0.0 27.0 0.0
