0.0 0.0 0.0
0.0 3.0 0.0
0.0 3.0 0.0
-1.2041769 3.3926327 0.0
0.0 3.0 0.0
0.0 6.0 0.0
0.0 6.0 0.0
2.341455 6.596786 0.0
0.0 6.0 0.0
0.0 9.0 0.0
0.0 9.0 0.0
-3.2111385 9.047021 0.0
-3.2111385 9.047021 0.0
-8.111361 6.0332737 2.0244691
-3.2111385 9.047021 0.0
-6.3797674 8.927257 1.0741051
-6.3797674 8.927257 1.0741051
-6.3797674 9.047256 1.0741051
-6.3797674 8.927257 1.0741051
-8.815226 7.935734 3.146226
0.0 9.0 0.0
0.0 12.0 0.0
0.0 12.0 0.0
-4.3484163 12.251174 0.0
0.0 12.0 0.0
0.0 15.0 0.0
0.0 15.0 0.0
5.2181 14.701409 0.0
0.0 15.0 0.0
0.0 18.0 0.0
0.0 18.0 0.0
6.522625 18.37676 0.0
6.522625 18.37676 0.0
6.522625 18.710094 0.0
6.522625 18.37676 0.0
12.4414835 16.675718 2.181776
12.4414835 16.675718 2.181776
17.017561 7.815953 9.537316
12.4414835 16.675718 2.181776
16.14032 12.602833 6.2176976
0.0 18.0 0.0
0.0 21.0 0.0
0.0 21.0 0.0
-7.2250614 20.355797 0.0
0.0 21.0 0.0
0.0 24.0 0.0
0.0 24.0 0.0
8.529586 24.031149 0.0
0.0 24.0 0.0
0.0 27.0 0.0
