0.0 0.0 0.0
0.0 3.0 0.0
0.0 3.0 0.0
-1.2817123 3.7890913 0.0
0.0 3.0 0.0
0.0 6.0 0.0
0.0 6.0 0.0
2.2429965 6.63091 0.0
0.0 6.0 0.0
0.0 9.0 0.0
0.0 9.0 0.0
-3.0761096 9.09382 0.0
-3.0761096 9.09382 0.0
-7.5358677 5.8378444 1.8674004
-3.0761096 9.09382 0.0
-5.994616 8.6279 0.9856719
-5.994616 8.6279 0.9856719
-5.994616 8.7479 0.9856719
-5.994616 8.6279 0.9856719
-8.325203 7.875525 2.8545434
0.0 9.0 0.0
0.0 12.0 0.0
0.0 12.0 0.0
-4.037394 11.935638 0.0
0.0 12.0 0.0
0.0 15.0 0.0
0.0 15.0 0.0
5.126849 15.156365 0.0
0.0 15.0 0.0
0.0 18.0 0.0
0.0 18.0 0.0
5.9599624 17.619276 0.0
5.9599624 17.619276 0.0
5.9599624 17.739277 0.0
5.9599624 17.619276 0.0
11.314167 15.828491 1.9097393
11.314167 15.828491 1.9097393
16.034592 8.088797 8.386019
11.314167 15.828491 1.9097393
14.965147 12.7030325 5.4344206
0.0 18.0 0.0
0.0 21.0 0.0
0.0 21.0 0.0
-6.9212465 20.461094 0.0
0.0 21.0 0.0
0.0 24.0 0.0
0.0 24.0 0.0
7.8825307 23.302912 0.0
0.0 24.0 0.0
0.0 27.0 0.0
