0.0 0.0 0.0
0.0 3.0 0.0
0.0 3.0 0.0
-3.4559193 2.882121 0.0
0.0 3.0 0.0
0.0 6.0 0.0
0.0 6.0 0.0
5.3758745 4.4832993 0.0
0.0 6.0 0.0
0.0 9.0 0.0
0.0 9.0 0.0
-7.372628 6.148525 0.0
-7.372628 6.148525 0.0
-7.024156 0.06361735 7.2527566
-7.372628 6.148525 0.0
-8.207025 0.6958585 5.6620464
-8.207025 0.6958585 5.6620464
-8.207025 1.4458585 5.6620464
-8.207025 0.6958585 5.6620464
-2.2679367 0.7090461 9.929226
0.0 9.0 0.0
0.0 12.0 0.0
0.0 12.0 0.0
-9.676575 8.069939 0.0
0.0 12.0 0.0
0.0 15.0 0.0
0.0 15.0 0.0
12.287713 10.247541 0.0
0.0 15.0 0.0
0.0 18.0 0.0
0.0 18.0 0.0
14.284467 11.912767 0.0
14.284467 11.912767 0.0
14.284467 12.662767 0.0
14.284467 11.912767 0.0
15.776312 1.2441492 10.970214
15.776312 1.2441492 10.970214
4.40871 13.045497 13.549632
15.776312 1.2441492 10.970214
2.7990408 0.14760411 19.142033
0.0 18.0 0.0
0.0 21.0 0.0
0.0 21.0 0.0
-16.588413 13.834181 0.0
0.0 21.0 0.0
0.0 24.0 0.0
0.0 24.0 0.0
19.583542 16.33202 0.0
0.0 24.0 0.0
0.0 27.0 0.0
