0.0 0.0 0.0
0.0 3.0 0.0
0.0 3.0 0.0
-2.9624176 3.3873415 0.0
0.0 3.0 0.0
0.0 6.0 0.0
0.0 6.0 0.0
4.9373627 5.645569 0.0
0.0 6.0 0.0
0.0 9.0 0.0
0.0 9.0 0.0
-6.9123077 7.9037967 0.0
-6.9123077 7.9037967 0.0
-8.286402 0.18473512 6.8506737
-6.9123077 7.9037967 0.0
-10.107322 3.6533015 4.550476
-10.107322 3.6533015 4.550476
-10.107322 3.9866347 4.550476
-10.107322 3.6533015 4.550476
-6.272085 0.16512084 10.079138
0.0 9.0 0.0
0.0 12.0 0.0
0.0 12.0 0.0
-8.558095 9.785653 0.0
0.0 12.0 0.0
0.0 15.0 0.0
0.0 15.0 0.0
10.269714 11.742784 0.0
0.0 15.0 0.0
0.0 18.0 0.0
0.0 18.0 0.0
12.837143 14.678479 0.0
12.837143 14.678479 0.0
12.837143 15.428479 0.0
12.837143 14.678479 0.0
17.595177 5.4405184 8.450884
17.595177 5.4405184 8.450884
4.918769 6.7466493 18.564306
17.595177 5.4405184 8.450884
10.351084 0.16771221 17.944508
0.0 18.0 0.0
0.0 21.0 0.0
0.0 21.0 0.0
-14.2196045 16.25924 0.0
0.0 21.0 0.0
0.0 24.0 0.0
0.0 24.0 0.0
16.787033 19.194935 0.0
0.0 24.0 0.0
0.0 27.0 0.0
