0.0 0.0 0.0
0.0 3.0 0.0
0.0 3.0 0.0
-3.048605 1.9146821 0.0
0.0 3.0 0.0
0.0 6.0 0.0
0.0 6.0 0.0
6.35126 3.9889214 0.0
0.0 6.0 0.0
0.0 9.0 0.0
0.0 9.0 0.0
-8.129614 5.1058197 0.0
-8.129614 5.1058197 0.0
-6.8079376 0.63716197 7.323063
-8.129614 5.1058197 0.0
-7.470252 -0.41411352 6.8844395
-7.470252 -0.41411352 6.8844395
-7.470252 -0.08078018 6.8844395
-7.470252 -0.41411352 6.8844395
0.06802809 2.150008 9.9876
0.0 9.0 0.0
0.0 12.0 0.0
0.0 12.0 0.0
-10.670117 6.701388 0.0
0.0 12.0 0.0
0.0 15.0 0.0
0.0 15.0 0.0
13.210622 8.296957 0.0
0.0 15.0 0.0
0.0 18.0 0.0
0.0 18.0 0.0
16.513277 10.371196 0.0
16.513277 10.371196 0.0
16.513277 10.491196 0.0
16.513277 10.371196 0.0
13.961916 -1.602387 13.984016
13.961916 -1.602387 13.984016
6.767813 17.452196 6.5040627
13.961916 -1.602387 13.984016
-2.4356048 3.6855223 19.260921
0.0 18.0 0.0
0.0 21.0 0.0
0.0 21.0 0.0
-18.29163 11.488093 0.0
0.0 21.0 0.0
0.0 24.0 0.0
0.0 24.0 0.0
21.594286 13.562332 0.0
0.0 24.0 0.0
0.0 27.0 0.0
