0.0 0.0 0.0
0.0 3.0 0.0
0.0 3.0 0.0
-2.9554222 2.6954553 0.0
0.0 3.0 0.0
0.0 6.0 0.0
0.0 6.0 0.0
4.8764467 4.447501 0.0
0.0 6.0 0.0
0.0 9.0 0.0
0.0 9.0 0.0
-7.0930133 6.469093 0.0
-7.0930133 6.469093 0.0
-6.833487 0.023929417 7.0630527
-7.0930133 6.469093 0.0
-8.739464 1.5016253 5.240712
-8.739464 1.5016253 5.240712
-8.739464 1.8349587 5.240712
-8.739464 1.5016253 5.240712
-2.912034 -0.07412076 9.988728
0.0 9.0 0.0
0.0 12.0 0.0
0.0 12.0 0.0
-9.605122 8.76023 0.0
0.0 12.0 0.0
0.0 15.0 0.0
0.0 15.0 0.0
11.821689 10.781821 0.0
0.0 15.0 0.0
0.0 18.0 0.0
0.0 18.0 0.0
13.742713 12.533868 0.0
13.742713 12.533868 0.0
13.742713 13.283868 0.0
13.742713 12.533868 0.0
15.944493 2.0081067 10.153879
15.944493 2.0081067 10.153879
3.8092093 11.272805 14.944866
15.944493 2.0081067 10.153879
4.7767634 -0.031507254 18.623009
0.0 18.0 0.0
0.0 21.0 0.0
0.0 21.0 0.0
-16.62425 15.161936 0.0
0.0 21.0 0.0
0.0 24.0 0.0
0.0 24.0 0.0
18.471388 16.846596 0.0
0.0 24.0 0.0
0.0 27.0 0.0
