0.0 0.0 0.0
0.0 3.0 0.0
0.0 3.0 0.0
-1.201 4.336773 0.0
0.0 3.0 0.0
0.0 6.0 0.0
0.0 6.0 0.0
1.7614666 6.3606 0.0
0.0 6.0 0.0
0.0 9.0 0.0
0.0 9.0 0.0
-2.6688888 9.637273 0.0
-2.6688888 9.637273 0.0
-6.981936 7.189923 1.3729197
-2.6688888 9.637273 0.0
-5.3177547 9.564971 0.7122968
-5.3177547 9.564971 0.7122968
-5.3177547 9.684971 0.7122968
-5.3177547 9.564971 0.7122968
-7.5754375 8.864718 2.1057096
0.0 9.0 0.0
0.0 12.0 0.0
0.0 12.0 0.0
-3.4695556 12.528455 0.0
0.0 12.0 0.0
0.0 15.0 0.0
0.0 15.0 0.0
4.4036665 15.901501 0.0
0.0 15.0 0.0
0.0 18.0 0.0
0.0 18.0 0.0
5.2043333 18.792683 0.0
5.2043333 18.792683 0.0
5.2043333 19.542683 0.0
5.2043333 18.792683 0.0
10.116077 17.736153 1.3889787
10.116077 17.736153 1.3889787
16.121632 11.400343 6.3949795
10.116077 17.736153 1.3889787
13.931971 15.168051 4.0384655
0.0 18.0 0.0
0.0 21.0 0.0
0.0 21.0 0.0
-6.005 21.683865 0.0
0.0 21.0 0.0
0.0 24.0 0.0
0.0 24.0 0.0
6.672222 24.093182 0.0
0.0 24.0 0.0
0.0 27.0 0.0
