0.0 0.0 0.0
0.0 3.0 0.0
0.0 3.0 0.0
-1.6916852 3.1777666 0.0
0.0 3.0 0.0
0.0 6.0 0.0
0.0 6.0 0.0
3.289388 6.178991 0.0
0.0 6.0 0.0
0.0 9.0 0.0
0.0 9.0 0.0
-4.511161 8.474045 0.0
-4.511161 8.474045 0.0
-8.536032 2.7089632 3.7424402
-4.511161 8.474045 0.0
-7.7790236 6.138557 2.119851
-7.7790236 6.138557 2.119851
-7.7790236 6.888557 2.119851
-7.7790236 6.138557 2.119851
-8.348499 3.18959 5.526681
0.0 9.0 0.0
0.0 12.0 0.0
0.0 12.0 0.0
-6.3438196 11.916625 0.0
0.0 12.0 0.0
0.0 15.0 0.0
0.0 15.0 0.0
7.753557 14.564764 0.0
0.0 15.0 0.0
0.0 18.0 0.0
0.0 18.0 0.0
8.928339 16.771545 0.0
8.928339 16.771545 0.0
8.928339 16.891546 0.0
8.928339 16.771545 0.0
15.542831 12.425074 4.1955385
15.542831 12.425074 4.1955385
13.309697 2.692514 15.236907
15.542831 12.425074 4.1955385
16.679008 6.3298025 11.007228
0.0 18.0 0.0
0.0 21.0 0.0
0.0 21.0 0.0
-10.338077 19.419685 0.0
0.0 21.0 0.0
0.0 24.0 0.0
0.0 24.0 0.0
11.559849 21.714739 0.0
0.0 24.0 0.0
0.0 27.0 0.0
