0.0 0.0 0.0
0.0 3.0 0.0
0.0 3.0 0.0
-3.8699076 2.296479 0.0
0.0 3.0 0.0
0.0 6.0 0.0
0.0 6.0 0.0
6.019856 3.5723004 0.0
0.0 6.0 0.0
0.0 9.0 0.0
0.0 9.0 0.0
-8.255803 4.899155 0.0
-8.255803 4.899155 0.0
-6.4880304 0.9649644 7.2464843
-8.255803 4.899155 0.0
-7.653245 -0.35756993 7.099821
-7.653245 -0.35756993 7.099821
-7.653245 0.39243007 7.099821
-7.653245 -0.35756993 7.099821
0.91425335 2.0156994 10.204876
0.0 9.0 0.0
0.0 12.0 0.0
0.0 12.0 0.0
-11.179733 6.6342726 0.0
0.0 12.0 0.0
0.0 15.0 0.0
0.0 15.0 0.0
14.189661 8.420423 0.0
0.0 15.0 0.0
0.0 18.0 0.0
0.0 18.0 0.0
15.995618 9.492113 0.0
15.995618 9.492113 0.0
15.995618 9.612113 0.0
15.995618 9.492113 0.0
13.618815 -1.4104409 13.755902
13.618815 -1.4104409 13.755902
8.331792 16.641903 5.3629804
13.618815 -1.4104409 13.755902
-3.1872241 3.7828686 18.731934
0.0 18.0 0.0
0.0 21.0 0.0
0.0 21.0 0.0
-19.349537 11.482394 0.0
0.0 21.0 0.0
0.0 24.0 0.0
0.0 24.0 0.0
21.929476 13.013381 0.0
0.0 24.0 0.0
0.0 27.0 0.0
