0.0 0.0 0.0
0.0 3.0 0.0
0.0 3.0 0.0
-1.7273083 3.1585448 0.0
0.0 3.0 0.0
0.0 6.0 0.0
0.0 6.0 0.0
3.598559 6.580302 0.0
0.0 6.0 0.0
0.0 9.0 0.0
0.0 9.0 0.0
-5.0379825 9.212422 0.0
-5.0379825 9.212422 0.0
-9.503698 2.8619106 4.2416863
-5.0379825 9.212422 0.0
-8.586238 6.4883175 2.4172635
-8.586238 6.4883175 2.4172635
-8.586238 6.821651 2.4172635
-8.586238 6.4883175 2.4172635
-9.424812 3.9506755 6.240587
0.0 9.0 0.0
0.0 12.0 0.0
0.0 12.0 0.0
-6.237502 11.405856 0.0
0.0 12.0 0.0
0.0 15.0 0.0
0.0 15.0 0.0
7.6769257 14.037977 0.0
0.0 15.0 0.0
0.0 18.0 0.0
0.0 18.0 0.0
9.116349 16.670097 0.0
9.116349 16.670097 0.0
9.116349 16.790098 0.0
9.116349 16.670097 0.0
15.735779 12.104247 4.374096
15.735779 12.104247 4.374096
12.886242 2.547934 15.60873
15.735779 12.104247 4.374096
16.799215 6.3186893 11.387867
0.0 18.0 0.0
0.0 21.0 0.0
0.0 21.0 0.0
-10.555773 19.30222 0.0
0.0 21.0 0.0
0.0 24.0 0.0
0.0 24.0 0.0
11.803273 21.583391 0.0
0.0 24.0 0.0
0.0 27.0 0.0
