0.0 0.0 0.0
0.0 3.0 0.0
0.0 3.0 0.0
-3.361316 2.168307 0.0
0.0 3.0 0.0
0.0 6.0 0.0
0.0 6.0 0.0
5.546171 3.5777066 0.0
0.0 6.0 0.0
0.0 9.0 0.0
0.0 9.0 0.0
-8.067159 5.203937 0.0
-8.067159 5.203937 0.0
-6.221733 0.8351712 7.3495493
-8.067159 5.203937 0.0
-8.0040245 -0.040726423 6.7790675
-8.0040245 -0.040726423 6.7790675
-8.0040245 0.7092736 6.7790675
-8.0040245 -0.040726423 6.7790675
0.2660859 1.4442112 10.400788
0.0 9.0 0.0
0.0 12.0 0.0
0.0 12.0 0.0
-10.924277 7.046998 0.0
0.0 12.0 0.0
0.0 15.0 0.0
0.0 15.0 0.0
13.109133 8.456398 0.0
0.0 15.0 0.0
0.0 18.0 0.0
0.0 18.0 0.0
15.630119 10.082628 0.0
15.630119 10.082628 0.0
15.630119 10.415961 0.0
15.630119 10.082628 0.0
13.56979 -1.3290715 13.134442
13.56979 -1.3290715 13.134442
6.1389685 16.497356 6.9472938
13.56979 -1.3290715 13.134442
-2.2721214 2.9151924 18.522964
0.0 18.0 0.0
0.0 21.0 0.0
0.0 21.0 0.0
-18.151106 11.7088585 0.0
0.0 21.0 0.0
0.0 24.0 0.0
0.0 24.0 0.0
20.672094 13.335089 0.0
0.0 24.0 0.0
0.0 27.0 0.0
