0.0 0.0 0.0
0.0 3.0 0.0
0.0 3.0 0.0
-1.3905278 4.2797704 0.0
0.0 3.0 0.0
0.0 6.0 0.0
0.0 6.0 0.0
2.1630433 6.65742 0.0
0.0 6.0 0.0
0.0 9.0 0.0
0.0 9.0 0.0
-3.090062 9.510601 0.0
-3.090062 9.510601 0.0
-7.6830864 6.3220587 1.8162359
-3.090062 9.510601 0.0
-6.1973515 9.563624 0.95484823
-6.1973515 9.563624 0.95484823
-6.1973515 9.683624 0.95484823
-6.1973515 9.563624 0.95484823
-8.743713 8.792046 2.8231378
0.0 9.0 0.0
0.0 12.0 0.0
0.0 12.0 0.0
-3.8934782 11.983357 0.0
0.0 12.0 0.0
0.0 15.0 0.0
0.0 15.0 0.0
5.098602 15.692491 0.0
0.0 15.0 0.0
0.0 18.0 0.0
0.0 18.0 0.0
5.8711176 18.07014 0.0
5.8711176 18.07014 0.0
5.8711176 18.403475 0.0
5.8711176 18.07014 0.0
11.203306 16.411425 1.8142116
11.203306 16.411425 1.8142116
16.31222 8.846363 8.052684
11.203306 16.411425 1.8142116
14.85703 13.05965 5.187315
0.0 18.0 0.0
0.0 21.0 0.0
0.0 21.0 0.0
-6.798136 20.92332 0.0
0.0 21.0 0.0
0.0 24.0 0.0
0.0 24.0 0.0
7.7251544 23.7765 0.0
0.0 24.0 0.0
0.0 27.0 0.0
