0.0 0.0 0.0
0.0 3.0 0.0
0.0 3.0 0.0
-1.0320377 3.448898 0.0
0.0 3.0 0.0
0.0 6.0 0.0
0.0 6.0 0.0
2.1500785 7.1852045 0.0
0.0 6.0 0.0
0.0 9.0 0.0
0.0 9.0 0.0
-3.0101101 10.059286 0.0
-3.0101101 10.059286 0.0
-8.039327 7.650938 1.6534206
-3.0101101 10.059286 0.0
-5.818502 9.385176 0.8629298
-5.818502 9.385176 0.8629298
-5.818502 10.135176 0.8629298
-5.818502 9.385176 0.8629298
-7.9658384 8.03897 2.494742
0.0 9.0 0.0
0.0 12.0 0.0
0.0 12.0 0.0
-3.6121323 12.071144 0.0
0.0 12.0 0.0
0.0 15.0 0.0
0.0 15.0 0.0
4.4721637 14.945226 0.0
0.0 15.0 0.0
0.0 18.0 0.0
0.0 18.0 0.0
5.3321953 17.819307 0.0
5.3321953 17.819307 0.0
5.3321953 17.939308 0.0
5.3321953 17.819307 0.0
10.289041 16.56495 1.5286186
10.289041 16.56495 1.5286186
15.765047 9.859259 6.9290204
10.289041 16.56495 1.5286186
14.202431 14.606514 4.414091
0.0 18.0 0.0
0.0 21.0 0.0
0.0 21.0 0.0
-6.1922264 20.693388 0.0
0.0 21.0 0.0
0.0 24.0 0.0
0.0 24.0 0.0
7.052258 23.56747 0.0
0.0 24.0 0.0
0.0 27.0 0.0
