0.0 0.0 0.0
0.0 3.0 0.0
0.0 3.0 0.0
-1.6278363 3.6537855 0.0
0.0 3.0 0.0
0.0 6.0 0.0
0.0 6.0 0.0
2.68593 6.028746 0.0
0.0 6.0 0.0
0.0 9.0 0.0
0.0 9.0 0.0
-3.9068074 8.769086 0.0
-3.9068074 8.769086 0.0
-8.514706 4.1449094 2.9045966
-3.9068074 8.769086 0.0
-7.438876 7.9279613 1.5899107
-7.438876 7.9279613 1.5899107
-7.438876 8.261294 1.5899107
-7.438876 7.9279613 1.5899107
-9.086387 5.287857 4.479616
0.0 9.0 0.0
0.0 12.0 0.0
0.0 12.0 0.0
-5.290468 11.874803 0.0
0.0 12.0 0.0
0.0 15.0 0.0
0.0 15.0 0.0
6.348562 14.2497635 0.0
0.0 15.0 0.0
0.0 18.0 0.0
0.0 18.0 0.0
7.7322226 17.35548 0.0
7.7322226 17.35548 0.0
7.7322226 17.475481 0.0
7.7322226 17.35548 0.0
13.921574 13.892406 3.1466982
13.921574 13.892406 3.1466982
15.079688 4.188448 12.454694
13.921574 13.892406 3.1466982
16.710283 9.40614 8.539851
0.0 18.0 0.0
0.0 21.0 0.0
0.0 21.0 0.0
-9.156579 20.552544 0.0
0.0 21.0 0.0
0.0 24.0 0.0
0.0 24.0 0.0
10.011193 22.470781 0.0
0.0 24.0 0.0
0.0 27.0 0.0
