0.0 0.0 0.0
0.0 3.0 0.0
0.0 3.0 0.0
-2.7652645 2.8902097 0.0
0.0 3.0 0.0
0.0 6.0 0.0
0.0 6.0 0.0
4.839213 5.057867 0.0
0.0 6.0 0.0
0.0 9.0 0.0
0.0 9.0 0.0
-6.9131613 7.225524 0.0
-6.9131613 7.225524 0.0
-7.981226 0.047216028 6.906416
-6.9131613 7.225524 0.0
-9.295674 2.4901643 4.77918
-9.295674 2.4901643 4.77918
-9.295674 2.8234975 4.77918
-9.295674 2.4901643 4.77918
-5.2243104 0.5238569 9.879457
0.0 9.0 0.0
0.0 12.0 0.0
0.0 12.0 0.0
-9.3327675 9.754457 0.0
0.0 12.0 0.0
0.0 15.0 0.0
0.0 15.0 0.0
11.406716 11.922115 0.0
0.0 15.0 0.0
0.0 18.0 0.0
0.0 18.0 0.0
12.85848 13.439475 0.0
12.85848 13.439475 0.0
12.85848 13.772808 0.0
12.85848 13.439475 0.0
16.418898 3.7212896 8.889275
16.418898 3.7212896 8.889275
3.6904886 8.326589 16.795464
16.418898 3.7212896 8.889275
7.741272 -0.18043876 17.773617
0.0 18.0 0.0
0.0 21.0 0.0
0.0 21.0 0.0
-14.932428 15.607133 0.0
0.0 21.0 0.0
0.0 24.0 0.0
0.0 24.0 0.0
17.282904 18.06381 0.0
0.0 24.0 0.0
0.0 27.0 0.0
