0.0 0.0 0.0
0.0 3.0 0.0
0.0 3.0 0.0
-3.2462094 2.3371189 0.0
0.0 3.0 0.0
0.0 6.0 0.0
0.0 6.0 0.0
6.0866427 4.3820977 0.0
0.0 6.0 0.0
0.0 9.0 0.0
0.0 9.0 0.0
-8.115523 5.8427973 0.0
-8.115523 5.8427973 0.0
-6.673844 0.4822607 7.6963334
-8.115523 5.8427973 0.0
-8.729565 0.44208097 6.586172
-8.729565 0.44208097 6.586172
-8.729565 1.192081 6.586172
-8.729565 0.44208097 6.586172
-1.4332347 1.333156 10.932666
0.0 9.0 0.0
0.0 12.0 0.0
0.0 12.0 0.0
-10.955956 7.8877764 0.0
0.0 12.0 0.0
0.0 15.0 0.0
0.0 15.0 0.0
12.660217 9.114764 0.0
0.0 15.0 0.0
0.0 18.0 0.0
0.0 18.0 0.0
15.094874 10.867603 0.0
15.094874 10.867603 0.0
15.094874 10.987603 0.0
15.094874 10.867603 0.0
14.784311 -0.22359037 12.25028
14.784311 -0.22359037 12.25028
5.672555 15.298282 10.134448
14.784311 -0.22359037 12.25028
-0.13155293 1.5115564 19.155832
0.0 18.0 0.0
0.0 21.0 0.0
0.0 21.0 0.0
-17.85415 12.854154 0.0
0.0 21.0 0.0
0.0 24.0 0.0
0.0 24.0 0.0
20.288809 14.606993 0.0
0.0 24.0 0.0
0.0 27.0 0.0
