0.0 0.0 0.0
0.0 3.0 0.0
0.0 3.0 0.0
-2.469147 3.146953 0.0
0.0 3.0 0.0
0.0 6.0 0.0
0.0 6.0 0.0
4.6296506 5.900537 0.0
0.0 6.0 0.0
0.0 9.0 0.0
0.0 9.0 0.0
-5.925953 7.5526876 0.0
-5.925953 7.5526876 0.0
-8.399713 0.6059414 5.755796
-5.925953 7.5526876 0.0
-8.9473715 3.850829 3.6580122
-8.9473715 3.850829 3.6580122
-8.9473715 3.9708288 3.6580122
-8.9473715 3.850829 3.6580122
-6.7559032 0.86496353 8.400991
0.0 9.0 0.0
0.0 12.0 0.0
0.0 12.0 0.0
-8.333371 10.620967 0.0
0.0 12.0 0.0
0.0 15.0 0.0
0.0 15.0 0.0
9.876588 12.587812 0.0
0.0 15.0 0.0
0.0 18.0 0.0
0.0 18.0 0.0
12.037091 15.341396 0.0
12.037091 15.341396 0.0
12.037091 15.674729 0.0
12.037091 15.341396 0.0
17.846413 7.404041 7.430337
17.846413 7.404041 7.430337
6.8083453 4.72659 19.101757
17.846413 7.404041 7.430337
12.934019 1.1694403 16.862083
0.0 18.0 0.0
0.0 21.0 0.0
0.0 21.0 0.0
-13.333394 16.993547 0.0
0.0 21.0 0.0
0.0 24.0 0.0
0.0 24.0 0.0
15.185254 19.353762 0.0
0.0 24.0 0.0
0.0 27.0 0.0
