0.0 0.0 0.0
0.0 3.0 0.0
0.0 3.0 0.0
-2.2631614 2.7996607 0.0
0.0 3.0 0.0
0.0 6.0 0.0
0.0 6.0 0.0
4.1491294 5.1327114 0.0
0.0 6.0 0.0
0.0 9.0 0.0
0.0 9.0 0.0
-6.0350976 7.4657626 0.0
-6.0350976 7.4657626 0.0
-7.6823816 0.35308492 5.901063
-6.0350976 7.4657626 0.0
-9.286358 4.021995 3.7940001
-9.286358 4.021995 3.7940001
-9.286358 4.3553286 3.7940001
-9.286358 4.021995 3.7940001
-6.9185505 0.86488557 8.788456
0.0 9.0 0.0
0.0 12.0 0.0
0.0 12.0 0.0
-7.9210653 9.798813 0.0
0.0 12.0 0.0
0.0 15.0 0.0
0.0 15.0 0.0
10.372824 12.831779 0.0
0.0 15.0 0.0
0.0 18.0 0.0
0.0 18.0 0.0
11.693002 14.464914 0.0
11.693002 14.464914 0.0
11.693002 15.214914 0.0
11.693002 14.464914 0.0
16.54248 5.9990816 7.3508754
16.54248 5.9990816 7.3508754
5.819416 5.0524535 17.715706
16.54248 5.9990816 7.3508754
10.81096 0.2606554 16.116184
0.0 18.0 0.0
0.0 21.0 0.0
0.0 21.0 0.0
-13.830431 17.109037 0.0
0.0 21.0 0.0
0.0 24.0 0.0
0.0 24.0 0.0
15.464937 19.131016 0.0
0.0 24.0 0.0
0.0 27.0 0.0
