0.0 0.0 0.0
0.0 3.0 0.0
0.0 3.0 0.0
-1.9653652 3.4838686 0.0
0.0 3.0 0.0
0.0 6.0 0.0
0.0 6.0 0.0
3.2428524 5.748383 0.0
0.0 6.0 0.0
0.0 9.0 0.0
0.0 9.0 0.0
-4.913413 8.709671 0.0
-4.913413 8.709671 0.0
-9.053917 2.5018969 4.2053127
-4.913413 8.709671 0.0
-8.301461 6.005761 2.4141626
-8.301461 6.005761 2.4141626
-8.301461 6.755761 2.4141626
-8.301461 6.005761 2.4141626
-8.952122 3.5675447 6.181507
0.0 9.0 0.0
0.0 12.0 0.0
0.0 12.0 0.0
-6.6331077 11.758057 0.0
0.0 12.0 0.0
0.0 15.0 0.0
0.0 15.0 0.0
8.107131 14.370958 0.0
0.0 15.0 0.0
0.0 18.0 0.0
0.0 18.0 0.0
9.581155 16.98386 0.0
9.581155 16.98386 0.0
9.581155 17.317194 0.0
9.581155 16.98386 0.0
16.104322 11.563171 4.707617
16.104322 11.563171 4.707617
12.405569 2.4726477 16.218061
16.104322 11.563171 4.707617
16.620365 5.6223702 12.012898
0.0 18.0 0.0
0.0 21.0 0.0
0.0 21.0 0.0
-10.612972 18.812891 0.0
0.0 21.0 0.0
0.0 24.0 0.0
0.0 24.0 0.0
12.086996 21.425793 0.0
0.0 24.0 0.0
0.0 27.0 0.0
