0.0 0.0 0.0
0.0 3.0 0.0
0.0 3.0 0.0
-1.5860023 3.672138 0.0
0.0 3.0 0.0
0.0 6.0 0.0
0.0 6.0 0.0
2.9737544 6.8852587 0.0
0.0 6.0 0.0
0.0 9.0 0.0
0.0 9.0 0.0
-3.9650059 9.180345 0.0
-3.9650059 9.180345 0.0
-8.789582 4.543401 2.886534
-3.9650059 9.180345 0.0
-7.57642 8.361658 1.5721271
-7.57642 8.361658 1.5721271
-7.57642 8.694991 1.5721271
-7.57642 8.361658 1.5721271
-9.723207 6.542674 4.447322
0.0 9.0 0.0
0.0 12.0 0.0
0.0 12.0 0.0
-5.1545076 11.934448 0.0
0.0 12.0 0.0
0.0 15.0 0.0
0.0 15.0 0.0
6.3440094 14.688552 0.0
0.0 15.0 0.0
0.0 18.0 0.0
0.0 18.0 0.0
7.7317615 17.901672 0.0
7.7317615 17.901672 0.0
7.7317615 18.021673 0.0
7.7317615 17.901672 0.0
14.209005 14.997034 3.0656478
14.209005 14.997034 3.0656478
16.612223 5.328808 12.445921
14.209005 14.997034 3.0656478
17.202103 9.995693 8.44825
0.0 18.0 0.0
0.0 21.0 0.0
0.0 21.0 0.0
-8.564413 19.829546 0.0
0.0 21.0 0.0
0.0 24.0 0.0
0.0 24.0 0.0
9.912515 22.950863 0.0
0.0 24.0 0.0
0.0 27.0 0.0
