0.0 0.0 0.0
0.0 3.0 0.0
0.0 3.0 0.0
-2.240747 3.902442 0.0
0.0 3.0 0.0
0.0 6.0 0.0
0.0 6.0 0.0
3.2864287 5.7235813 0.0
0.0 6.0 0.0
0.0 9.0 0.0
0.0 9.0 0.0
-4.78026 8.32521 0.0
-4.78026 8.32521 0.0
-9.052505 2.4936874 4.128438
-4.78026 8.32521 0.0
-8.487406 6.456295 2.3803008
-8.487406 6.456295 2.3803008
-8.487406 7.206295 2.3803008
-8.487406 6.456295 2.3803008
-9.067921 3.3913152 6.2904696
0.0 9.0 0.0
0.0 12.0 0.0
0.0 12.0 0.0
-6.2740917 10.926838 0.0
0.0 12.0 0.0
0.0 15.0 0.0
0.0 15.0 0.0
7.9671 13.875349 0.0
0.0 15.0 0.0
0.0 18.0 0.0
0.0 18.0 0.0
9.460932 16.476976 0.0
9.460932 16.476976 0.0
9.460932 16.81031 0.0
9.460932 16.476976 0.0
15.618486 10.723881 4.711012
15.618486 10.723881 4.711012
11.283211 2.1805336 15.863635
15.618486 10.723881 4.711012
15.549431 4.5907474 11.862561
0.0 18.0 0.0
0.0 21.0 0.0
0.0 21.0 0.0
-10.755586 18.731722 0.0
0.0 21.0 0.0
0.0 24.0 0.0
0.0 24.0 0.0
12.448594 21.680233 0.0
0.0 24.0 0.0
0.0 27.0 0.0
