0.0 0.0 0.0
0.0 3.0 0.0
0.0 3.0 0.0
-1.6615306 3.638587 0.0
0.0 3.0 0.0
0.0 6.0 0.0
0.0 6.0 0.0
2.9076786 6.367527 0.0
0.0 6.0 0.0
0.0 9.0 0.0
0.0 9.0 0.0
-4.1538267 9.096468 0.0
-4.1538267 9.096468 0.0
-8.907759 4.1198983 3.1390593
-4.1538267 9.096468 0.0
-7.8387027 8.069513 1.7254275
-7.8387027 8.069513 1.7254275
-7.8387027 8.189513 1.7254275
-7.8387027 8.069513 1.7254275
-9.809246 6.0407214 4.8255906
0.0 9.0 0.0
0.0 12.0 0.0
0.0 12.0 0.0
-5.2338214 11.46155 0.0
0.0 12.0 0.0
0.0 15.0 0.0
0.0 15.0 0.0
6.6461225 14.554348 0.0
0.0 15.0 0.0
0.0 18.0 0.0
0.0 18.0 0.0
8.099961 17.738111 0.0
8.099961 17.738111 0.0
8.099961 17.858112 0.0
8.099961 17.738111 0.0
14.485858 13.984481 3.3645835
14.485858 13.984481 3.3645835
15.367986 4.1290603 13.15052
14.485858 13.984481 3.3645835
17.147099 9.192439 9.077757
0.0 18.0 0.0
0.0 21.0 0.0
0.0 21.0 0.0
-9.346109 20.467052 0.0
0.0 21.0 0.0
0.0 24.0 0.0
0.0 24.0 0.0
10.5922575 23.195992 0.0
0.0 24.0 0.0
0.0 27.0 0.0
