0.0 0.0 0.0
0.0 3.0 0.0
0.0 3.0 0.0
-2.2655656 3.8880858 0.0
0.0 3.0 0.0
0.0 6.0 0.0
0.0 6.0 0.0
3.7759428 6.480143 0.0
0.0 6.0 0.0
0.0 9.0 0.0
0.0 9.0 0.0
-5.2863197 9.072201 0.0
-5.2863197 9.072201 0.0
-9.830417 2.5753016 4.599079
-5.2863197 9.072201 0.0
-9.269061 6.835044 2.6614454
-9.269061 6.835044 2.6614454
-9.269061 7.585044 2.6614454
-9.269061 6.835044 2.6614454
-9.706523 3.4122016 6.966132
0.0 9.0 0.0
0.0 12.0 0.0
0.0 12.0 0.0
-6.343584 10.886641 0.0
0.0 12.0 0.0
0.0 15.0 0.0
0.0 15.0 0.0
8.307075 14.256315 0.0
0.0 15.0 0.0
0.0 18.0 0.0
0.0 18.0 0.0
9.8174515 16.848372 0.0
9.8174515 16.848372 0.0
9.8174515 17.181705 0.0
9.8174515 16.848372 0.0
16.113552 10.805153 4.9426847
16.113552 10.805153 4.9426847
11.487539 2.3209584 16.455763
16.113552 10.805153 4.9426847
15.822585 4.443339 12.383087
0.0 18.0 0.0
0.0 21.0 0.0
0.0 21.0 0.0
-11.076098 19.00842 0.0
0.0 21.0 0.0
0.0 24.0 0.0
0.0 24.0 0.0
12.586476 21.600477 0.0
0.0 24.0 0.0
0.0 27.0 0.0
