0.0 0.0 0.0
0.0 3.0 0.0
0.0 3.0 0.0
-2.8628097 2.7936215 0.0
0.0 3.0 0.0
0.0 6.0 0.0
0.0 6.0 0.0
5.009917 4.888838 0.0
0.0 6.0 0.0
0.0 9.0 0.0
0.0 9.0 0.0
-7.1570244 6.9840536 0.0
-7.1570244 6.9840536 0.0
-7.7360215 -0.014166415 7.154883
-7.1570244 6.9840536 0.0
-9.56304 2.3478673 5.1222997
-9.56304 2.3478673 5.1222997
-9.56304 3.0978673 5.1222997
-9.56304 2.3478673 5.1222997
-4.8581085 0.5310774 10.421732
0.0 9.0 0.0
0.0 12.0 0.0
0.0 12.0 0.0
-9.017851 8.799908 0.0
0.0 12.0 0.0
0.0 15.0 0.0
0.0 15.0 0.0
11.80909 11.523689 0.0
0.0 15.0 0.0
0.0 18.0 0.0
0.0 18.0 0.0
13.312065 12.99034 0.0
13.312065 12.99034 0.0
13.312065 13.323673 0.0
13.312065 12.99034 0.0
16.219868 2.837525 9.527477
16.219868 2.837525 9.527477
3.8291264 9.830643 15.981975
16.219868 2.837525 9.527477
6.2536297 -0.19789767 18.26264
0.0 18.0 0.0
0.0 21.0 0.0
0.0 21.0 0.0
-15.459172 15.085557 0.0
0.0 21.0 0.0
0.0 24.0 0.0
0.0 24.0 0.0
18.250412 17.809338 0.0
0.0 24.0 0.0
0.0 27.0 0.0
