0.0 0.0 0.0
0.0 3.0 0.0
0.0 3.0 0.0
-3.0728183 3.2875197 0.0
0.0 3.0 0.0
0.0 6.0 0.0
0.0 6.0 0.0
4.5068 4.821696 0.0
0.0 6.0 0.0
0.0 9.0 0.0
0.0 9.0 0.0
-7.1699095 7.6708794 0.0
-7.1699095 7.6708794 0.0
-7.80575 0.04297617 7.1535883
-7.1699095 7.6708794 0.0
-10.08903 3.1230836 4.895962
-10.08903 3.1230836 4.895962
-10.08903 3.2430835 4.895962
-10.08903 3.1230836 4.895962
-6.099153 0.62730765 10.466073
0.0 9.0 0.0
0.0 12.0 0.0
0.0 12.0 0.0
-9.218455 9.862559 0.0
0.0 12.0 0.0
0.0 15.0 0.0
0.0 15.0 0.0
10.925576 11.688959 0.0
0.0 15.0 0.0
0.0 18.0 0.0
0.0 18.0 0.0
12.700983 13.588415 0.0
12.700983 13.588415 0.0
12.700983 14.338415 0.0
12.700983 13.588415 0.0
16.46728 4.0294533 8.672848
16.46728 4.0294533 8.672848
3.8442135 7.819659 17.014654
16.46728 4.0294533 8.672848
8.238108 -0.13130522 17.580692
0.0 18.0 0.0
0.0 21.0 0.0
0.0 21.0 0.0
-14.749528 15.780095 0.0
0.0 21.0 0.0
0.0 24.0 0.0
0.0 24.0 0.0
17.412638 18.629278 0.0
0.0 24.0 0.0
0.0 27.0 0.0
