0.0 0.0 0.0
0.0 3.0 0.0
0.0 3.0 0.0
-1.5465772 3.6889157 0.0
0.0 3.0 0.0
0.0 6.0 0.0
0.0 6.0 0.0
2.8998322 6.916717 0.0
0.0 6.0 0.0
0.0 9.0 0.0
0.0 9.0 0.0
-3.8664432 9.222289 0.0
-3.8664432 9.222289 0.0
-8.714624 4.7656727 2.7573507
-3.8664432 9.222289 0.0
-7.0861664 7.6797237 1.4949383
-7.0861664 7.6797237 1.4949383
-7.0861664 7.7997236 1.4949383
-7.0861664 7.6797237 1.4949383
-8.69508 5.3325386 4.118501
0.0 9.0 0.0
0.0 12.0 0.0
0.0 12.0 0.0
-5.219698 12.45009 0.0
0.0 12.0 0.0
0.0 15.0 0.0
0.0 15.0 0.0
6.379631 15.216778 0.0
0.0 15.0 0.0
0.0 18.0 0.0
0.0 18.0 0.0
7.346242 17.52235 0.0
7.346242 17.52235 0.0
7.346242 17.855684 0.0
7.346242 17.52235 0.0
13.409585 14.462365 2.8403826
13.409585 14.462365 2.8403826
16.01842 5.4048176 11.554177
13.409585 14.462365 2.8403826
16.563885 10.364058 7.8042226
0.0 18.0 0.0
0.0 21.0 0.0
0.0 21.0 0.0
-8.351517 19.920145 0.0
0.0 21.0 0.0
0.0 24.0 0.0
0.0 24.0 0.0
9.666107 23.055723 0.0
0.0 24.0 0.0
0.0 27.0 0.0
