0.0 0.0 0.0
0.0 3.0 0.0
0.0 3.0 0.0
-1.9177197 4.070915 0.0
0.0 3.0 0.0
0.0 6.0 0.0
0.0 6.0 0.0
2.8126557 5.9706755 0.0
0.0 6.0 0.0
0.0 9.0 0.0
0.0 9.0 0.0
-4.4746795 9.498802 0.0
-4.4746795 9.498802 0.0
-9.395468 4.06386 3.450199
-4.4746795 9.498802 0.0
-8.349272 8.224943 1.9069291
-8.349272 8.224943 1.9069291
-8.349272 8.558276 1.9069291
-8.349272 8.224943 1.9069291
-10.029075 5.472796 5.2832246
0.0 9.0 0.0
0.0 12.0 0.0
0.0 12.0 0.0
-5.540079 11.760422 0.0
0.0 12.0 0.0
0.0 15.0 0.0
0.0 15.0 0.0
7.031639 14.926689 0.0
0.0 15.0 0.0
0.0 18.0 0.0
0.0 18.0 0.0
8.097039 17.188309 0.0
8.097039 17.188309 0.0
8.097039 17.521643 0.0
8.097039 17.188309 0.0
14.3776455 13.332405 3.4506338
14.3776455 13.332405 3.4506338
14.993908 3.959578 13.283154
14.3776455 13.332405 3.4506338
16.544079 8.0495205 9.248785
0.0 18.0 0.0
0.0 21.0 0.0
0.0 21.0 0.0
-9.588599 20.354576 0.0
0.0 21.0 0.0
0.0 24.0 0.0
0.0 24.0 0.0
10.483535 22.254337 0.0
0.0 24.0 0.0
0.0 27.0 0.0
