0.0 0.0 0.0
0.0 3.0 0.0
0.0 3.0 0.0
-3.3720605 2.1515594 0.0
0.0 3.0 0.0
0.0 6.0 0.0
0.0 6.0 0.0
5.5639 3.550073 0.0
0.0 6.0 0.0
0.0 9.0 0.0
0.0 9.0 0.0
-8.851659 5.6478434 0.0
-8.851659 5.6478434 0.0
-7.373675 0.6866782 8.027556
-8.851659 5.6478434 0.0
-7.828037 -0.6531267 7.4620824
-7.828037 -0.6531267 7.4620824
-7.828037 -0.31979337 7.4620824
-7.828037 -0.6531267 7.4620824
1.163612 1.7249181 10.612932
0.0 9.0 0.0
0.0 12.0 0.0
0.0 12.0 0.0
-10.621991 6.777412 0.0
0.0 12.0 0.0
0.0 15.0 0.0
0.0 15.0 0.0
13.151036 8.391082 0.0
0.0 15.0 0.0
0.0 18.0 0.0
0.0 18.0 0.0
16.017288 10.219907 0.0
16.017288 10.219907 0.0
16.017288 10.55324 0.0
16.017288 10.219907 0.0
13.755555 -1.4431095 13.502816
13.755555 -1.4431095 13.502816
6.973221 16.65392 6.7854943
13.755555 -1.4431095 13.502816
-2.8537636 2.905161 18.859169
0.0 18.0 0.0
0.0 21.0 0.0
0.0 21.0 0.0
-18.96784 12.102521 0.0
0.0 21.0 0.0
0.0 24.0 0.0
0.0 24.0 0.0
21.496885 13.716191 0.0
0.0 24.0 0.0
0.0 27.0 0.0
