0.0 0.0 0.0
0.0 3.0 0.0
0.0 3.0 0.0
-1.3854733 3.7523944 0.0
0.0 3.0 0.0
0.0 6.0 0.0
0.0 6.0 0.0
2.4245782 6.5666904 0.0
0.0 6.0 0.0
0.0 9.0 0.0
0.0 9.0 0.0
-3.325136 9.005747 0.0
-3.325136 9.005747 0.0
-7.9899416 5.455866 2.160857
-3.325136 9.005747 0.0
-6.2533426 7.9307094 1.1517217
-6.2533426 7.9307094 1.1517217
-6.2533426 8.05071 1.1517217
-6.2533426 7.9307094 1.1517217
-8.395395 6.9532256 3.2463884
0.0 9.0 0.0
0.0 12.0 0.0
0.0 12.0 0.0
-4.675972 12.664331 0.0
0.0 12.0 0.0
0.0 15.0 0.0
0.0 15.0 0.0
5.7150774 15.478627 0.0
0.0 15.0 0.0
0.0 18.0 0.0
0.0 18.0 0.0
6.580998 17.823874 0.0
6.580998 17.823874 0.0
6.580998 18.157207 0.0
6.580998 17.823874 0.0
12.311462 15.520302 2.2794492
12.311462 15.520302 2.2794492
16.559645 7.2480392 9.733182
12.311462 15.520302 2.2794492
15.989081 12.239855 6.4026484
0.0 18.0 0.0
0.0 21.0 0.0
0.0 21.0 0.0
-7.4815555 20.26293 0.0
0.0 21.0 0.0
0.0 24.0 0.0
0.0 24.0 0.0
8.832392 23.921515 0.0
0.0 24.0 0.0
0.0 27.0 0.0
