0.0 0.0 0.0
0.0 3.0 0.0
0.0 3.0 0.0
-1.7612947 4.140995 0.0
0.0 3.0 0.0
0.0 6.0 0.0
0.0 6.0 0.0
2.935491 6.9016585 0.0
0.0 6.0 0.0
0.0 9.0 0.0
0.0 9.0 0.0
-3.913988 9.202211 0.0
-3.913988 9.202211 0.0
-8.751921 4.658391 2.8194294
-3.913988 9.202211 0.0
-7.1509666 7.610488 1.5319303
-7.1509666 7.610488 1.5319303
-7.1509666 8.360488 1.5319303
-7.1509666 7.610488 1.5319303
-9.069562 6.042757 4.2085943
0.0 9.0 0.0
0.0 12.0 0.0
0.0 12.0 0.0
-4.9316254 11.594787 0.0
0.0 12.0 0.0
0.0 15.0 0.0
0.0 15.0 0.0
6.262381 14.723538 0.0
0.0 15.0 0.0
0.0 18.0 0.0
0.0 18.0 0.0
7.2800183 17.116114 0.0
7.2800183 17.116114 0.0
7.2800183 17.236115 0.0
7.2800183 17.116114 0.0
13.451096 14.508872 2.8493905
13.451096 14.508872 2.8493905
15.739186 5.052567 11.6658325
13.451096 14.508872 2.8493905
16.277802 9.495283 7.886812
0.0 18.0 0.0
0.0 21.0 0.0
0.0 21.0 0.0
-8.454215 19.876778 0.0
0.0 21.0 0.0
0.0 24.0 0.0
0.0 24.0 0.0
9.628411 22.63744 0.0
0.0 24.0 0.0
0.0 27.0 0.0
