0.0 0.0 0.0
0.0 3.0 0.0
0.0 3.0 0.0
-1.9965096 3.4661145 0.0
0.0 3.0 0.0
0.0 6.0 0.0
0.0 6.0 0.0
3.7434554 6.498965 0.0
0.0 6.0 0.0
0.0 9.0 0.0
0.0 9.0 0.0
-4.991274 8.665286 0.0
-4.991274 8.665286 0.0
-9.400913 2.5577648 4.3175335
-4.991274 8.665286 0.0
-8.572017 6.2164803 2.4912815
-8.572017 6.2164803 2.4912815
-8.572017 6.5498137 2.4912815
-8.572017 6.2164803 2.4912815
-8.96093 3.166468 6.437295
0.0 9.0 0.0
0.0 12.0 0.0
0.0 12.0 0.0
-6.488656 11.264873 0.0
0.0 12.0 0.0
0.0 15.0 0.0
0.0 15.0 0.0
7.7863874 13.517847 0.0
0.0 15.0 0.0
0.0 18.0 0.0
0.0 18.0 0.0
9.732985 16.897308 0.0
9.732985 16.897308 0.0
9.732985 17.01731 0.0
9.732985 16.897308 0.0
16.04161 10.952324 4.8579993
16.04161 10.952324 4.8579993
11.692248 2.3351974 16.313725
16.04161 10.952324 4.8579993
15.71015 4.282557 12.216403
0.0 18.0 0.0
0.0 21.0 0.0
0.0 21.0 0.0
-11.230366 19.496895 0.0
0.0 21.0 0.0
0.0 24.0 0.0
0.0 24.0 0.0
12.278534 21.316605 0.0
0.0 24.0 0.0
0.0 27.0 0.0
