0.0 0.0 0.0
0.0 3.0 0.0
0.0 3.0 0.0
-3.5223508 2.8005435 0.0
0.0 3.0 0.0
0.0 6.0 0.0
0.0 6.0 0.0
5.166115 4.107464 0.0
0.0 6.0 0.0
0.0 9.0 0.0
0.0 9.0 0.0
-8.218819 6.5346017 0.0
-8.218819 6.5346017 0.0
-7.1087103 0.25680137 8.0073595
-8.218819 6.5346017 0.0
-9.080907 0.6854267 6.433236
-9.080907 0.6854267 6.433236
-9.080907 1.0187601 6.433236
-9.080907 0.6854267 6.433236
-1.3894355 0.3179171 11.111711
0.0 9.0 0.0
0.0 12.0 0.0
0.0 12.0 0.0
-10.567053 8.40163 0.0
0.0 12.0 0.0
0.0 15.0 0.0
0.0 15.0 0.0
12.523914 9.957488 0.0
0.0 15.0 0.0
0.0 18.0 0.0
0.0 18.0 0.0
14.559051 11.57558 0.0
14.559051 11.57558 0.0
14.559051 11.69558 0.0
14.559051 11.57558 0.0
15.873718 1.0452623 11.396019
15.873718 1.0452623 11.396019
4.443927 14.040074 12.896893
15.873718 1.0452623 11.396019
2.5889463 0.8335894 19.5173
0.0 18.0 0.0
0.0 21.0 0.0
0.0 21.0 0.0
-17.611755 14.002718 0.0
0.0 21.0 0.0
0.0 24.0 0.0
0.0 24.0 0.0
19.568617 15.558575 0.0
0.0 24.0 0.0
0.0 27.0 0.0
