0.0 0.0 0.0
0.0 3.0 0.0
0.0 3.0 0.0
-2.4434588 3.16694 0.0
0.0 3.0 0.0
0.0 6.0 0.0
0.0 6.0 0.0
4.276053 5.542145 0.0
0.0 6.0 0.0
0.0 9.0 0.0
0.0 9.0 0.0
-5.864301 7.600656 0.0
-5.864301 7.600656 0.0
-7.845496 0.51960504 5.6724563
-5.864301 7.600656 0.0
-9.235273 4.3690805 3.5822947
-9.235273 4.3690805 3.5822947
-9.235273 4.702414 3.5822947
-9.235273 4.3690805 3.5822947
-7.6417413 1.5169351 8.477731
0.0 9.0 0.0
0.0 12.0 0.0
0.0 12.0 0.0
-7.6968956 9.975862 0.0
0.0 12.0 0.0
0.0 15.0 0.0
0.0 15.0 0.0
9.5294895 12.351067 0.0
0.0 15.0 0.0
0.0 18.0 0.0
0.0 18.0 0.0
11.911861 15.438832 0.0
11.911861 15.438832 0.0
11.911861 15.772165 0.0
11.911861 15.438832 0.0
17.508785 7.25411 7.2765355
17.508785 7.25411 7.2765355
6.474117 4.382489 18.781975
17.508785 7.25411 7.2765355
12.803614 1.178215 16.456587
0.0 18.0 0.0
0.0 21.0 0.0
0.0 21.0 0.0
-13.439023 17.418169 0.0
0.0 21.0 0.0
0.0 24.0 0.0
0.0 24.0 0.0
15.271618 19.793375 0.0
0.0 24.0 0.0
0.0 27.0 0.0
