0.0 0.0 0.0
0.0 3.0 0.0
0.0 3.0 0.0
-1.3561492 3.334795 0.0
0.0 3.0 0.0
0.0 6.0 0.0
0.0 6.0 0.0
2.825311 6.9474897 0.0
0.0 6.0 0.0
0.0 9.0 0.0
0.0 9.0 0.0
-3.9554353 9.726486 0.0
-3.9554353 9.726486 0.0
-8.9008045 5.0748186 2.760552
-3.9554353 9.726486 0.0
-7.284195 8.185479 1.4900446
-7.284195 8.185479 1.4900446
-7.284195 8.305479 1.4900446
-7.284195 8.185479 1.4900446
-9.040102 5.807852 4.1242914
0.0 9.0 0.0
0.0 12.0 0.0
0.0 12.0 0.0
-4.7465224 11.671783 0.0
0.0 12.0 0.0
0.0 15.0 0.0
0.0 15.0 0.0
6.215684 15.284478 0.0
0.0 15.0 0.0
0.0 18.0 0.0
0.0 18.0 0.0
7.3458085 18.063475 0.0
7.3458085 18.063475 0.0
7.3458085 18.396809 0.0
7.3458085 18.063475 0.0
13.484737 15.095737 2.7672257
13.484737 15.095737 2.7672257
16.301554 5.657773 11.393019
13.484737 15.095737 2.7672257
16.5182 10.226568 7.64318
0.0 18.0 0.0
0.0 21.0 0.0
0.0 21.0 0.0
-8.136895 20.008772 0.0
0.0 21.0 0.0
0.0 24.0 0.0
0.0 24.0 0.0
9.26702 22.787767 0.0
0.0 24.0 0.0
0.0 27.0 0.0
