0.0 0.0 0.0
0.0 3.0 0.0
0.0 3.0 0.0
-1.8179595 4.116433 0.0
0.0 3.0 0.0
0.0 6.0 0.0
0.0 6.0 0.0
2.6663406 6.0374355 0.0
0.0 6.0 0.0
0.0 9.0 0.0
0.0 9.0 0.0
-4.0399103 9.14763 0.0
-4.0399103 9.14763 0.0
-9.148418 4.655589 2.9859462
-4.0399103 9.14763 0.0
-7.6821084 8.247084 1.6320875
-7.6821084 8.247084 1.6320875
-7.6821084 8.367084 1.6320875
-7.6821084 8.247084 1.6320875
-9.762908 6.3436728 4.596476
0.0 9.0 0.0
0.0 12.0 0.0
0.0 12.0 0.0
-5.453879 12.3493 0.0
0.0 12.0 0.0
0.0 15.0 0.0
0.0 15.0 0.0
6.463856 14.636208 0.0
0.0 15.0 0.0
0.0 18.0 0.0
0.0 18.0 0.0
7.514233 17.014591 0.0
7.514233 17.014591 0.0
7.514233 17.764591 0.0
7.514233 17.014591 0.0
13.403981 13.3362465 3.0356827
13.403981 13.3362465 3.0356827
14.6735935 4.1927314 11.951826
13.403981 13.3362465 3.0356827
15.886194 8.656195 8.1920185
0.0 18.0 0.0
0.0 21.0 0.0
0.0 21.0 0.0
-8.887802 20.124786 0.0
0.0 21.0 0.0
0.0 24.0 0.0
0.0 24.0 0.0
9.938179 22.50317 0.0
0.0 24.0 0.0
0.0 27.0 0.0
