0.0 0.0 0.0
0.0 3.0 0.0
0.0 3.0 0.0
-2.763226 3.5517015 0.0
0.0 3.0 0.0
0.0 6.0 0.0
0.0 6.0 0.0
4.0527315 5.209162 0.0
0.0 6.0 0.0
0.0 9.0 0.0
0.0 9.0 0.0
-6.4475274 8.287304 0.0
-6.4475274 8.287304 0.0
-8.539005 0.53055096 6.2495823
-6.4475274 8.287304 0.0
-9.719309 4.205371 3.9591055
-9.719309 4.205371 3.9591055
-9.719309 4.5387044 3.9591055
-9.719309 4.205371 3.9591055
-7.6391745 1.2854133 9.092935
0.0 9.0 0.0
0.0 12.0 0.0
0.0 12.0 0.0
-8.289678 10.655105 0.0
0.0 12.0 0.0
0.0 15.0 0.0
0.0 15.0 0.0
9.579184 12.312566 0.0
0.0 15.0 0.0
0.0 18.0 0.0
0.0 18.0 0.0
11.421334 14.6803665 0.0
11.421334 14.6803665 0.0
11.421334 14.800366 0.0
11.421334 14.6803665 0.0
17.05039 7.235284 7.013273
17.05039 7.235284 7.013273
6.4888105 4.334088 18.251385
17.05039 7.235284 7.013273
12.586334 1.275415 16.00514
0.0 18.0 0.0
0.0 21.0 0.0
0.0 21.0 0.0
-13.81613 17.758507 0.0
0.0 21.0 0.0
0.0 24.0 0.0
0.0 24.0 0.0
15.105636 19.415968 0.0
0.0 24.0 0.0
0.0 27.0 0.0
