0.0 0.0 0.0
0.0 3.0 0.0
0.0 3.0 0.0
-1.4252044 4.2683477 0.0
0.0 3.0 0.0
0.0 6.0 0.0
0.0 6.0 0.0
2.0902996 6.2602434 0.0
0.0 6.0 0.0
0.0 9.0 0.0
0.0 9.0 0.0
-3.040436 9.105809 0.0
-3.040436 9.105809 0.0
-7.864432 6.4183292 1.8267444
-3.040436 9.105809 0.0
-5.9360924 8.672208 0.96294284
-5.9360924 8.672208 0.96294284
-5.9360924 9.005541 0.96294284
-5.9360924 8.672208 0.96294284
-7.9880085 7.1082296 2.7934043
0.0 9.0 0.0
0.0 12.0 0.0
0.0 12.0 0.0
-3.9905725 11.951374 0.0
0.0 12.0 0.0
0.0 15.0 0.0
0.0 15.0 0.0
4.9407086 14.79694 0.0
0.0 15.0 0.0
0.0 18.0 0.0
0.0 18.0 0.0
6.1758857 18.496174 0.0
6.1758857 18.496174 0.0
6.1758857 19.246174 0.0
6.1758857 18.496174 0.0
11.604393 16.257849 1.9559776
11.604393 16.257849 1.9559776
16.694603 8.728507 8.535695
11.604393 16.257849 1.9559776
15.318573 13.079585 5.5305386
0.0 18.0 0.0
0.0 21.0 0.0
0.0 21.0 0.0
-7.126022 21.34174 0.0
0.0 21.0 0.0
0.0 24.0 0.0
0.0 24.0 0.0
7.917802 23.713043 0.0
0.0 24.0 0.0
0.0 27.0 0.0
