0.0 0.0 0.0
0.0 3.0 0.0
0.0 3.0 0.0
-1.2895715 4.311265 0.0
0.0 3.0 0.0
0.0 6.0 0.0
0.0 6.0 0.0
2.1492858 7.1854415 0.0
0.0 6.0 0.0
0.0 9.0 0.0
0.0 9.0 0.0
-3.009 10.059618 0.0
-3.009 10.059618 0.0
-7.8085566 7.3050675 1.6522559
-3.009 10.059618 0.0
-5.931262 9.769637 0.8622935
-5.931262 9.769637 0.8622935
-5.931262 9.889637 0.8622935
-5.931262 9.769637 0.8622935
-8.179066 8.377096 2.5258582
0.0 9.0 0.0
0.0 12.0 0.0
0.0 12.0 0.0
-3.7254288 12.454765 0.0
0.0 12.0 0.0
0.0 15.0 0.0
0.0 15.0 0.0
4.728429 15.807972 0.0
0.0 15.0 0.0
0.0 18.0 0.0
0.0 18.0 0.0
5.5881433 18.682148 0.0
5.5881433 18.682148 0.0
5.5881433 19.432148 0.0
5.5881433 18.682148 0.0
10.769569 17.32242 1.6014023
10.769569 17.32242 1.6014023
16.365177 10.118084 7.251998
10.769569 17.32242 1.6014023
14.8394375 15.207689 4.6204886
0.0 18.0 0.0
0.0 21.0 0.0
0.0 21.0 0.0
-6.3045716 21.077295 0.0
0.0 21.0 0.0
0.0 24.0 0.0
0.0 24.0 0.0
7.049658 23.568249 0.0
0.0 24.0 0.0
0.0 27.0 0.0
