0.0 0.0 0.0
0.0 3.0 0.0
0.0 3.0 0.0
-1.3637497 3.3316944 0.0
0.0 3.0 0.0
0.0 6.0 0.0
0.0 6.0 0.0
2.8411453 6.94103 0.0
0.0 6.0 0.0
0.0 9.0 0.0
0.0 9.0 0.0
-3.7881937 9.254706 0.0
-3.7881937 9.254706 0.0
-8.499042 4.790256 2.6561768
-3.7881937 9.254706 0.0
-6.977726 7.792154 1.4350412
-6.977726 7.792154 1.4350412
-6.977726 8.542154 1.4350412
-6.977726 7.792154 1.4350412
-8.993336 6.359256 3.9713864
0.0 9.0 0.0
0.0 12.0 0.0
0.0 12.0 0.0
-5.1140614 12.493854 0.0
0.0 12.0 0.0
0.0 15.0 0.0
0.0 15.0 0.0
6.06111 14.80753 0.0
0.0 15.0 0.0
0.0 18.0 0.0
0.0 18.0 0.0
7.0460405 17.213755 0.0
7.0460405 17.213755 0.0
7.0460405 17.333755 0.0
7.0460405 17.213755 0.0
13.124038 14.848786 2.6691766
13.124038 14.848786 2.6691766
15.832998 5.4238005 11.105314
13.124038 14.848786 2.6691766
16.157207 10.0793295 7.441884
0.0 18.0 0.0
0.0 21.0 0.0
0.0 21.0 0.0
-8.523436 20.82309 0.0
0.0 21.0 0.0
0.0 24.0 0.0
0.0 24.0 0.0
9.470485 23.136766 0.0
0.0 24.0 0.0
0.0 27.0 0.0
