0.0 0.0 0.0
0.0 3.0 0.0
0.0 3.0 0.0
-3.332378 3.0241127 0.0
0.0 3.0 0.0
0.0 6.0 0.0
0.0 6.0 0.0
4.8874874 4.435365 0.0
0.0 6.0 0.0
0.0 9.0 0.0
0.0 9.0 0.0
-7.7755485 7.056263 0.0
-7.7755485 7.056263 0.0
-7.427725 0.03381574 7.73906
-7.7755485 7.056263 0.0
-9.847731 1.8804929 5.7580147
-9.847731 1.8804929 5.7580147
-9.847731 2.2138262 5.7580147
-9.847731 1.8804929 5.7580147
-3.4187875 -0.07621205 11.162054
0.0 9.0 0.0
0.0 12.0 0.0
0.0 12.0 0.0
-9.330658 8.467516 0.0
0.0 12.0 0.0
0.0 15.0 0.0
0.0 15.0 0.0
12.218719 11.088413 0.0
0.0 15.0 0.0
0.0 18.0 0.0
0.0 18.0 0.0
13.7738285 12.499665 0.0
13.7738285 12.499665 0.0
13.7738285 12.619665 0.0
13.7738285 12.499665 0.0
16.217388 2.2175174 10.199911
16.217388 2.2175174 10.199911
3.4607577 11.440122 15.154293
16.217388 2.2175174 10.199911
4.630699 -0.31493902 18.864033
0.0 18.0 0.0
0.0 21.0 0.0
0.0 21.0 0.0
-16.66189 15.1205635 0.0
0.0 21.0 0.0
0.0 24.0 0.0
0.0 24.0 0.0
18.883474 17.136639 0.0
0.0 24.0 0.0
0.0 27.0 0.0
