0.0 0.0 0.0
0.0 3.0 0.0
0.0 3.0 0.0
-2.6512213 2.9951673 0.0
0.0 3.0 0.0
0.0 6.0 0.0
0.0 6.0 0.0
4.374515 4.942026 0.0
0.0 6.0 0.0
0.0 9.0 0.0
0.0 9.0 0.0
-6.959456 7.862314 0.0
-6.959456 7.862314 0.0
-8.025827 0.1303984 6.908
-6.959456 7.862314 0.0
-10.107483 3.556424 4.6127644
-10.107483 3.556424 4.6127644
-10.107483 3.6764238 4.6127644
-10.107483 3.556424 4.6127644
-6.397849 0.42187452 10.153294
0.0 9.0 0.0
0.0 12.0 0.0
0.0 12.0 0.0
-8.351347 9.434777 0.0
0.0 12.0 0.0
0.0 15.0 0.0
0.0 15.0 0.0
10.936288 12.355065 0.0
0.0 15.0 0.0
0.0 18.0 0.0
0.0 18.0 0.0
12.328179 13.927528 0.0
12.328179 13.927528 0.0
12.328179 14.260861 0.0
12.328179 13.927528 0.0
16.80632 5.059097 8.171183
16.80632 5.059097 8.171183
4.4039354 6.654589 17.673864
16.80632 5.059097 8.171183
9.715142 0.16005707 17.257833
0.0 18.0 0.0
0.0 21.0 0.0
0.0 21.0 0.0
-14.316595 16.173903 0.0
0.0 21.0 0.0
0.0 24.0 0.0
0.0 24.0 0.0
16.570133 18.719795 0.0
0.0 24.0 0.0
0.0 27.0 0.0
