0.0 0.0 0.0
0.0 3.0 0.0
0.0 3.0 0.0
-2.2110937 2.8409617 0.0
0.0 3.0 0.0
0.0 6.0 0.0
0.0 6.0 0.0
4.299349 5.5240927 0.0
0.0 6.0 0.0
0.0 9.0 0.0
0.0 9.0 0.0
-6.4490237 8.286139 0.0
-6.4490237 8.286139 0.0
-8.537602 0.52901256 6.251605
-6.4490237 8.286139 0.0
-10.026816 4.596988 3.9609435
-10.026816 4.596988 3.9609435
-10.026816 4.716988 3.9609435
-10.026816 4.596988 3.9609435
-7.5164804 0.7354953 9.284201
0.0 9.0 0.0
0.0 12.0 0.0
0.0 12.0 0.0
-7.7388287 9.943367 0.0
0.0 12.0 0.0
0.0 15.0 0.0
0.0 15.0 0.0
9.827084 12.626497 0.0
0.0 15.0 0.0
0.0 18.0 0.0
0.0 18.0 0.0
11.6696615 14.993965 0.0
11.6696615 14.993965 0.0
11.6696615 15.327298 0.0
11.6696615 14.993965 0.0
16.845184 6.649858 7.1674213
16.845184 6.649858 7.1674213
6.482905 4.542777 18.089367
16.845184 6.649858 7.1674213
12.022209 0.9705372 16.002403
0.0 18.0 0.0
0.0 21.0 0.0
0.0 21.0 0.0
-13.266563 17.045773 0.0
0.0 21.0 0.0
0.0 24.0 0.0
0.0 24.0 0.0
15.109141 19.41324 0.0
0.0 24.0 0.0
0.0 27.0 0.0
