0.0 0.0 0.0
0.0 3.0 0.0
0.0 3.0 0.0
-1.7732964 4.13587 0.0
0.0 3.0 0.0
0.0 6.0 0.0
0.0 6.0 0.0
2.758461 6.4335756 0.0
0.0 6.0 0.0
0.0 9.0 0.0
0.0 9.0 0.0
-3.7830324 8.82319 0.0
-3.7830324 8.82319 0.0
-8.7325115 4.710781 2.7402692
-3.7830324 8.82319 0.0
-7.066557 7.658185 1.4907639
-7.066557 7.658185 1.4907639
-7.066557 8.408185 1.4907639
-7.066557 7.658185 1.4907639
-9.038211 6.0892644 4.1548233
0.0 9.0 0.0
0.0 12.0 0.0
0.0 12.0 0.0
-5.319889 12.40761 0.0
0.0 12.0 0.0
0.0 15.0 0.0
0.0 15.0 0.0
6.1474276 14.337683 0.0
0.0 15.0 0.0
0.0 18.0 0.0
0.0 18.0 0.0
7.4872513 17.462563 0.0
7.4872513 17.462563 0.0
7.4872513 18.212563 0.0
7.4872513 17.462563 0.0
13.600038 14.256887 2.9504702
13.600038 14.256887 2.9504702
15.404752 4.6681495 11.885419
13.600038 14.256887 2.9504702
16.431736 9.554859 8.071035
0.0 18.0 0.0
0.0 21.0 0.0
0.0 21.0 0.0
-8.866482 20.67935 0.0
0.0 21.0 0.0
0.0 24.0 0.0
0.0 24.0 0.0
9.69402 22.609423 0.0
0.0 24.0 0.0
0.0 27.0 0.0
