0.0 0.0 0.0
0.0 3.0 0.0
0.0 3.0 0.0
-1.6552753 4.1845026 0.0
0.0 3.0 0.0
0.0 6.0 0.0
0.0 6.0 0.0
2.4277372 6.1372705 0.0
0.0 6.0 0.0
0.0 9.0 0.0
0.0 9.0 0.0
-3.6783898 9.298895 0.0
-3.6783898 9.298895 0.0
-8.400393 5.034616 2.5163834
-3.6783898 9.298895 0.0
-6.9690185 8.318643 1.3530551
-6.9690185 8.318643 1.3530551
-6.9690185 8.651976 1.3530551
-6.9690185 8.318643 1.3530551
-9.17494 6.929579 3.8216681
0.0 9.0 0.0
0.0 12.0 0.0
0.0 12.0 0.0
-4.7819066 12.088564 0.0
0.0 12.0 0.0
0.0 15.0 0.0
0.0 15.0 0.0
6.069343 15.343177 0.0
0.0 15.0 0.0
0.0 18.0 0.0
0.0 18.0 0.0
6.9889407 17.6679 0.0
6.9889407 17.6679 0.0
6.9889407 18.4179 0.0
6.9889407 17.6679 0.0
12.762944 14.596565 2.5708048
12.762944 14.596565 2.5708048
15.574818 5.5688334 10.606237
12.762944 14.596565 2.5708048
15.746593 10.113411 7.085273
0.0 18.0 0.0
0.0 21.0 0.0
0.0 21.0 0.0
-8.276377 20.922514 0.0
0.0 21.0 0.0
0.0 24.0 0.0
0.0 24.0 0.0
9.379894 23.712183 0.0
0.0 24.0 0.0
0.0 27.0 0.0
