0.0 0.0 0.0
0.0 3.0 0.0
0.0 3.0 0.0
-2.5480418 2.5431244 0.0
0.0 3.0 0.0
0.0 6.0 0.0
0.0 6.0 0.0
5.3084207 5.298176 0.0
0.0 6.0 0.0
0.0 9.0 0.0
0.0 9.0 0.0
-7.077894 7.0642347 0.0
-7.077894 7.0642347 0.0
-7.3975806 -6.1754324E-4 7.0778813
-7.077894 7.0642347 0.0
-9.23989 2.157824 5.009659
-9.23989 2.157824 5.009659
-9.23989 2.4911573 5.009659
-9.23989 2.157824 5.009659
-4.058154 -0.16207659 10.078836
0.0 9.0 0.0
0.0 12.0 0.0
0.0 12.0 0.0
-8.918147 8.900936 0.0
0.0 12.0 0.0
0.0 15.0 0.0
0.0 15.0 0.0
11.041515 11.020206 0.0
0.0 15.0 0.0
0.0 18.0 0.0
0.0 18.0 0.0
13.801893 13.775257 0.0
13.801893 13.775257 0.0
13.801893 13.895257 0.0
13.801893 13.775257 0.0
17.062271 3.2540855 9.768834
17.062271 3.2540855 9.768834
4.023012 9.794023 17.043367
17.062271 3.2540855 9.768834
6.641244 -0.6320808 18.977428
0.0 18.0 0.0
0.0 21.0 0.0
0.0 21.0 0.0
-15.288252 15.258747 0.0
0.0 21.0 0.0
0.0 24.0 0.0
0.0 24.0 0.0
18.04863 18.013798 0.0
0.0 24.0 0.0
0.0 27.0 0.0
