0.0 0.0 0.0
0.0 3.0 0.0
0.0 3.0 0.0
-2.2003756 3.9253466 0.0
0.0 3.0 0.0
0.0 6.0 0.0
0.0 6.0 0.0
3.2272177 5.757175 0.0
0.0 6.0 0.0
0.0 9.0 0.0
0.0 9.0 0.0
-4.889724 8.722993 0.0
-4.889724 8.722993 0.0
-9.057006 2.549102 4.1712303
-4.889724 8.722993 0.0
-8.719381 6.831894 2.3909397
-8.719381 6.831894 2.3909397
-8.719381 7.581894 2.3909397
-8.719381 6.831894 2.3909397
-9.688887 4.1204844 6.3491516
0.0 9.0 0.0
0.0 12.0 0.0
0.0 12.0 0.0
-6.601127 11.77604 0.0
0.0 12.0 0.0
0.0 15.0 0.0
0.0 15.0 0.0
8.068044 14.392938 0.0
0.0 15.0 0.0
0.0 18.0 0.0
0.0 18.0 0.0
9.534961 17.009836 0.0
9.534961 17.009836 0.0
9.534961 17.759836 0.0
9.534961 17.009836 0.0
16.306007 12.079167 4.6623325
16.306007 12.079167 4.6623325
12.953163 2.611417 16.342873
16.306007 12.079167 4.6623325
17.05855 6.0048285 12.040136
0.0 18.0 0.0
0.0 21.0 0.0
0.0 21.0 0.0
-10.757392 19.190584 0.0
0.0 21.0 0.0
0.0 24.0 0.0
0.0 24.0 0.0
12.028721 21.458563 0.0
0.0 24.0 0.0
0.0 27.0 0.0
