0.0 0.0 0.0
0.0 3.0 0.0
0.0 3.0 0.0
-1.6856889 3.627458 0.0
0.0 3.0 0.0
0.0 6.0 0.0
0.0 6.0 0.0
3.1606667 6.801484 0.0
0.0 6.0 0.0
0.0 9.0 0.0
0.0 9.0 0.0
-4.4249334 9.522078 0.0
-4.4249334 9.522078 0.0
-9.372721 4.1739826 3.382179
-4.4249334 9.522078 0.0
-8.073317 7.8510094 1.8647653
-8.073317 7.8510094 1.8647653
-8.073317 7.9710093 1.8647653
-8.073317 7.8510094 1.8647653
-9.488302 4.9096947 5.0933642
0.0 9.0 0.0
0.0 12.0 0.0
0.0 12.0 0.0
-5.6892 12.242671 0.0
0.0 12.0 0.0
0.0 15.0 0.0
0.0 15.0 0.0
6.9534664 14.963264 0.0
0.0 15.0 0.0
0.0 18.0 0.0
0.0 18.0 0.0
8.217733 17.683859 0.0
8.217733 17.683859 0.0
8.217733 18.017193 0.0
8.217733 17.683859 0.0
14.463515 13.44039 3.4631355
14.463515 13.44039 3.4631355
15.153116 4.0448856 13.288179
14.463515 13.44039 3.4631355
16.867538 8.636387 9.235842
0.0 18.0 0.0
0.0 21.0 0.0
0.0 21.0 0.0
-9.271289 19.95102 0.0
0.0 21.0 0.0
0.0 24.0 0.0
0.0 24.0 0.0
10.366986 22.308868 0.0
0.0 24.0 0.0
0.0 27.0 0.0
