0.0 0.0 0.0
0.0 3.0 0.0
0.0 3.0 0.0
-2.6819503 2.4014874 0.0
0.0 3.0 0.0
0.0 6.0 0.0
0.0 6.0 0.0
5.214904 4.669559 0.0
0.0 6.0 0.0
0.0 9.0 0.0
0.0 9.0 0.0
-7.1518683 6.403967 0.0
-7.1518683 6.403967 0.0
-7.1970983 -0.005006075 7.1084604
-7.1518683 6.403967 0.0
-8.400408 1.117975 5.3280435
-8.400408 1.117975 5.3280435
-8.400408 1.237975 5.3280435
-8.400408 1.117975 5.3280435
-3.0406466 0.5287751 9.812419
0.0 9.0 0.0
0.0 12.0 0.0
0.0 12.0 0.0
-9.3868265 8.405207 0.0
0.0 12.0 0.0
0.0 15.0 0.0
0.0 15.0 0.0
11.91978 10.673278 0.0
0.0 15.0 0.0
0.0 18.0 0.0
0.0 18.0 0.0
14.154738 12.674518 0.0
14.154738 12.674518 0.0
14.154738 13.007851 0.0
14.154738 12.674518 0.0
16.486122 2.0875812 10.545085
16.486122 2.0875812 10.545085
3.5467095 11.977226 15.226007
16.486122 2.0875812 10.545085
4.395915 -0.28079844 19.316347
0.0 18.0 0.0
0.0 21.0 0.0
0.0 21.0 0.0
-16.091703 14.408925 0.0
0.0 21.0 0.0
0.0 24.0 0.0
0.0 24.0 0.0
18.997149 17.010536 0.0
0.0 24.0 0.0
0.0 27.0 0.0
