0.0 0.0 0.0
0.0 3.0 0.0
0.0 3.0 0.0
-1.2469507 3.3771458 0.0
0.0 3.0 0.0
0.0 6.0 0.0
0.0 6.0 0.0
2.597814 7.0357203 0.0
0.0 6.0 0.0
0.0 9.0 0.0
0.0 9.0 0.0
-3.3252022 9.005722 0.0
-3.3252022 9.005722 0.0
-7.851382 5.2935734 2.1609373
-3.3252022 9.005722 0.0
-6.5651803 8.774908 1.1517677
-6.5651803 8.774908 1.1517677
-6.5651803 9.108241 1.1517677
-6.5651803 8.774908 1.1517677
-8.650506 6.7995033 3.3544846
0.0 9.0 0.0
0.0 12.0 0.0
0.0 12.0 0.0
-4.6760654 12.664297 0.0
0.0 12.0 0.0
0.0 15.0 0.0
0.0 15.0 0.0
5.5420036 15.009537 0.0
0.0 15.0 0.0
0.0 18.0 0.0
0.0 18.0 0.0
6.581129 17.823826 0.0
6.581129 17.823826 0.0
6.581129 18.15716 0.0
6.581129 17.823826 0.0
12.17311 15.144892 2.27954
12.17311 15.144892 2.27954
15.826292 6.552103 9.643456
12.17311 15.144892 2.27954
15.564123 11.463501 6.354891
0.0 18.0 0.0
0.0 21.0 0.0
0.0 21.0 0.0
-7.7934427 21.10716 0.0
0.0 21.0 0.0
0.0 24.0 0.0
0.0 24.0 0.0
8.520831 23.077164 0.0
0.0 24.0 0.0
0.0 27.0 0.0
