0.0 0.0 0.0
0.0 3.0 0.0
0.0 3.0 0.0
-1.6472156 3.2010436 0.0
0.0 3.0 0.0
0.0 6.0 0.0
0.0 6.0 0.0
3.2029195 6.2242517 0.0
0.0 6.0 0.0
0.0 9.0 0.0
0.0 9.0 0.0
-4.3925753 8.536117 0.0
-4.3925753 8.536117 0.0
-9.040341 3.3201752 3.5742612
-4.3925753 8.536117 0.0
-8.065065 7.136772 2.0098665
-8.065065 7.136772 2.0098665
-8.065065 7.256772 2.0098665
-8.065065 7.136772 2.0098665
-9.510676 4.81913 5.477381
0.0 9.0 0.0
0.0 12.0 0.0
0.0 12.0 0.0
-5.948279 11.559324 0.0
0.0 12.0 0.0
0.0 15.0 0.0
0.0 15.0 0.0
7.1379347 13.87119 0.0
0.0 15.0 0.0
0.0 18.0 0.0
0.0 18.0 0.0
8.922419 17.338987 0.0
8.922419 17.338987 0.0
8.922419 18.088987 0.0
8.922419 17.338987 0.0
15.674377 13.1211195 4.082541
15.674377 13.1211195 4.082541
14.313082 3.1100864 15.127413
15.674377 13.1211195 4.082541
17.010017 6.678093 10.802075
0.0 18.0 0.0
0.0 21.0 0.0
0.0 21.0 0.0
-9.883294 19.206263 0.0
0.0 21.0 0.0
0.0 24.0 0.0
0.0 24.0 0.0
11.255974 21.873798 0.0
0.0 24.0 0.0
0.0 27.0 0.0
