0.0 0.0 0.0
0.0 3.0 0.0
0.0 3.0 0.0
-2.3365192 3.845865 0.0
0.0 3.0 0.0
0.0 6.0 0.0
0.0 6.0 0.0
3.426895 5.640602 0.0
0.0 6.0 0.0
0.0 9.0 0.0
0.0 9.0 0.0
-5.192265 8.546367 0.0
-5.192265 8.546367 0.0
-9.35307 2.1603732 4.6081357
-5.192265 8.546367 0.0
-8.749177 5.8546076 2.6959615
-8.749177 5.8546076 2.6959615
-8.749177 6.187941 2.6959615
-8.749177 5.8546076 2.6959615
-9.012806 3.129891 6.846872
0.0 9.0 0.0
0.0 12.0 0.0
0.0 12.0 0.0
-6.749944 11.110277 0.0
0.0 12.0 0.0
0.0 15.0 0.0
0.0 15.0 0.0
8.567237 14.101505 0.0
0.0 15.0 0.0
0.0 18.0 0.0
0.0 18.0 0.0
10.124917 16.665415 0.0
10.124917 16.665415 0.0
10.124917 16.998749 0.0
10.124917 16.665415 0.0
16.827244 11.031898 5.2571254
16.827244 11.031898 5.2571254
11.509811 2.496209 17.356703
16.827244 11.031898 5.2571254
15.997423 3.8912582 13.230083
0.0 18.0 0.0
0.0 21.0 0.0
0.0 21.0 0.0
-11.422983 18.802006 0.0
0.0 21.0 0.0
0.0 24.0 0.0
0.0 24.0 0.0
13.240275 21.793236 0.0
0.0 24.0 0.0
0.0 27.0 0.0
