0.0 0.0 0.0
0.0 3.0 0.0
0.0 3.0 0.0
-2.7818286 2.2850447 0.0
0.0 3.0 0.0
0.0 6.0 0.0
0.0 6.0 0.0
5.7954764 4.7605095 0.0
0.0 6.0 0.0
0.0 9.0 0.0
0.0 9.0 0.0
-7.7273016 6.3473463 0.0
-7.7273016 6.3473463 0.0
-6.8449574 0.17469895 7.580152
-7.7273016 6.3473463 0.0
-8.790753 0.873539 5.971119
-8.790753 0.873539 5.971119
-8.790753 1.623539 5.971119
-8.790753 0.873539 5.971119
-2.4470885 0.7603174 10.582956
0.0 9.0 0.0
0.0 12.0 0.0
0.0 12.0 0.0
-9.736401 7.997657 0.0
0.0 12.0 0.0
0.0 15.0 0.0
0.0 15.0 0.0
12.363683 10.155754 0.0
0.0 15.0 0.0
0.0 18.0 0.0
0.0 18.0 0.0
14.372782 11.806065 0.0
14.372782 11.806065 0.0
14.372782 12.556065 0.0
14.372782 11.806065 0.0
15.6862545 1.0789108 11.106282
15.6862545 1.0789108 11.106282
4.5018425 13.320731 13.230439
15.6862545 1.0789108 11.106282
2.478848 0.25747788 19.170784
0.0 18.0 0.0
0.0 21.0 0.0
0.0 21.0 0.0
-17.386429 14.281529 0.0
0.0 21.0 0.0
0.0 24.0 0.0
0.0 24.0 0.0
19.704618 16.185734 0.0
0.0 24.0 0.0
0.0 27.0 0.0
