0.0 0.0 0.0
0.0 3.0 0.0
0.0 3.0 0.0
-3.054496 3.3045504 0.0
0.0 3.0 0.0
0.0 6.0 0.0
0.0 6.0 0.0
4.7514386 5.140412 0.0
0.0 6.0 0.0
0.0 9.0 0.0
0.0 9.0 0.0
-6.5162587 7.049708 0.0
-6.5162587 7.049708 0.0
-7.8158035 0.10236114 6.496138
-6.5162587 7.049708 0.0
-8.706415 2.3694522 4.423086
-8.706415 2.3694522 4.423086
-8.706415 3.1194522 4.423086
-8.706415 2.3694522 4.423086
-4.5059195 -0.12128043 9.1577835
0.0 9.0 0.0
0.0 12.0 0.0
0.0 12.0 0.0
-8.8241 9.546479 0.0
0.0 12.0 0.0
0.0 15.0 0.0
0.0 15.0 0.0
10.860431 11.749513 0.0
0.0 15.0 0.0
0.0 18.0 0.0
0.0 18.0 0.0
13.23615 14.319718 0.0
13.23615 14.319718 0.0
13.23615 15.069718 0.0
13.23615 14.319718 0.0
17.536423 4.6523113 8.984393
17.536423 4.6523113 8.984393
4.3750696 7.9477134 18.187763
17.536423 4.6523113 8.984393
8.543547 -0.744679 18.50096
0.0 18.0 0.0
0.0 21.0 0.0
0.0 21.0 0.0
-14.661582 15.861842 0.0
0.0 21.0 0.0
0.0 24.0 0.0
0.0 24.0 0.0
16.969423 18.358614 0.0
0.0 24.0 0.0
0.0 27.0 0.0
