0.0 0.0 0.0
0.0 3.0 0.0
0.0 3.0 0.0
-2.4851947 3.1342955 0.0
0.0 3.0 0.0
0.0 6.0 0.0
0.0 6.0 0.0
4.3490906 5.485017 0.0
0.0 6.0 0.0
0.0 9.0 0.0
0.0 9.0 0.0
-6.523636 8.227526 0.0
-6.523636 8.227526 0.0
-9.080172 0.5985918 6.351847
-6.523636 8.227526 0.0
-9.738483 4.054524 4.0531263
-9.738483 4.054524 4.0531263
-9.738483 4.174524 4.0531263
-9.738483 4.054524 4.0531263
-7.4571333 1.1759162 9.226431
0.0 9.0 0.0
0.0 12.0 0.0
0.0 12.0 0.0
-8.387532 10.578247 0.0
0.0 12.0 0.0
0.0 15.0 0.0
0.0 15.0 0.0
9.69226 12.223753 0.0
0.0 15.0 0.0
0.0 18.0 0.0
0.0 18.0 0.0
11.804675 14.887903 0.0
11.804675 14.887903 0.0
11.804675 15.221236 0.0
11.804675 14.887903 0.0
17.429712 7.094223 7.334229
17.429712 7.094223 7.334229
6.302126 4.7287965 18.64276
17.429712 7.094223 7.334229
11.911496 0.37472725 16.575966
0.0 18.0 0.0
0.0 21.0 0.0
0.0 21.0 0.0
-13.6685705 17.238625 0.0
0.0 21.0 0.0
0.0 24.0 0.0
0.0 24.0 0.0
15.283948 19.275917 0.0
0.0 24.0 0.0
0.0 27.0 0.0
