0.0 0.0 0.0
0.0 3.0 0.0
0.0 3.0 0.0
-1.4956307 4.244183 0.0
0.0 3.0 0.0
0.0 6.0 0.0
0.0 6.0 0.0
2.3265367 6.602062 0.0
0.0 6.0 0.0
0.0 9.0 0.0
0.0 9.0 0.0
-3.190679 9.054257 0.0
-3.190679 9.054257 0.0
-7.6882606 5.5889773 2.0003526
-3.190679 9.054257 0.0
-6.179878 8.482514 1.0604618
-6.179878 8.482514 1.0604618
-6.179878 8.602514 1.0604618
-6.179878 8.482514 1.0604618
-8.183485 6.746138 3.0541356
0.0 9.0 0.0
0.0 12.0 0.0
0.0 12.0 0.0
-4.187766 11.883713 0.0
0.0 12.0 0.0
0.0 15.0 0.0
0.0 15.0 0.0
5.483979 15.562004 0.0
0.0 15.0 0.0
0.0 18.0 0.0
0.0 18.0 0.0
6.1819406 17.542624 0.0
6.1819406 17.542624 0.0
6.1819406 17.875957 0.0
6.1819406 17.542624 0.0
11.661924 15.550667 2.0546446
11.661924 15.550667 2.0546446
16.29415 7.810939 8.911997
11.661924 15.550667 2.0546446
15.230447 12.181114 5.8138266
0.0 18.0 0.0
0.0 21.0 0.0
0.0 21.0 0.0
-7.3119726 20.749338 0.0
0.0 21.0 0.0
0.0 24.0 0.0
0.0 24.0 0.0
8.309059 23.578794 0.0
0.0 24.0 0.0
0.0 27.0 0.0
