0.0 0.0 0.0
0.0 3.0 0.0
0.0 3.0 0.0
-3.436158 2.0476372 0.0
0.0 3.0 0.0
0.0 6.0 0.0
0.0 6.0 0.0
5.6696606 3.3786013 0.0
0.0 6.0 0.0
0.0 9.0 0.0
0.0 9.0 0.0
-8.246779 4.9143295 0.0
-8.246779 4.9143295 0.0
-6.4830427 0.9543581 7.2530475
-8.246779 4.9143295 0.0
-7.24172 -0.5989232 7.084309
-7.24172 -0.5989232 7.084309
-7.24172 0.1510768 7.084309
-7.24172 -0.5989232 7.084309
1.2167011 2.0438604 9.847447
0.0 9.0 0.0
0.0 12.0 0.0
0.0 12.0 0.0
-11.5970335 6.9107757 0.0
0.0 12.0 0.0
0.0 15.0 0.0
0.0 15.0 0.0
13.744632 8.190549 0.0
0.0 15.0 0.0
0.0 18.0 0.0
0.0 18.0 0.0
16.75127 9.982231 0.0
16.75127 9.982231 0.0
16.75127 10.315564 0.0
16.75127 9.982231 0.0
13.823859 -1.7444701 14.390002
13.823859 -1.7444701 14.390002
7.9126835 17.588541 5.309923
13.823859 -1.7444701 14.390002
-2.9154592 4.414892 19.241617
0.0 18.0 0.0
0.0 21.0 0.0
0.0 21.0 0.0
-19.328388 11.51796 0.0
0.0 21.0 0.0
0.0 24.0 0.0
0.0 24.0 0.0
21.132372 12.592969 0.0
0.0 24.0 0.0
0.0 27.0 0.0
