0.0 0.0 0.0
0.0 3.0 0.0
0.0 3.0 0.0
-3.3089871 2.2473547 0.0
0.0 3.0 0.0
0.0 6.0 0.0
0.0 6.0 0.0
6.204351 4.21379 0.0
0.0 6.0 0.0
0.0 9.0 0.0
0.0 9.0 0.0
-8.686091 5.8993063 0.0
-8.686091 5.8993063 0.0
-6.974225 0.6789477 8.07423
-8.686091 5.8993063 0.0
-8.118405 -0.38555336 7.185541
-8.118405 -0.38555336 7.185541
-8.118405 0.36444664 7.185541
-8.118405 -0.38555336 7.185541
-0.14490974 1.7702065 10.75304
0.0 9.0 0.0
0.0 12.0 0.0
0.0 12.0 0.0
-10.754209 7.303903 0.0
0.0 12.0 0.0
0.0 15.0 0.0
0.0 15.0 0.0
12.90505 8.764684 0.0
0.0 15.0 0.0
0.0 18.0 0.0
0.0 18.0 0.0
15.38679 10.4502 0.0
15.38679 10.4502 0.0
15.38679 10.783533 0.0
15.38679 10.4502 0.0
14.742801 -0.43737602 12.728673
14.742801 -0.43737602 12.728673
6.0710096 16.168013 9.011559
14.742801 -0.43737602 12.728673
-0.38321853 2.4555807 19.347395
0.0 18.0 0.0
0.0 21.0 0.0
0.0 21.0 0.0
-18.199429 12.360451 0.0
0.0 21.0 0.0
0.0 24.0 0.0
0.0 24.0 0.0
20.350271 13.821232 0.0
0.0 24.0 0.0
0.0 27.0 0.0
