0.0 0.0 0.0
0.0 3.0 0.0
0.0 3.0 0.0
-3.355089 2.1779299 0.0
0.0 3.0 0.0
0.0 6.0 0.0
0.0 6.0 0.0
5.8714056 3.8113773 0.0
0.0 6.0 0.0
0.0 9.0 0.0
0.0 9.0 0.0
-8.807109 5.717066 0.0
-8.807109 5.717066 0.0
-7.3664217 0.64207983 8.044356
-8.807109 5.717066 0.0
-7.909545 -0.5826466 7.3871584
-7.909545 -0.5826466 7.3871584
-7.909545 -0.4626466 7.3871584
-7.909545 -0.5826466 7.3871584
0.25936782 2.0843718 10.656485
0.0 9.0 0.0
0.0 12.0 0.0
0.0 12.0 0.0
-10.56853 6.8604794 0.0
0.0 12.0 0.0
0.0 15.0 0.0
0.0 15.0 0.0
13.084847 8.493927 0.0
0.0 15.0 0.0
0.0 18.0 0.0
0.0 18.0 0.0
15.601164 10.127374 0.0
15.601164 10.127374 0.0
15.601164 10.247374 0.0
15.601164 10.127374 0.0
13.622963 -1.2841344 13.085823
13.622963 -1.2841344 13.085823
6.254634 16.36971 7.116181
13.622963 -1.2841344 13.085823
-2.5114064 2.612322 18.551565
0.0 18.0 0.0
0.0 21.0 0.0
0.0 21.0 0.0
-18.872375 12.250855 0.0
0.0 21.0 0.0
0.0 24.0 0.0
0.0 24.0 0.0
20.633797 13.394269 0.0
0.0 24.0 0.0
0.0 27.0 0.0
