0.0 0.0 0.0
0.0 3.0 0.0
0.0 3.0 0.0
-3.1707332 3.1931882 0.0
0.0 3.0 0.0
0.0 6.0 0.0
0.0 6.0 0.0
4.6504087 4.6833425 0.0
0.0 6.0 0.0
0.0 9.0 0.0
0.0 9.0 0.0
-7.3983774 7.4507723 0.0
-7.3983774 7.4507723 0.0
-7.570952 0.0012178645 7.398193
-7.3983774 7.4507723 0.0
-9.397926 2.013711 5.212951
-9.397926 2.013711 5.212951
-9.397926 2.3470442 5.212951
-9.397926 2.013711 5.212951
-3.9673522 -0.2560817 10.320945
0.0 9.0 0.0
0.0 12.0 0.0
0.0 12.0 0.0
-8.878053 8.940927 0.0
0.0 12.0 0.0
0.0 15.0 0.0
0.0 15.0 0.0
11.273718 11.353558 0.0
0.0 15.0 0.0
0.0 18.0 0.0
0.0 18.0 0.0
13.739843 13.837149 0.0
13.739843 13.837149 0.0
13.739843 14.587149 0.0
13.739843 13.837149 0.0
17.372765 3.6586509 9.681195
17.372765 3.6586509 9.681195
3.9244328 9.586289 17.44065
17.372765 3.6586509 9.681195
6.90788 -0.85779977 19.11073
0.0 18.0 0.0
0.0 21.0 0.0
0.0 21.0 0.0
-15.501362 15.611141 0.0
0.0 21.0 0.0
0.0 24.0 0.0
0.0 24.0 0.0
17.967487 18.094732 0.0
0.0 24.0 0.0
0.0 27.0 0.0
