0.0 0.0 0.0
0.0 3.0 0.0
0.0 3.0 0.0
-2.2327795 2.82395 0.0
0.0 3.0 0.0
0.0 6.0 0.0
0.0 6.0 0.0
4.341516 5.4910145 0.0
0.0 6.0 0.0
0.0 9.0 0.0
0.0 9.0 0.0
-6.2021656 7.844306 0.0
-6.2021656 7.844306 0.0
-8.079527 0.44503844 6.0349164
-6.2021656 7.844306 0.0
-9.053686 3.6065145 3.8466856
-9.053686 3.6065145 3.8466856
-9.053686 3.7265143 3.8466856
-9.053686 3.6065145 3.8466856
-6.5565767 0.68841934 8.632704
0.0 9.0 0.0
0.0 12.0 0.0
0.0 12.0 0.0
-8.062815 10.197598 0.0
0.0 12.0 0.0
0.0 15.0 0.0
0.0 15.0 0.0
9.923465 12.55089 0.0
0.0 15.0 0.0
0.0 18.0 0.0
0.0 18.0 0.0
11.536028 14.59041 0.0
11.536028 14.59041 0.0
11.536028 14.71041 0.0
11.536028 14.59041 0.0
16.76791 6.617123 7.154835
16.76791 6.617123 7.154835
6.04932 4.6139364 17.966097
16.76791 6.617123 7.154835
11.313053 0.25570107 16.012207
0.0 18.0 0.0
0.0 21.0 0.0
0.0 21.0 0.0
-13.644764 17.257473 0.0
0.0 21.0 0.0
0.0 24.0 0.0
0.0 24.0 0.0
15.815522 20.002981 0.0
0.0 24.0 0.0
0.0 27.0 0.0
