0.0 0.0 0.0
0.0 3.0 0.0
0.0 3.0 0.0
-1.9293905 3.0393176 0.0
0.0 3.0 0.0
0.0 6.0 0.0
0.0 6.0 0.0
3.5372162 5.5720825 0.0
0.0 6.0 0.0
0.0 9.0 0.0
0.0 9.0 0.0
-5.6273894 8.864676 0.0
-5.6273894 8.864676 0.0
-9.342672 1.7470429 5.092467
-5.6273894 8.864676 0.0
-9.565878 6.2041955 3.0159535
-9.565878 6.2041955 3.0159535
-9.565878 6.9541955 3.0159535
-9.565878 6.2041955 3.0159535
-9.314632 2.6201737 7.672988
0.0 9.0 0.0
0.0 12.0 0.0
0.0 12.0 0.0
-7.2352147 11.397441 0.0
0.0 12.0 0.0
0.0 15.0 0.0
0.0 15.0 0.0
8.575069 13.508079 0.0
0.0 15.0 0.0
0.0 18.0 0.0
0.0 18.0 0.0
10.182895 16.040844 0.0
10.182895 16.040844 0.0
10.182895 16.160845 0.0
10.182895 16.040844 0.0
16.390926 9.779346 5.4574394
16.390926 9.779346 5.4574394
10.39493 2.6379337 17.155174
16.390926 9.779346 5.4574394
14.990667 3.251649 13.392054
0.0 18.0 0.0
0.0 21.0 0.0
0.0 21.0 0.0
-11.576344 18.235907 0.0
0.0 21.0 0.0
0.0 24.0 0.0
0.0 24.0 0.0
13.666517 21.5285 0.0
0.0 24.0 0.0
0.0 27.0 0.0
