0.0 0.0 0.0
0.0 3.0 0.0
0.0 3.0 0.0
-1.9175937 4.070975 0.0
0.0 3.0 0.0
0.0 6.0 0.0
0.0 6.0 0.0
3.1959896 6.784958 0.0
0.0 6.0 0.0
0.0 9.0 0.0
0.0 9.0 0.0
-4.261319 9.046611 0.0
-4.261319 9.046611 0.0
-9.281435 4.1464143 3.2855191
-4.261319 9.046611 0.0
-7.768695 7.4460177 1.8158842
-7.768695 7.4460177 1.8158842
-7.768695 7.5660176 1.8158842
-7.768695 7.4460177 1.8158842
-9.470142 5.427987 4.953249
0.0 9.0 0.0
0.0 12.0 0.0
0.0 12.0 0.0
-5.5397153 11.760593 0.0
0.0 12.0 0.0
0.0 15.0 0.0
0.0 15.0 0.0
7.031177 14.926908 0.0
0.0 15.0 0.0
0.0 18.0 0.0
0.0 18.0 0.0
8.309573 17.64089 0.0
8.309573 17.64089 0.0
8.309573 17.974224 0.0
8.309573 17.64089 0.0
14.74413 13.660306 3.5409744
14.74413 13.660306 3.5409744
15.35127 4.0424485 13.622844
14.74413 13.660306 3.5409744
16.778477 7.8598084 9.486326
0.0 18.0 0.0
0.0 21.0 0.0
0.0 21.0 0.0
-9.587969 20.354874 0.0
0.0 21.0 0.0
0.0 24.0 0.0
0.0 24.0 0.0
10.482845 22.254662 0.0
0.0 24.0 0.0
0.0 27.0 0.0
