0.0 0.0 0.0
0.0 3.0 0.0
0.0 3.0 0.0
-1.6038729 3.664368 0.0
0.0 3.0 0.0
0.0 6.0 0.0
0.0 6.0 0.0
3.0072618 6.87069 0.0
0.0 6.0 0.0
0.0 9.0 0.0
0.0 9.0 0.0
-3.8492951 8.794483 0.0
-3.8492951 8.794483 0.0
-8.783635 4.5568757 2.8278754
-3.8492951 8.794483 0.0
-6.997312 7.192273 1.543445
-6.997312 7.192273 1.543445
-6.997312 7.5256066 1.543445
-6.997312 7.192273 1.543445
-8.429826 4.816308 4.2196374
0.0 9.0 0.0
0.0 12.0 0.0
0.0 12.0 0.0
-5.212587 11.909196 0.0
0.0 12.0 0.0
0.0 15.0 0.0
0.0 15.0 0.0
6.615976 15.115518 0.0
0.0 15.0 0.0
0.0 18.0 0.0
0.0 18.0 0.0
7.4580092 17.03931 0.0
7.4580092 17.03931 0.0
7.4580092 17.78931 0.0
7.4580092 17.03931 0.0
13.492134 13.786163 2.9904246
13.492134 13.786163 2.9904246
15.092699 4.4685497 11.940814
13.492134 13.786163 2.9904246
16.153257 9.0702915 8.149421
0.0 18.0 0.0
0.0 21.0 0.0
0.0 21.0 0.0
-8.8213005 20.154024 0.0
0.0 21.0 0.0
0.0 24.0 0.0
0.0 24.0 0.0
10.2246895 23.360346 0.0
0.0 24.0 0.0
0.0 27.0 0.0
