0.0 0.0 0.0
0.0 3.0 0.0
0.0 3.0 0.0
-3.805237 2.4021182 0.0
0.0 3.0 0.0
0.0 6.0 0.0
0.0 6.0 0.0
5.581014 3.5231068 0.0
0.0 6.0 0.0
0.0 9.0 0.0
0.0 9.0 0.0
-8.878886 5.604943 0.0
-8.878886 5.604943 0.0
-7.379623 0.7142873 8.015664
-8.878886 5.604943 0.0
-8.115204 -0.48208714 7.5080595
-8.115204 -0.48208714 7.5080595
-8.115204 0.26791286 7.5080595
-8.115204 -0.48208714 7.5080595
0.21589965 2.248914 10.870115
0.0 9.0 0.0
0.0 12.0 0.0
0.0 12.0 0.0
-10.654664 6.725931 0.0
0.0 12.0 0.0
0.0 15.0 0.0
0.0 15.0 0.0
13.529732 8.540865 0.0
0.0 15.0 0.0
0.0 18.0 0.0
0.0 18.0 0.0
16.48936 10.409179 0.0
16.48936 10.409179 0.0
16.48936 10.529179 0.0
16.48936 10.409179 0.0
14.008042 -1.5663738 13.94354
14.008042 -1.5663738 13.94354
6.6997633 17.42539 6.6489472
14.008042 -1.5663738 13.94354
-3.1195889 3.131441 19.288433
0.0 18.0 0.0
0.0 21.0 0.0
0.0 21.0 0.0
-18.603382 11.74369 0.0
0.0 21.0 0.0
0.0 24.0 0.0
0.0 24.0 0.0
20.801964 13.13158 0.0
0.0 24.0 0.0
0.0 27.0 0.0
