0.0 0.0 0.0
0.0 3.0 0.0
0.0 3.0 0.0
-3.7009528 2.5598729 0.0
0.0 3.0 0.0
0.0 6.0 0.0
0.0 6.0 0.0
5.428064 3.7544801 0.0
0.0 6.0 0.0
0.0 9.0 0.0
0.0 9.0 0.0
-8.2243395 5.6886063 0.0
-8.2243395 5.6886063 0.0
-7.0482454 0.4434328 7.6955194
-8.2243395 5.6886063 0.0
-8.1623535 -0.042874813 6.763976
-8.1623535 -0.042874813 6.763976
-8.1623535 0.077125184 6.763976
-8.1623535 -0.042874813 6.763976
0.06497195 1.0733039 10.560757
0.0 9.0 0.0
0.0 12.0 0.0
0.0 12.0 0.0
-11.102859 7.679619 0.0
0.0 12.0 0.0
0.0 15.0 0.0
0.0 15.0 0.0
13.158943 9.10177 0.0
0.0 15.0 0.0
0.0 18.0 0.0
0.0 18.0 0.0
15.297272 10.580809 0.0
15.297272 10.580809 0.0
15.297272 10.700809 0.0
15.297272 10.580809 0.0
14.885901 -0.28453636 12.580996
14.885901 -0.28453636 12.580996
6.4414206 15.764892 9.490232
14.885901 -0.28453636 12.580996
-0.06927049 2.2368116 19.399504
0.0 18.0 0.0
0.0 21.0 0.0
0.0 21.0 0.0
-18.504765 12.799365 0.0
0.0 21.0 0.0
0.0 24.0 0.0
0.0 24.0 0.0
20.972065 14.505946 0.0
0.0 24.0 0.0
0.0 27.0 0.0
