0.0 0.0 0.0
0.0 3.0 0.0
0.0 3.0 0.0
-1.2981879 4.308678 0.0
0.0 3.0 0.0
0.0 6.0 0.0
0.0 6.0 0.0
2.0194032 6.7023883 0.0
0.0 6.0 0.0
0.0 9.0 0.0
0.0 9.0 0.0
-3.029105 10.053583 0.0
-3.029105 10.053583 0.0
-8.072998 7.6104736 1.6734043
-3.029105 10.053583 0.0
-5.850422 9.3639345 0.87385494
-5.850422 9.3639345 0.87385494
-5.850422 9.697268 0.87385494
-5.850422 9.3639345 0.87385494
-8.256243 8.858762 2.524468
0.0 9.0 0.0
0.0 12.0 0.0
0.0 12.0 0.0
-3.8945634 12.926035 0.0
0.0 12.0 0.0
0.0 15.0 0.0
0.0 15.0 0.0
4.5003843 14.936751 0.0
0.0 15.0 0.0
0.0 18.0 0.0
0.0 18.0 0.0
5.4812374 18.192198 0.0
5.4812374 18.192198 0.0
5.4812374 18.312199 0.0
5.4812374 18.192198 0.0
10.705992 17.340933 1.5812613
10.705992 17.340933 1.5812613
16.704643 10.632324 7.2325006
10.705992 17.340933 1.5812613
14.813564 15.2142725 4.6025634
0.0 18.0 0.0
0.0 21.0 0.0
0.0 21.0 0.0
-6.346696 21.06465 0.0
0.0 21.0 0.0
0.0 24.0 0.0
0.0 24.0 0.0
7.3563976 24.415844 0.0
0.0 24.0 0.0
0.0 27.0 0.0
