0.0 0.0 0.0
0.0 3.0 0.0
0.0 3.0 0.0
-2.4989977 3.1233013 0.0
0.0 3.0 0.0
0.0 6.0 0.0
0.0 6.0 0.0
4.685621 5.8561897 0.0
0.0 6.0 0.0
0.0 9.0 0.0
0.0 9.0 0.0
-6.559869 8.198666 0.0
-6.559869 8.198666 0.0
-8.431725 0.4208938 6.4000726
-6.559869 8.198666 0.0
-10.05871 4.3729277 4.098274
-10.05871 4.3729277 4.098274
-10.05871 5.1229277 4.098274
-10.05871 4.3729277 4.098274
-7.2402897 0.57575107 9.48421
0.0 9.0 0.0
0.0 12.0 0.0
0.0 12.0 0.0
-8.434117 10.5411415 0.0
0.0 12.0 0.0
0.0 15.0 0.0
0.0 15.0 0.0
9.995991 12.493205 0.0
0.0 15.0 0.0
0.0 18.0 0.0
0.0 18.0 0.0
11.620339 14.523351 0.0
11.620339 14.523351 0.0
11.620339 14.643351 0.0
11.620339 14.523351 0.0
16.782988 6.4523892 7.2598004
16.782988 6.4523892 7.2598004
6.2808065 4.8983464 17.966787
16.782988 6.4523892 7.2598004
11.096888 0.15319061 16.153797
0.0 18.0 0.0
0.0 21.0 0.0
0.0 21.0 0.0
-13.494588 16.865828 0.0
0.0 21.0 0.0
0.0 24.0 0.0
0.0 24.0 0.0
15.618735 19.520634 0.0
0.0 24.0 0.0
0.0 27.0 0.0
