0.0 0.0 0.0
0.0 3.0 0.0
0.0 3.0 0.0
-2.2487867 3.3080144 0.0
0.0 3.0 0.0
0.0 6.0 0.0
0.0 6.0 0.0
4.216475 6.202527 0.0
0.0 6.0 0.0
0.0 9.0 0.0
0.0 9.0 0.0
-5.621967 8.270036 0.0
-5.621967 8.270036 0.0
-8.562514 1.1633135 5.2277393
-5.621967 8.270036 0.0
-9.337741 5.4659853 3.160651
-9.337741 5.4659853 3.160651
-9.337741 6.2159853 3.160651
-9.337741 5.4659853 3.160651
-8.327175 1.6740861 7.8635163
0.0 9.0 0.0
0.0 12.0 0.0
0.0 12.0 0.0
-7.3085566 10.751047 0.0
0.0 12.0 0.0
0.0 15.0 0.0
0.0 15.0 0.0
9.276245 13.645559 0.0
0.0 15.0 0.0
0.0 18.0 0.0
0.0 18.0 0.0
10.962835 16.12657 0.0
10.962835 16.12657 0.0
10.962835 16.87657 0.0
10.962835 16.12657 0.0
17.126368 9.066689 6.1632695
17.126368 9.066689 6.1632695
9.337704 3.0819871 18.192701
17.126368 9.066689 6.1632695
14.28236 1.9796705 14.725432
0.0 18.0 0.0
0.0 21.0 0.0
0.0 21.0 0.0
-12.368327 18.194078 0.0
0.0 21.0 0.0
0.0 24.0 0.0
0.0 24.0 0.0
14.336015 21.088593 0.0
0.0 24.0 0.0
0.0 27.0 0.0
