0.0 0.0 0.0
0.0 3.0 0.0
0.0 3.0 0.0
-1.5111015 3.7035892 0.0
0.0 3.0 0.0
0.0 6.0 0.0
0.0 6.0 0.0
2.6444275 6.4812813 0.0
0.0 6.0 0.0
0.0 9.0 0.0
0.0 9.0 0.0
-3.7777538 9.258973 0.0
-3.7777538 9.258973 0.0
-8.639384 4.9659376 2.6427743
-3.7777538 9.258973 0.0
-7.1142025 8.177368 1.4271424
-7.1142025 8.177368 1.4271424
-7.1142025 8.297368 1.4271424
-7.1142025 8.177368 1.4271424
-8.91559 5.842201 4.008958
0.0 9.0 0.0
0.0 12.0 0.0
0.0 12.0 0.0
-4.91108 12.036665 0.0
0.0 12.0 0.0
0.0 15.0 0.0
0.0 15.0 0.0
6.2332935 15.277306 0.0
0.0 15.0 0.0
0.0 18.0 0.0
0.0 18.0 0.0
7.026622 17.22169 0.0
7.026622 17.22169 0.0
7.026622 17.34169 0.0
7.026622 17.22169 0.0
12.907528 14.413632 2.6544847
12.907528 14.413632 2.6544847
15.580225 5.384523 10.92644
12.907528 14.413632 2.6544847
16.14873 10.598412 7.3339267
0.0 18.0 0.0
0.0 21.0 0.0
0.0 21.0 0.0
-8.499946 20.83269 0.0
0.0 21.0 0.0
0.0 24.0 0.0
0.0 24.0 0.0
9.633272 23.610382 0.0
0.0 24.0 0.0
0.0 27.0 0.0
