0.0 0.0 0.0
0.0 3.0 0.0
0.0 3.0 0.0
-2.156986 2.882258 0.0
0.0 3.0 0.0
0.0 6.0 0.0
0.0 6.0 0.0
3.9544744 5.2841396 0.0
0.0 6.0 0.0
0.0 9.0 0.0
0.0 9.0 0.0
-6.2912097 8.406586 0.0
-6.2912097 8.406586 0.0
-9.285269 0.8800682 6.035863
-6.2912097 8.406586 0.0
-9.9683485 4.913551 3.769459
-9.9683485 4.913551 3.769459
-9.9683485 5.663551 3.769459
-9.9683485 4.913551 3.769459
-7.8850336 0.9856427 8.990595
0.0 9.0 0.0
0.0 12.0 0.0
0.0 12.0 0.0
-7.789117 10.408154 0.0
0.0 12.0 0.0
0.0 15.0 0.0
0.0 15.0 0.0
9.586605 12.810036 0.0
0.0 15.0 0.0
0.0 18.0 0.0
0.0 18.0 0.0
11.144428 14.891666 0.0
11.144428 14.891666 0.0
11.144428 15.224999 0.0
11.144428 14.891666 0.0
16.425653 7.057 6.677327
16.425653 7.057 6.677327
6.385378 3.7261071 17.642029
16.425653 7.057 6.677327
12.45279 1.3686166 15.187691
0.0 18.0 0.0
0.0 21.0 0.0
0.0 21.0 0.0
-13.481163 18.014112 0.0
0.0 21.0 0.0
0.0 24.0 0.0
0.0 24.0 0.0
14.979071 20.01568 0.0
0.0 24.0 0.0
0.0 27.0 0.0
