0.0 0.0 0.0
0.0 3.0 0.0
0.0 3.0 0.0
-2.143936 3.9564552 0.0
0.0 3.0 0.0
0.0 6.0 0.0
0.0 6.0 0.0
3.3350115 6.1544857 0.0
0.0 6.0 0.0
0.0 9.0 0.0
0.0 9.0 0.0
-4.7643023 8.792123 0.0
-4.7643023 8.792123 0.0
-8.886742 2.6868694 3.9913733
-4.7643023 8.792123 0.0
-8.348136 6.6136675 2.2698574
-8.348136 6.6136675 2.2698574
-8.348136 6.7336674 2.2698574
-8.348136 6.6136675 2.2698574
-9.368019 4.1519666 5.9729905
0.0 9.0 0.0
0.0 12.0 0.0
0.0 12.0 0.0
-6.431808 11.869366 0.0
0.0 12.0 0.0
0.0 15.0 0.0
0.0 15.0 0.0
7.6228833 14.067396 0.0
0.0 15.0 0.0
0.0 18.0 0.0
0.0 18.0 0.0
8.861602 16.353348 0.0
8.861602 16.353348 0.0
8.861602 17.103348 0.0
8.861602 16.353348 0.0
15.356018 11.984905 4.221935
15.356018 11.984905 4.221935
12.788137 2.5482745 15.170055
15.356018 11.984905 4.221935
16.526539 6.382034 11.028048
0.0 18.0 0.0
0.0 21.0 0.0
0.0 21.0 0.0
-10.71968 19.782276 0.0
0.0 21.0 0.0
0.0 24.0 0.0
0.0 24.0 0.0
11.910755 21.980307 0.0
0.0 24.0 0.0
0.0 27.0 0.0
