0.0 0.0 0.0
0.0 3.0 0.0
0.0 3.0 0.0
-1.9863282 3.0024157 0.0
0.0 3.0 0.0
0.0 6.0 0.0
0.0 6.0 0.0
3.8623052 5.8380303 0.0
0.0 6.0 0.0
0.0 9.0 0.0
0.0 9.0 0.0
-5.7934575 8.757046 0.0
-5.7934575 8.757046 0.0
-9.252494 1.4700279 5.3319325
-5.7934575 8.757046 0.0
-9.689121 5.8884544 3.196586
-9.689121 5.8884544 3.196586
-9.689121 6.0084543 3.196586
-9.689121 5.8884544 3.196586
-8.848484 1.9259288 8.012015
0.0 9.0 0.0
0.0 12.0 0.0
0.0 12.0 0.0
-7.1728525 10.842056 0.0
0.0 12.0 0.0
0.0 15.0 0.0
0.0 15.0 0.0
9.104005 13.761071 0.0
0.0 15.0 0.0
0.0 18.0 0.0
0.0 18.0 0.0
10.483399 15.846083 0.0
10.483399 15.846083 0.0
10.483399 15.966083 0.0
10.483399 15.846083 0.0
16.862705 9.642578 5.784298
16.862705 9.642578 5.784298
9.482353 2.6477823 17.781763
16.862705 9.642578 5.784298
14.718749 2.5436225 14.12826
0.0 18.0 0.0
0.0 21.0 0.0
0.0 21.0 0.0
-12.414552 18.765099 0.0
0.0 21.0 0.0
0.0 24.0 0.0
0.0 24.0 0.0
13.793947 20.85011 0.0
0.0 24.0 0.0
0.0 27.0 0.0
