0.0 0.0 0.0
0.0 3.0 0.0
0.0 3.0 0.0
-2.219714 3.9144437 0.0
0.0 3.0 0.0
0.0 6.0 0.0
0.0 6.0 0.0
3.2555804 5.741184 0.0
0.0 6.0 0.0
0.0 9.0 0.0
0.0 9.0 0.0
-4.932698 8.698764 0.0
-4.932698 8.698764 0.0
-8.867982 2.3541515 4.233081
-4.932698 8.698764 0.0
-8.76324 6.7551236 2.4331508
-8.76324 6.7551236 2.4331508
-8.76324 6.8751235 2.4331508
-8.76324 6.7551236 2.4331508
-9.658989 4.0127954 6.439182
0.0 9.0 0.0
0.0 12.0 0.0
0.0 12.0 0.0
-6.412507 11.3083935 0.0
0.0 12.0 0.0
0.0 15.0 0.0
0.0 15.0 0.0
7.6950088 13.570072 0.0
0.0 15.0 0.0
0.0 18.0 0.0
0.0 18.0 0.0
9.61876 16.96259 0.0
9.61876 16.96259 0.0
9.61876 17.295923 0.0
9.61876 16.96259 0.0
15.941465 11.150028 4.7446437
15.941465 11.150028 4.7446437
11.96571 2.3662822 16.116203
15.941465 11.150028 4.7446437
16.02006 4.883242 11.990696
0.0 18.0 0.0
0.0 21.0 0.0
0.0 21.0 0.0
-10.851935 19.13728 0.0
0.0 21.0 0.0
0.0 24.0 0.0
0.0 24.0 0.0
12.331744 21.74691 0.0
0.0 24.0 0.0
0.0 27.0 0.0
