0.0 0.0 0.0
0.0 3.0 0.0
0.0 3.0 0.0
-2.8108745 3.5141122 0.0
0.0 3.0 0.0
0.0 6.0 0.0
0.0 6.0 0.0
4.684791 5.8568535 0.0
0.0 6.0 0.0
0.0 9.0 0.0
0.0 9.0 0.0
-6.246388 7.8091383 0.0
-6.246388 7.8091383 0.0
-8.65148 0.5415096 6.0938396
-6.246388 7.8091383 0.0
-9.624062 4.2227154 3.9017363
-9.624062 4.2227154 3.9017363
-9.624062 4.3427153 3.9017363
-9.624062 4.2227154 3.9017363
-7.2280936 0.90633297 9.058482
0.0 9.0 0.0
0.0 12.0 0.0
0.0 12.0 0.0
-7.870449 9.839515 0.0
0.0 12.0 0.0
0.0 15.0 0.0
0.0 15.0 0.0
9.994221 12.494621 0.0
0.0 15.0 0.0
0.0 18.0 0.0
0.0 18.0 0.0
11.618281 14.524998 0.0
11.618281 14.524998 0.0
11.618281 14.858331 0.0
11.618281 14.524998 0.0
16.78265 6.4564147 7.2572293
16.78265 6.4564147 7.2572293
6.284999 4.8936687 17.966856
16.78265 6.4564147 7.2572293
11.352072 0.46800327 16.150364
0.0 18.0 0.0
0.0 21.0 0.0
0.0 21.0 0.0
-14.054373 17.57056 0.0
0.0 21.0 0.0
0.0 24.0 0.0
0.0 24.0 0.0
15.928289 19.913303 0.0
0.0 24.0 0.0
0.0 27.0 0.0
