0.0 0.0 0.0
0.0 3.0 0.0
0.0 3.0 0.0
-2.8785493 3.458895 0.0
0.0 3.0 0.0
0.0 6.0 0.0
0.0 6.0 0.0
4.2218723 5.0730457 0.0
0.0 6.0 0.0
0.0 9.0 0.0
0.0 9.0 0.0
-6.396776 7.6864333 0.0
-6.396776 7.6864333 0.0
-8.507133 0.38977635 6.2903843
-6.396776 7.6864333 0.0
-9.079942 3.2241192 4.0918746
-9.079942 3.2241192 4.0918746
-9.079942 3.9741192 4.0918746
-9.079942 3.2241192 4.0918746
-6.374548 0.8410449 8.953428
0.0 9.0 0.0
0.0 12.0 0.0
0.0 12.0 0.0
-8.059938 9.684906 0.0
0.0 12.0 0.0
0.0 15.0 0.0
0.0 15.0 0.0
10.554681 12.682614 0.0
0.0 15.0 0.0
0.0 18.0 0.0
0.0 18.0 0.0
11.898005 14.296766 0.0
11.898005 14.296766 0.0
11.898005 15.046766 0.0
11.898005 14.296766 0.0
17.134329 6.2920203 7.6108875
17.134329 6.2920203 7.6108875
6.1307807 5.5785656 18.231676
17.134329 6.2920203 7.6108875
11.045567 0.29456902 16.810505
0.0 18.0 0.0
0.0 21.0 0.0
0.0 21.0 0.0
-14.392747 17.294476 0.0
0.0 21.0 0.0
0.0 24.0 0.0
0.0 24.0 0.0
15.736071 18.908627 0.0
0.0 24.0 0.0
0.0 27.0 0.0
