0.0 0.0 0.0
0.0 3.0 0.0
0.0 3.0 0.0
-1.5089813 3.7044535 0.0
0.0 3.0 0.0
0.0 6.0 0.0
0.0 6.0 0.0
2.4898193 6.112348 0.0
0.0 6.0 0.0
0.0 9.0 0.0
0.0 9.0 0.0
-3.6215553 8.890689 0.0
-3.6215553 8.890689 0.0
-8.589728 5.086401 2.5305395
-3.6215553 8.890689 0.0
-6.6864753 7.5241847 1.3662149
-6.6864753 7.5241847 1.3662149
-6.6864753 7.6441846 1.3662149
-6.6864753 7.5241847 1.3662149
-8.32239 5.3822803 3.7877116
0.0 9.0 0.0
0.0 12.0 0.0
0.0 12.0 0.0
-4.9041896 12.039474 0.0
0.0 12.0 0.0
0.0 15.0 0.0
0.0 15.0 0.0
6.224548 15.28087 0.0
0.0 15.0 0.0
0.0 18.0 0.0
0.0 18.0 0.0
7.016763 17.22571 0.0
7.016763 17.22571 0.0
7.016763 17.34571 0.0
7.016763 17.22571 0.0
13.082366 14.890671 2.647041
13.082366 14.890671 2.647041
15.860451 5.4912367 11.034842
13.082366 14.890671 2.647041
16.290442 10.522661 7.3867216
0.0 18.0 0.0
0.0 21.0 0.0
0.0 21.0 0.0
-8.48802 20.837551 0.0
0.0 21.0 0.0
0.0 24.0 0.0
0.0 24.0 0.0
9.280235 22.782389 0.0
0.0 24.0 0.0
0.0 27.0 0.0
