0.0 0.0 0.0
0.0 3.0 0.0
0.0 3.0 0.0
-2.3179967 2.754431 0.0
0.0 3.0 0.0
0.0 6.0 0.0
0.0 6.0 0.0
4.2496605 5.0497904 0.0
0.0 6.0 0.0
0.0 9.0 0.0
0.0 9.0 0.0
-6.181325 7.3451495 0.0
-6.181325 7.3451495 0.0
-7.7459917 0.27125752 6.090477
-6.181325 7.3451495 0.0
-9.313884 3.7223601 3.9800808
-9.313884 3.7223601 3.9800808
-9.313884 4.47236 3.9800808
-9.313884 3.7223601 3.9800808
-6.532303 0.67478156 9.042336
0.0 9.0 0.0
0.0 12.0 0.0
0.0 12.0 0.0
-8.112989 9.640509 0.0
0.0 12.0 0.0
0.0 15.0 0.0
0.0 15.0 0.0
10.302208 12.241916 0.0
0.0 15.0 0.0
0.0 18.0 0.0
0.0 18.0 0.0
12.555816 14.919835 0.0
12.555816 14.919835 0.0
12.555816 15.669835 0.0
12.555816 14.919835 0.0
17.922813 6.377498 8.084539
17.922813 6.377498 8.084539
5.7744823 5.978451 19.04037
17.922813 6.377498 8.084539
11.259584 0.16675329 17.725925
0.0 18.0 0.0
0.0 21.0 0.0
0.0 21.0 0.0
-13.907981 16.526587 0.0
0.0 21.0 0.0
0.0 24.0 0.0
0.0 24.0 0.0
16.0972 19.127993 0.0
0.0 24.0 0.0
0.0 27.0 0.0
