0.0 0.0 0.0
0.0 3.0 0.0
0.0 3.0 0.0
-1.4623704 4.2557573 0.0
0.0 3.0 0.0
0.0 6.0 0.0
0.0 6.0 0.0
2.14481 6.2417774 0.0
0.0 6.0 0.0
0.0 9.0 0.0
0.0 9.0 0.0
-3.1197236 9.07895 0.0
-3.1197236 9.07895 0.0
-7.5953298 5.7434464 1.9175884
-3.1197236 9.07895 0.0
-5.9356413 8.194821 1.0138203
-5.9356413 8.194821 1.0138203
-5.9356413 8.528154 1.0138203
-5.9356413 8.194821 1.0138203
-8.147758 7.4514713 2.8877065
0.0 9.0 0.0
0.0 12.0 0.0
0.0 12.0 0.0
-4.387111 12.767273 0.0
0.0 12.0 0.0
0.0 15.0 0.0
0.0 15.0 0.0
5.362025 15.6044445 0.0
0.0 15.0 0.0
0.0 18.0 0.0
0.0 18.0 0.0
6.174453 17.968754 0.0
6.174453 17.968754 0.0
6.174453 18.718754 0.0
6.174453 17.968754 0.0
11.556702 15.663301 2.0065193
11.556702 15.663301 2.0065193
16.30627 8.101536 8.68623
11.556702 15.663301 2.0065193
15.134665 12.419027 5.6532087
0.0 18.0 0.0
0.0 21.0 0.0
0.0 21.0 0.0
-7.1493664 20.805925 0.0
0.0 21.0 0.0
0.0 24.0 0.0
0.0 24.0 0.0
8.286766 24.11596 0.0
0.0 24.0 0.0
0.0 27.0 0.0
