0.0 0.0 0.0
0.0 3.0 0.0
0.0 3.0 0.0
-3.8523796 2.3257627 0.0
0.0 3.0 0.0
0.0 6.0 0.0
0.0 6.0 0.0
5.9925904 3.6178532 0.0
0.0 6.0 0.0
0.0 9.0 0.0
0.0 9.0 0.0
-8.988886 5.4267797 0.0
-8.988886 5.4267797 0.0
-7.4158854 0.8279278 7.9543614
-8.988886 5.4267797 0.0
-7.56054 -0.86232305 7.6952443
-7.56054 -0.86232305 7.6952443
-7.56054 -0.5289897 7.6952443
-7.56054 -0.86232305 7.6952443
1.2673702 2.3656487 10.44964
0.0 9.0 0.0
0.0 12.0 0.0
0.0 12.0 0.0
-11.129097 6.71887 0.0
0.0 12.0 0.0
0.0 15.0 0.0
0.0 15.0 0.0
13.69735 8.269379 0.0
0.0 15.0 0.0
0.0 18.0 0.0
0.0 18.0 0.0
16.265602 9.819887 0.0
16.265602 9.819887 0.0
16.265602 10.15322 0.0
16.265602 9.819887 0.0
13.607597 -1.6046934 13.924727
13.607597 -1.6046934 13.924727
7.5660686 17.104607 5.555917
13.607597 -1.6046934 13.924727
-3.3863163 3.665144 18.846054
0.0 18.0 0.0
0.0 21.0 0.0
0.0 21.0 0.0
-18.833855 11.370396 0.0
0.0 21.0 0.0
0.0 24.0 0.0
0.0 24.0 0.0
21.40211 12.920904 0.0
0.0 24.0 0.0
0.0 27.0 0.0
