0.0 0.0 0.0
0.0 3.0 0.0
0.0 3.0 0.0
-3.1262383 3.236763 0.0
0.0 3.0 0.0
0.0 6.0 0.0
0.0 6.0 0.0
5.2103972 5.394605 0.0
0.0 6.0 0.0
0.0 9.0 0.0
0.0 9.0 0.0
-7.294556 7.552447 0.0
-7.294556 7.552447 0.0
-7.8898215 0.020685673 7.2901554
-7.294556 7.552447 0.0
-9.715498 2.5065315 5.0676713
-9.715498 2.5065315 5.0676713
-9.715498 2.6265314 5.0676713
-9.715498 2.5065315 5.0676713
-4.9302044 0.113198996 10.394625
0.0 9.0 0.0
0.0 12.0 0.0
0.0 12.0 0.0
-9.378715 9.710289 0.0
0.0 12.0 0.0
0.0 15.0 0.0
0.0 15.0 0.0
10.837626 11.220778 0.0
0.0 15.0 0.0
0.0 18.0 0.0
0.0 18.0 0.0
13.547032 14.025973 0.0
13.547032 14.025973 0.0
13.547032 14.145973 0.0
13.547032 14.025973 0.0
17.447594 4.0384617 9.411389
17.447594 4.0384617 9.411389
3.8503425 8.938881 17.76392
17.447594 4.0384617 9.411389
7.8242307 -0.5521972 18.890615
0.0 18.0 0.0
0.0 21.0 0.0
0.0 21.0 0.0
-15.005944 15.536463 0.0
0.0 21.0 0.0
0.0 24.0 0.0
0.0 24.0 0.0
17.71535 18.341658 0.0
0.0 24.0 0.0
0.0 27.0 0.0
