0.0 0.0 0.0
0.0 3.0 0.0
0.0 3.0 0.0
-0.9831624 3.4631476 0.0
0.0 3.0 0.0
0.0 6.0 0.0
0.0 6.0 0.0
1.9117048 6.733898 0.0
0.0 6.0 0.0
0.0 9.0 0.0
0.0 9.0 0.0
-2.867557 10.100847 0.0
-2.867557 10.100847 0.0
-7.7773123 7.95028 1.5067226
-2.867557 10.100847 0.0
-5.8218827 10.406485 0.7831318
-5.8218827 10.406485 0.7831318
-5.8218827 10.739818 0.7831318
-5.8218827 10.406485 0.7831318
-8.433589 9.982756 2.3433216
0.0 9.0 0.0
0.0 12.0 0.0
0.0 12.0 0.0
-3.6868591 12.986804 0.0
0.0 12.0 0.0
0.0 15.0 0.0
0.0 15.0 0.0
4.369611 15.3917675 0.0
0.0 15.0 0.0
0.0 18.0 0.0
0.0 18.0 0.0
5.079673 17.892931 0.0
5.079673 17.892931 0.0
5.079673 18.642931 0.0
5.079673 17.892931 0.0
9.751244 16.455404 1.3872621
9.751244 16.455404 1.3872621
15.479254 10.662527 6.303998
9.751244 16.455404 1.3872621
13.563129 14.81447 3.9975972
0.0 18.0 0.0
0.0 21.0 0.0
0.0 21.0 0.0
-6.1447654 21.644672 0.0
0.0 21.0 0.0
0.0 24.0 0.0
0.0 24.0 0.0
6.964067 24.53063 0.0
0.0 24.0 0.0
0.0 27.0 0.0
