0.0 0.0 0.0
0.0 3.0 0.0
0.0 3.0 0.0
-2.1015913 3.403427 0.0
0.0 3.0 0.0
0.0 6.0 0.0
0.0 6.0 0.0
3.677785 5.955997 0.0
0.0 6.0 0.0
0.0 9.0 0.0
0.0 9.0 0.0
-5.2539783 8.508567 0.0
-5.2539783 8.508567 0.0
-9.331958 2.0429854 4.6974587
-5.2539783 8.508567 0.0
-8.799436 5.741699 2.760429
-8.799436 5.741699 2.760429
-8.799436 6.0750327 2.760429
-8.799436 5.741699 2.760429
-8.468311 2.2241895 6.9719334
0.0 9.0 0.0
0.0 12.0 0.0
0.0 12.0 0.0
-7.0928707 11.486566 0.0
0.0 12.0 0.0
0.0 15.0 0.0
0.0 15.0 0.0
8.196206 13.273365 0.0
0.0 15.0 0.0
0.0 18.0 0.0
0.0 18.0 0.0
9.7724 15.825935 0.0
9.7724 15.825935 0.0
9.7724 15.945935 0.0
9.7724 15.825935 0.0
16.177807 10.373253 5.134398
16.177807 10.373253 5.134398
11.134577 2.6078417 16.763968
16.177807 10.373253 5.134398
15.654949 4.287652 12.868422
0.0 18.0 0.0
0.0 21.0 0.0
0.0 21.0 0.0
-11.558752 18.718847 0.0
0.0 21.0 0.0
0.0 24.0 0.0
0.0 24.0 0.0
13.134946 21.271418 0.0
0.0 24.0 0.0
0.0 27.0 0.0
