0.0 0.0 0.0
0.0 3.0 0.0
0.0 3.0 0.0
-3.3395972 2.201611 0.0
0.0 3.0 0.0
0.0 6.0 0.0
0.0 6.0 0.0
5.5103354 3.6326582 0.0
0.0 6.0 0.0
0.0 9.0 0.0
0.0 9.0 0.0
-8.766442 5.779229 0.0
-8.766442 5.779229 0.0
-6.979475 0.7662904 8.056902
-8.766442 5.779229 0.0
-8.733158 -0.021943092 7.3190966
-8.733158 -0.021943092 7.3190966
-8.733158 0.31139025 7.3190966
-8.733158 -0.021943092 7.3190966
-0.5163285 1.9021975 11.319758
0.0 9.0 0.0
0.0 12.0 0.0
0.0 12.0 0.0
-10.853691 7.155236 0.0
0.0 12.0 0.0
0.0 15.0 0.0
0.0 15.0 0.0
13.775839 9.081646 0.0
0.0 15.0 0.0
0.0 18.0 0.0
0.0 18.0 0.0
16.280537 10.732854 0.0
16.280537 10.732854 0.0
16.280537 11.066187 0.0
16.280537 10.732854 0.0
14.727829 -1.0236144 13.592608
14.727829 -1.0236144 13.592608
6.9595833 16.923801 8.178751
14.727829 -1.0236144 13.592608
-2.1382031 2.4737701 19.777664
0.0 18.0 0.0
0.0 21.0 0.0
0.0 21.0 0.0
-18.033825 11.8887 0.0
0.0 21.0 0.0
0.0 24.0 0.0
0.0 24.0 0.0
20.538523 13.539908 0.0
0.0 24.0 0.0
0.0 27.0 0.0
