0.0 0.0 0.0
0.0 3.0 0.0
0.0 3.0 0.0
-1.9764981 4.042704 0.0
0.0 3.0 0.0
0.0 6.0 0.0
0.0 6.0 0.0
2.8988638 5.9292994 0.0
0.0 6.0 0.0
0.0 9.0 0.0
0.0 9.0 0.0
-4.392218 8.983787 0.0
-4.392218 8.983787 0.0
-9.338418 3.8493361 3.4662287
-4.392218 8.983787 0.0
-7.929987 7.236107 1.929158
-7.929987 7.236107 1.929158
-7.929987 7.5694404 1.929158
-7.929987 7.236107 1.929158
-9.476034 5.091423 5.2161374
0.0 9.0 0.0
0.0 12.0 0.0
0.0 12.0 0.0
-5.534195 11.3195715 0.0
0.0 12.0 0.0
0.0 15.0 0.0
0.0 15.0 0.0
7.027549 14.374059 0.0
0.0 15.0 0.0
0.0 18.0 0.0
0.0 18.0 0.0
8.169526 16.709843 0.0
8.169526 16.709843 0.0
8.169526 17.459843 0.0
8.169526 16.709843 0.0
14.196356 12.327201 3.588234
14.196356 12.327201 3.588234
13.607115 3.129662 13.407189
14.196356 12.327201 3.588234
15.71969 6.7040443 9.458942
0.0 18.0 0.0
0.0 21.0 0.0
0.0 21.0 0.0
-9.88249 20.21352 0.0
0.0 21.0 0.0
0.0 24.0 0.0
0.0 24.0 0.0
10.804856 22.100115 0.0
0.0 24.0 0.0
0.0 27.0 0.0
