0.0 0.0 0.0
0.0 3.0 0.0
0.0 3.0 0.0
-3.0631902 1.89126 0.0
0.0 3.0 0.0
0.0 6.0 0.0
0.0 6.0 0.0
6.3816466 3.9401252 0.0
0.0 6.0 0.0
0.0 9.0 0.0
0.0 9.0 0.0
-8.934305 5.5161753 0.0
-8.934305 5.5161753 0.0
-7.3953934 0.7711799 7.9875026
-8.934305 5.5161753 0.0
-8.010326 -0.57047844 7.602077
-8.010326 -0.57047844 7.602077
-8.010326 -0.2371451 7.602077
-8.010326 -0.57047844 7.602077
0.3965196 2.411563 10.809628
0.0 9.0 0.0
0.0 12.0 0.0
0.0 12.0 0.0
-10.721167 6.6194105 0.0
0.0 12.0 0.0
0.0 15.0 0.0
0.0 15.0 0.0
13.61418 8.405601 0.0
0.0 15.0 0.0
0.0 18.0 0.0
0.0 18.0 0.0
16.166838 9.98165 0.0
16.166838 9.98165 0.0
16.166838 10.10165 0.0
16.166838 9.98165 0.0
13.46571 -1.6677179 13.75614
13.46571 -1.6677179 13.75614
7.392177 16.799711 5.875743
13.46571 -1.6677179 13.75614
-3.00089 3.5894125 18.684574
0.0 18.0 0.0
0.0 21.0 0.0
0.0 21.0 0.0
-18.379143 11.347561 0.0
0.0 21.0 0.0
0.0 24.0 0.0
0.0 24.0 0.0
21.272156 13.133751 0.0
0.0 24.0 0.0
0.0 27.0 0.0
