0.0 0.0 0.0
0.0 3.0 0.0
0.0 3.0 0.0
-3.7889442 2.4277358 0.0
0.0 3.0 0.0
0.0 6.0 0.0
0.0 6.0 0.0
5.557118 3.5606792 0.0
0.0 6.0 0.0
0.0 9.0 0.0
0.0 9.0 0.0
-8.84087 5.6647167 0.0
-8.84087 5.6647167 0.0
-6.799283 0.9390776 8.031924
-8.84087 5.6647167 0.0
-8.184805 -0.42036843 7.443903
-8.184805 -0.42036843 7.443903
-8.184805 -0.30036843 7.443903
-8.184805 -0.42036843 7.443903
0.09011036 2.1418166 10.907467
0.0 9.0 0.0
0.0 12.0 0.0
0.0 12.0 0.0
-11.366833 7.2832074 0.0
0.0 12.0 0.0
0.0 15.0 0.0
0.0 15.0 0.0
13.135007 8.416151 0.0
0.0 15.0 0.0
0.0 18.0 0.0
0.0 18.0 0.0
15.66097 10.034641 0.0
15.66097 10.034641 0.0
15.66097 10.154641 0.0
15.66097 10.034641 0.0
13.512468 -1.3766341 13.186342
13.512468 -1.3766341 13.186342
6.4180164 16.449606 6.765677
13.512468 -1.3766341 13.186342
-2.3741162 3.0071394 18.491322
0.0 18.0 0.0
0.0 21.0 0.0
0.0 21.0 0.0
-18.523727 11.868931 0.0
0.0 21.0 0.0
0.0 24.0 0.0
0.0 24.0 0.0
21.470684 13.75717 0.0
0.0 24.0 0.0
0.0 27.0 0.0
