0.0 0.0 0.0
0.0 3.0 0.0
0.0 3.0 0.0
-3.4470327 2.029277 0.0
0.0 3.0 0.0
0.0 6.0 0.0
0.0 6.0 0.0
6.032307 3.551235 0.0
0.0 6.0 0.0
0.0 9.0 0.0
0.0 9.0 0.0
-8.617581 5.0731926 0.0
-8.617581 5.0731926 0.0
-7.120839 0.8306527 7.5349813
-8.617581 5.0731926 0.0
-7.4515553 -0.6864431 7.426271
-7.4515553 -0.6864431 7.426271
-7.4515553 -0.35310975 7.426271
-7.4515553 -0.6864431 7.426271
1.4033307 2.2133765 10.188929
0.0 9.0 0.0
0.0 12.0 0.0
0.0 12.0 0.0
-11.202856 6.5951505 0.0
0.0 12.0 0.0
0.0 15.0 0.0
0.0 15.0 0.0
13.443428 7.9141808 0.0
0.0 15.0 0.0
0.0 18.0 0.0
0.0 18.0 0.0
16.373405 9.639066 0.0
16.373405 9.639066 0.0
16.373405 9.972399 0.0
16.373405 9.639066 0.0
13.382372 -1.760829 14.109916
13.382372 -1.760829 14.109916
8.254071 16.95599 4.8542895
13.382372 -1.760829 14.109916
-2.9491775 4.49549 18.690601
0.0 18.0 0.0
0.0 21.0 0.0
0.0 21.0 0.0
-18.95868 11.161024 0.0
0.0 21.0 0.0
0.0 24.0 0.0
0.0 24.0 0.0
21.543955 12.6829815 0.0
0.0 24.0 0.0
0.0 27.0 0.0
