0.0 0.0 0.0
0.0 3.0 0.0
0.0 3.0 0.0
-2.9100993 2.7443254 0.0
0.0 3.0 0.0
0.0 6.0 0.0
0.0 6.0 0.0
4.801664 4.5281367 0.0
0.0 6.0 0.0
0.0 9.0 0.0
0.0 9.0 0.0
-6.9842386 6.5863814 0.0
-6.9842386 6.5863814 0.0
-6.931801 0.0030773282 6.972243
-6.9842386 6.5863814 0.0
-8.806815 1.7187538 5.081207
-8.806815 1.7187538 5.081207
-8.806815 2.052087 5.081207
-8.806815 1.7187538 5.081207
-3.5871558 0.15888596 9.893297
0.0 9.0 0.0
0.0 12.0 0.0
0.0 12.0 0.0
-9.821585 9.262098 0.0
0.0 12.0 0.0
0.0 15.0 0.0
0.0 15.0 0.0
12.00416 11.320342 0.0
0.0 15.0 0.0
0.0 18.0 0.0
0.0 18.0 0.0
14.186734 13.378587 0.0
14.186734 13.378587 0.0
14.186734 13.71192 0.0
14.186734 13.378587 0.0
17.138582 2.7836971 10.321201
17.138582 2.7836971 10.321201
4.1900773 11.081092 16.50448
17.138582 2.7836971 10.321201
5.6682577 -0.49571562 19.549929
0.0 18.0 0.0
0.0 21.0 0.0
0.0 21.0 0.0
-15.714537 14.819358 0.0
0.0 21.0 0.0
0.0 24.0 0.0
0.0 24.0 0.0
17.89711 16.877602 0.0
0.0 24.0 0.0
0.0 27.0 0.0
