0.0 0.0 0.0
0.0 3.0 0.0
0.0 3.0 0.0
-1.9904516 3.4695969 0.0
0.0 3.0 0.0
0.0 6.0 0.0
0.0 6.0 0.0
3.4832902 6.0717945 0.0
0.0 6.0 0.0
0.0 9.0 0.0
0.0 9.0 0.0
-4.777084 8.327033 0.0
-4.777084 8.327033 0.0
-8.693263 2.2898614 4.123856
-4.777084 8.327033 0.0
-8.235441 6.0283337 2.3771386
-8.235441 6.0283337 2.3771386
-8.235441 6.1483335 2.3771386
-8.235441 6.0283337 2.3771386
-8.468495 2.783379 6.15999
0.0 9.0 0.0
0.0 12.0 0.0
0.0 12.0 0.0
-6.4689674 11.27619 0.0
0.0 12.0 0.0
0.0 15.0 0.0
0.0 15.0 0.0
8.210612 14.312087 0.0
0.0 15.0 0.0
0.0 18.0 0.0
0.0 18.0 0.0
9.2556 16.133625 0.0
9.2556 16.133625 0.0
9.2556 16.883625 0.0
9.2556 16.133625 0.0
15.290609 10.519748 4.6057057
15.290609 10.519748 4.6057057
11.617634 2.4580493 15.52453
15.290609 10.519748 4.6057057
15.248789 4.5328074 11.60379
0.0 18.0 0.0
0.0 21.0 0.0
0.0 21.0 0.0
-10.947484 19.082783 0.0
0.0 21.0 0.0
0.0 24.0 0.0
0.0 24.0 0.0
12.689129 22.11868 0.0
0.0 24.0 0.0
0.0 27.0 0.0
