0.0 0.0 0.0
0.0 3.0 0.0
0.0 3.0 0.0
-2.8555286 2.8010635 0.0
0.0 3.0 0.0
0.0 6.0 0.0
0.0 6.0 0.0
5.354116 5.251994 0.0
0.0 6.0 0.0
0.0 9.0 0.0
0.0 9.0 0.0
-7.1388216 7.002659 0.0
-7.1388216 7.002659 0.0
-7.123985 2.8572977E-4 7.137498
-7.1388216 7.002659 0.0
-9.570577 2.385373 5.096277
-9.570577 2.385373 5.096277
-9.570577 3.135373 5.096277
-9.570577 2.385373 5.096277
-4.919178 0.53359723 10.401013
0.0 9.0 0.0
0.0 12.0 0.0
0.0 12.0 0.0
-9.637409 9.453589 0.0
0.0 12.0 0.0
0.0 15.0 0.0
0.0 15.0 0.0
11.136561 10.924148 0.0
0.0 15.0 0.0
0.0 18.0 0.0
0.0 18.0 0.0
13.920702 13.655185 0.0
13.920702 13.655185 0.0
13.920702 14.405185 0.0
13.920702 13.655185 0.0
17.645342 3.6535978 9.93774
17.645342 3.6535978 9.93774
4.600644 10.188969 17.450716
17.645342 3.6535978 9.93774
7.006958 -0.4977317 19.555756
0.0 18.0 0.0
0.0 21.0 0.0
0.0 21.0 0.0
-15.419855 15.125743 0.0
0.0 21.0 0.0
0.0 24.0 0.0
0.0 24.0 0.0
17.5615 17.226542 0.0
0.0 24.0 0.0
0.0 27.0 0.0
