0.0 0.0 0.0
0.0 3.0 0.0
0.0 3.0 0.0
-1.5038385 3.7065442 0.0
0.0 3.0 0.0
0.0 6.0 0.0
0.0 6.0 0.0
2.4813335 6.115798 0.0
0.0 6.0 0.0
0.0 9.0 0.0
0.0 9.0 0.0
-3.947576 9.729678 0.0
-3.947576 9.729678 0.0
-9.042612 5.2453313 2.7504954
-3.947576 9.729678 0.0
-7.273145 8.196605 1.4841292
-7.273145 8.196605 1.4841292
-7.273145 8.946605 1.4841292
-7.273145 8.196605 1.4841292
-9.185633 6.197878 4.109657
0.0 9.0 0.0
0.0 12.0 0.0
0.0 12.0 0.0
-5.075455 12.509586 0.0
0.0 12.0 0.0
0.0 15.0 0.0
0.0 15.0 0.0
5.8649707 14.455523 0.0
0.0 15.0 0.0
0.0 18.0 0.0
0.0 18.0 0.0
7.331213 18.069403 0.0
7.331213 18.069403 0.0
7.331213 18.189404 0.0
7.331213 18.069403 0.0
13.313919 14.74571 2.7562401
13.313919 14.74571 2.7562401
15.979303 5.5002484 11.253621
13.313919 14.74571 2.7562401
16.241209 9.971198 7.5595274
0.0 18.0 0.0
0.0 21.0 0.0
0.0 21.0 0.0
-8.459092 20.849312 0.0
0.0 21.0 0.0
0.0 24.0 0.0
0.0 24.0 0.0
9.248608 22.795246 0.0
0.0 24.0 0.0
0.0 27.0 0.0
