0.0 0.0 0.0
0.0 3.0 0.0
0.0 3.0 0.0
-2.8637004 3.4711986 0.0
0.0 3.0 0.0
0.0 6.0 0.0
0.0 6.0 0.0
4.772834 5.785331 0.0
0.0 6.0 0.0
0.0 9.0 0.0
0.0 9.0 0.0
-6.1092277 7.405224 0.0
-6.1092277 7.405224 0.0
-8.227246 0.409994 5.9978876
-6.1092277 7.405224 0.0
-8.72948 3.1761055 3.8877773
-8.72948 3.1761055 3.8877773
-8.72948 3.5094388 3.8877773
-8.72948 3.1761055 3.8877773
-6.261551 0.89630914 8.554192
0.0 9.0 0.0
0.0 12.0 0.0
0.0 12.0 0.0
-8.591102 10.413595 0.0
0.0 12.0 0.0
0.0 15.0 0.0
0.0 15.0 0.0
10.500235 12.727728 0.0
0.0 15.0 0.0
0.0 18.0 0.0
0.0 18.0 0.0
12.4093685 15.041861 0.0
12.4093685 15.041861 0.0
12.4093685 15.16186 0.0
12.4093685 15.041861 0.0
17.592546 6.2827253 7.8970475
17.592546 6.2827253 7.8970475
5.6574297 5.5867167 18.77273
17.592546 6.2827253 7.8970475
10.971424 -0.12866163 17.287111
0.0 18.0 0.0
0.0 21.0 0.0
0.0 21.0 0.0
-14.000313 16.970304 0.0
0.0 21.0 0.0
0.0 24.0 0.0
0.0 24.0 0.0
16.227636 19.670124 0.0
0.0 24.0 0.0
0.0 27.0 0.0
