0.0 0.0 0.0
0.0 3.0 0.0
0.0 3.0 0.0
-1.3830475 3.7532892 0.0
0.0 3.0 0.0
0.0 6.0 0.0
0.0 6.0 0.0
2.593214 7.0374174 0.0
0.0 6.0 0.0
0.0 9.0 0.0
0.0 9.0 0.0
-3.319314 9.0078945 0.0
-3.319314 9.0078945 0.0
-7.8446026 5.306563 2.1538103
-3.319314 9.0078945 0.0
-6.3828344 8.313725 1.1476922
-6.3828344 8.313725 1.1476922
-6.3828344 8.6470585 1.1476922
-6.3828344 8.313725 1.1476922
-8.467737 6.805662 3.283846
0.0 9.0 0.0
0.0 12.0 0.0
0.0 12.0 0.0
-4.494904 12.19819 0.0
0.0 12.0 0.0
0.0 15.0 0.0
0.0 15.0 0.0
5.53219 15.013157 0.0
0.0 15.0 0.0
0.0 18.0 0.0
0.0 18.0 0.0
6.431171 17.452795 0.0
6.431171 17.452795 0.0
6.431171 17.572796 0.0
6.431171 17.452795 0.0
11.9042845 14.852837 2.2236536
11.9042845 14.852837 2.2236536
15.918535 6.9309506 9.416331
11.9042845 14.852837 2.2236536
15.10268 10.903402 6.202551
0.0 18.0 0.0
0.0 21.0 0.0
0.0 21.0 0.0
-7.4684563 20.267761 0.0
0.0 21.0 0.0
0.0 24.0 0.0
0.0 24.0 0.0
8.644047 23.458057 0.0
0.0 24.0 0.0
0.0 27.0 0.0
