0.0 0.0 0.0
0.0 3.0 0.0
0.0 3.0 0.0
-2.834254 3.4952831 0.0
0.0 3.0 0.0
0.0 6.0 0.0
0.0 6.0 0.0
4.723757 5.825472 0.0
0.0 6.0 0.0
0.0 9.0 0.0
0.0 9.0 0.0
-6.6132593 8.155661 0.0
-6.6132593 8.155661 0.0
-8.379412 0.37296653 6.4705567
-6.6132593 8.155661 0.0
-9.756386 3.8761942 4.165257
-9.756386 3.8761942 4.165257
-9.756386 4.2095275 4.165257
-9.756386 3.8761942 4.165257
-6.667685 0.3561833 9.380184
0.0 9.0 0.0
0.0 12.0 0.0
0.0 12.0 0.0
-7.9359117 9.786793 0.0
0.0 12.0 0.0
0.0 15.0 0.0
0.0 15.0 0.0
10.077348 12.427673 0.0
0.0 15.0 0.0
0.0 18.0 0.0
0.0 18.0 0.0
12.281768 15.146227 0.0
12.281768 15.146227 0.0
12.281768 15.47956 0.0
12.281768 15.146227 0.0
17.579145 6.5328774 7.735478
17.579145 6.5328774 7.735478
5.6959906 5.226058 18.798105
17.579145 6.5328774 7.735478
11.565838 0.31969547 17.080322
0.0 18.0 0.0
0.0 21.0 0.0
0.0 21.0 0.0
-13.856353 17.08805 0.0
0.0 21.0 0.0
0.0 24.0 0.0
0.0 24.0 0.0
15.493922 19.107548 0.0
0.0 24.0 0.0
0.0 27.0 0.0
