0.0 0.0 0.0
0.0 3.0 0.0
0.0 3.0 0.0
-3.2276251 2.362718 0.0
0.0 3.0 0.0
0.0 6.0 0.0
0.0 6.0 0.0
5.648344 4.1347566 0.0
0.0 6.0 0.0
0.0 9.0 0.0
0.0 9.0 0.0
-8.472516 6.202135 0.0
-8.472516 6.202135 0.0
-7.4008226 0.33974528 8.076392
-8.472516 6.202135 0.0
-9.170981 0.5112972 6.8365264
-9.170981 0.5112972 6.8365264
-9.170981 1.2612972 6.8365264
-9.170981 0.5112972 6.8365264
-1.564259 1.2681782 11.438318
0.0 9.0 0.0
0.0 12.0 0.0
0.0 12.0 0.0
-10.16702 7.442562 0.0
0.0 12.0 0.0
0.0 15.0 0.0
0.0 15.0 0.0
13.313953 9.746212 0.0
0.0 15.0 0.0
0.0 18.0 0.0
0.0 18.0 0.0
15.734673 11.51825 0.0
15.734673 11.51825 0.0
15.734673 11.8515835 0.0
15.734673 11.51825 0.0
15.994371 0.19010639 12.696406
15.994371 0.19010639 12.696406
5.6170173 15.986209 11.409775
15.994371 0.19010639 12.696406
0.16661537 1.1100155 20.405466
0.0 18.0 0.0
0.0 21.0 0.0
0.0 21.0 0.0
-18.155392 13.290289 0.0
0.0 21.0 0.0
0.0 24.0 0.0
0.0 24.0 0.0
20.172657 14.766988 0.0
0.0 24.0 0.0
0.0 27.0 0.0
