0.0 0.0 0.0
0.0 3.0 0.0
0.0 3.0 0.0
-1.8923075 4.0827894 0.0
0.0 3.0 0.0
0.0 6.0 0.0
0.0 6.0 0.0
2.9435897 6.351006 0.0
0.0 6.0 0.0
0.0 9.0 0.0
0.0 9.0 0.0
-4.4153843 9.526509 0.0
-4.4153843 9.526509 0.0
-9.368105 4.195172 3.3691647
-4.4153843 9.526509 0.0
-8.061139 7.8659787 1.8567256
-8.061139 7.8659787 1.8567256
-8.061139 7.9859786 1.8567256
-8.061139 7.8659787 1.8567256
-9.487343 4.9338646 5.074394
0.0 9.0 0.0
0.0 12.0 0.0
0.0 12.0 0.0
-5.676923 12.248369 0.0
0.0 12.0 0.0
0.0 15.0 0.0
0.0 15.0 0.0
6.9384613 14.970228 0.0
0.0 15.0 0.0
0.0 18.0 0.0
0.0 18.0 0.0
7.989743 17.238445 0.0
7.989743 17.238445 0.0
7.989743 17.358446 0.0
7.989743 17.238445 0.0
14.078203 13.13629 3.3597894
14.078203 13.13629 3.3597894
14.820148 3.9882498 12.91395
14.078203 13.13629 3.3597894
16.461641 8.50223 8.968356
0.0 18.0 0.0
0.0 21.0 0.0
0.0 21.0 0.0
-9.251282 19.960304 0.0
0.0 21.0 0.0
0.0 24.0 0.0
0.0 24.0 0.0
10.723076 23.135807 0.0
0.0 24.0 0.0
0.0 27.0 0.0
