0.0 0.0 0.0
0.0 3.0 0.0
0.0 3.0 0.0
-1.3803883 3.754268 0.0
0.0 3.0 0.0
0.0 6.0 0.0
0.0 6.0 0.0
2.588228 7.0392523 0.0
0.0 6.0 0.0
0.0 9.0 0.0
0.0 9.0 0.0
-3.312932 9.010243 0.0
-3.312932 9.010243 0.0
-8.245327 5.8005795 2.1460955
-3.312932 9.010243 0.0
-6.5454426 8.79152 1.1432831
-6.5454426 8.79152 1.1432831
-6.5454426 8.91152 1.1432831
-6.5454426 8.79152 1.1432831
-8.774652 7.206106 3.331861
0.0 9.0 0.0
0.0 12.0 0.0
0.0 12.0 0.0
-4.486262 12.201371 0.0
0.0 12.0 0.0
0.0 15.0 0.0
0.0 15.0 0.0
5.6941013 15.486355 0.0
0.0 15.0 0.0
0.0 18.0 0.0
0.0 18.0 0.0
6.556844 17.832773 0.0
6.556844 17.832773 0.0
6.556844 17.952774 0.0
6.556844 17.832773 0.0
12.4476595 16.021362 2.2627478
12.4476595 16.021362 2.2627478
16.563772 7.1033683 9.78731
12.4476595 16.021362 2.2627478
15.96833 11.837982 6.4193916
0.0 18.0 0.0
0.0 21.0 0.0
0.0 21.0 0.0
-7.5921354 20.648474 0.0
0.0 21.0 0.0
0.0 24.0 0.0
0.0 24.0 0.0
8.4893875 23.088749 0.0
0.0 24.0 0.0
0.0 27.0 0.0
