0.0 0.0 0.0
0.0 3.0 0.0
0.0 3.0 0.0
-2.8850043 2.1533113 0.0
0.0 3.0 0.0
0.0 6.0 0.0
0.0 6.0 0.0
5.6097307 4.186994 0.0
0.0 6.0 0.0
0.0 9.0 0.0
0.0 9.0 0.0
-8.414597 6.2804914 0.0
-8.414597 6.2804914 0.0
-6.8169394 0.4740399 8.066992
-8.414597 6.2804914 0.0
-8.524481 0.08201504 6.7433743
-8.524481 0.08201504 6.7433743
-8.524481 0.41534838 6.7433743
-8.524481 0.08201504 6.7433743
-1.0852442 1.1908728 10.86493
0.0 9.0 0.0
0.0 12.0 0.0
0.0 12.0 0.0
-10.097516 7.5365896 0.0
0.0 12.0 0.0
0.0 15.0 0.0
0.0 15.0 0.0
12.822242 9.570272 0.0
0.0 15.0 0.0
0.0 18.0 0.0
0.0 18.0 0.0
14.905856 11.125442 0.0
14.905856 11.125442 0.0
14.905856 11.875442 0.0
14.905856 11.125442 0.0
15.45083 0.4067583 11.945406
15.45083 0.4067583 11.945406
5.012704 15.042496 11.414662
15.45083 0.4067583 11.945406
0.92929375 1.1068132 19.527193
0.0 18.0 0.0
0.0 21.0 0.0
0.0 21.0 0.0
-17.310026 12.919868 0.0
0.0 21.0 0.0
0.0 24.0 0.0
0.0 24.0 0.0
20.435448 15.252622 0.0
0.0 24.0 0.0
0.0 27.0 0.0
