0.0 0.0 0.0
0.0 3.0 0.0
0.0 3.0 0.0
-2.6188393 3.6594646 0.0
0.0 3.0 0.0
0.0 6.0 0.0
0.0 6.0 0.0
3.840964 5.3672147 0.0
0.0 6.0 0.0
0.0 9.0 0.0
0.0 9.0 0.0
-5.8196425 8.132144 0.0
-5.8196425 8.132144 0.0
-8.618559 0.95404816 5.5084276
-5.8196425 8.132144 0.0
-9.454196 5.078784 3.386824
-9.454196 5.078784 3.386824
-9.454196 5.4121175 3.386824
-9.454196 5.078784 3.386824
-7.9542212 1.2908175 8.256218
0.0 9.0 0.0
0.0 12.0 0.0
0.0 12.0 0.0
-7.5655355 10.571787 0.0
0.0 12.0 0.0
0.0 15.0 0.0
0.0 15.0 0.0
9.60241 13.418037 0.0
0.0 15.0 0.0
0.0 18.0 0.0
0.0 18.0 0.0
11.348303 15.85768 0.0
11.348303 15.85768 0.0
11.348303 16.607681 0.0
11.348303 15.85768 0.0
17.606382 8.744799 6.6043067
17.606382 8.744799 6.6043067
8.2066145 3.400269 18.795633
17.606382 8.744799 6.6043067
14.479952 2.2355537 15.6170025
0.0 18.0 0.0
0.0 21.0 0.0
0.0 21.0 0.0
-12.803213 17.890717 0.0
0.0 21.0 0.0
0.0 24.0 0.0
0.0 24.0 0.0
14.549107 20.330359 0.0
0.0 24.0 0.0
0.0 27.0 0.0
