0.0 0.0 0.0
0.0 3.0 0.0
0.0 3.0 0.0
-1.7583932 4.142228 0.0
0.0 3.0 0.0
0.0 6.0 0.0
0.0 6.0 0.0
2.5789766 6.0752673 0.0
0.0 6.0 0.0
0.0 9.0 0.0
0.0 9.0 0.0
-4.1029177 9.665198 0.0
-4.1029177 9.665198 0.0
-9.172347 4.8950033 2.951534
-4.1029177 9.665198 0.0
-7.6439176 8.3414955 1.6032317
-7.6439176 8.3414955 1.6032317
-7.6439176 8.461495 1.6032317
-7.6439176 8.3414955 1.6032317
-9.74572 6.554425 4.462659
0.0 9.0 0.0
0.0 12.0 0.0
0.0 12.0 0.0
-5.0798025 11.966436 0.0
0.0 12.0 0.0
0.0 15.0 0.0
0.0 15.0 0.0
6.095763 14.359724 0.0
0.0 15.0 0.0
0.0 18.0 0.0
0.0 18.0 0.0
7.2680254 17.121208 0.0
7.2680254 17.121208 0.0
7.2680254 17.871208 0.0
7.2680254 17.121208 0.0
13.434591 14.526514 2.8400104
13.434591 14.526514 2.8400104
15.599388 4.9303226 11.637237
13.434591 14.526514 2.8400104
16.428812 9.893467 7.8638363
0.0 18.0 0.0
0.0 21.0 0.0
0.0 21.0 0.0
-8.596589 20.250893 0.0
0.0 21.0 0.0
0.0 24.0 0.0
0.0 24.0 0.0
9.964228 23.472626 0.0
0.0 24.0 0.0
0.0 27.0 0.0
