0.0 0.0 0.0
0.0 3.0 0.0
0.0 3.0 0.0
-1.0860041 3.432287 0.0
0.0 3.0 0.0
0.0 6.0 0.0
0.0 6.0 0.0
2.2625089 7.150598 0.0
0.0 6.0 0.0
0.0 9.0 0.0
0.0 9.0 0.0
-3.1675124 10.010838 0.0
-3.1675124 10.010838 0.0
-8.069681 6.971041 1.8220423
-3.1675124 10.010838 0.0
-6.2008734 9.586855 0.9555366
-6.2008734 9.586855 0.9555366
-6.2008734 10.336855 0.9555366
-6.2008734 9.586855 0.9555366
-8.4347925 8.01578 2.7816253
0.0 9.0 0.0
0.0 12.0 0.0
0.0 12.0 0.0
-4.072516 12.871077 0.0
0.0 12.0 0.0
0.0 15.0 0.0
0.0 15.0 0.0
4.9775195 15.731316 0.0
0.0 15.0 0.0
0.0 18.0 0.0
0.0 18.0 0.0
5.731689 18.11485 0.0
5.731689 18.11485 0.0
5.731689 18.448183 0.0
5.731689 18.11485 0.0
10.855753 16.194468 1.7290663
10.855753 16.194468 1.7290663
16.197075 9.324596 7.6588993
10.855753 16.194468 1.7290663
14.557556 13.4285145 4.923346
0.0 18.0 0.0
0.0 21.0 0.0
0.0 21.0 0.0
-6.5160255 20.593723 0.0
0.0 21.0 0.0
0.0 24.0 0.0
0.0 24.0 0.0
7.541696 23.835327 0.0
0.0 24.0 0.0
0.0 27.0 0.0
