0.0 0.0 0.0
0.0 3.0 0.0
0.0 3.0 0.0
-2.2289195 2.8269978 0.0
0.0 3.0 0.0
0.0 6.0 0.0
0.0 6.0 0.0
4.33401 5.49694 0.0
0.0 6.0 0.0
0.0 9.0 0.0
0.0 9.0 0.0
-6.501015 8.245411 0.0
-6.501015 8.245411 0.0
-9.101042 0.6238582 6.3215866
-6.501015 8.245411 0.0
-9.485504 3.785307 4.025067
-9.485504 3.785307 4.025067
-9.485504 4.1186404 4.025067
-9.485504 3.785307 4.025067
-6.8551416 0.68890905 9.0336895
0.0 9.0 0.0
0.0 12.0 0.0
0.0 12.0 0.0
-7.8012185 9.894493 0.0
0.0 12.0 0.0
0.0 15.0 0.0
0.0 15.0 0.0
10.215881 12.957073 0.0
0.0 15.0 0.0
0.0 18.0 0.0
0.0 18.0 0.0
11.763742 14.920266 0.0
11.763742 14.920266 0.0
11.763742 15.670266 0.0
11.763742 14.920266 0.0
17.111176 6.782291 7.2834544
17.111176 6.782291 7.2834544
6.198262 4.664977 18.338284
17.111176 6.782291 7.2834544
12.1385 0.97648 16.313818
0.0 18.0 0.0
0.0 21.0 0.0
0.0 21.0 0.0
-13.373518 16.961988 0.0
0.0 21.0 0.0
0.0 24.0 0.0
0.0 24.0 0.0
15.478608 19.63193 0.0
0.0 24.0 0.0
0.0 27.0 0.0
