0.0 0.0 0.0
0.0 3.0 0.0
0.0 3.0 0.0
-2.5605578 3.7004788 0.0
0.0 3.0 0.0
0.0 6.0 0.0
0.0 6.0 0.0
3.9830902 5.7563004 0.0
0.0 6.0 0.0
0.0 9.0 0.0
0.0 9.0 0.0
-5.690129 8.223287 0.0
-5.690129 8.223287 0.0
-9.104309 1.2858338 5.325
-5.690129 8.223287 0.0
-9.095973 4.922073 3.2377565
-9.095973 4.922073 3.2377565
-9.095973 5.042073 3.2377565
-9.095973 4.922073 3.2377565
-8.005657 1.6620495 7.838226
0.0 9.0 0.0
0.0 12.0 0.0
0.0 12.0 0.0
-7.1695623 10.361341 0.0
0.0 12.0 0.0
0.0 15.0 0.0
0.0 15.0 0.0
8.876601 12.828327 0.0
0.0 15.0 0.0
0.0 18.0 0.0
0.0 18.0 0.0
10.811245 15.624244 0.0
10.811245 15.624244 0.0
10.811245 15.744244 0.0
10.811245 15.624244 0.0
17.054743 9.023006 6.1517377
17.054743 9.023006 6.1517377
8.645808 2.984801 18.128532
17.054743 9.023006 6.1517377
14.129953 1.9248767 14.763119
0.0 18.0 0.0
0.0 21.0 0.0
0.0 21.0 0.0
-12.290678 17.762299 0.0
0.0 21.0 0.0
0.0 24.0 0.0
0.0 24.0 0.0
14.225322 20.558216 0.0
0.0 24.0 0.0
0.0 27.0 0.0
