0.0 0.0 0.0
0.0 3.0 0.0
0.0 3.0 0.0
-2.9514194 2.06134 0.0
0.0 3.0 0.0
0.0 6.0 0.0
0.0 6.0 0.0
5.410936 3.7791233 0.0
0.0 6.0 0.0
0.0 9.0 0.0
0.0 9.0 0.0
-8.608307 6.012242 0.0
-8.608307 6.012242 0.0
-7.3691473 0.4543836 8.082084
-8.608307 6.012242 0.0
-8.981184 0.26042604 7.0574236
-8.981184 0.26042604 7.0574236
-8.981184 1.010426 7.0574236
-8.981184 0.26042604 7.0574236
-0.66495436 1.2491751 11.404165
0.0 9.0 0.0
0.0 12.0 0.0
0.0 12.0 0.0
-10.657904 7.443728 0.0
0.0 12.0 0.0
0.0 15.0 0.0
0.0 15.0 0.0
12.789485 8.932474 0.0
0.0 15.0 0.0
0.0 18.0 0.0
0.0 18.0 0.0
15.2490015 10.650257 0.0
15.2490015 10.650257 0.0
15.2490015 11.400257 0.0
15.2490015 10.650257 0.0
14.550938 -0.48754454 12.501722
14.550938 -0.48754454 12.501722
5.42042 15.849761 9.35746
14.550938 -0.48754454 12.501722
-0.2679627 2.1518576 19.08784
0.0 18.0 0.0
0.0 21.0 0.0
0.0 21.0 0.0
-17.708517 12.368041 0.0
0.0 21.0 0.0
0.0 24.0 0.0
0.0 24.0 0.0
20.905888 14.601159 0.0
0.0 24.0 0.0
0.0 27.0 0.0
