0.0 0.0 0.0
0.0 3.0 0.0
0.0 3.0 0.0
-2.4743505 2.6148784 0.0
0.0 3.0 0.0
0.0 6.0 0.0
0.0 6.0 0.0
4.5363092 4.793944 0.0
0.0 6.0 0.0
0.0 9.0 0.0
0.0 9.0 0.0
-6.8731956 7.263551 0.0
-6.8731956 7.263551 0.0
-8.022271 0.06350687 6.8627224
-6.8731956 7.263551 0.0
-9.305943 2.570912 4.724082
-9.305943 2.570912 4.724082
-9.305943 2.9042451 4.724082
-9.305943 2.570912 4.724082
-5.0056543 0.17956424 9.8275175
0.0 9.0 0.0
0.0 12.0 0.0
0.0 12.0 0.0
-9.278814 9.805795 0.0
0.0 12.0 0.0
0.0 15.0 0.0
0.0 15.0 0.0
10.722186 11.3311405 0.0
0.0 15.0 0.0
0.0 18.0 0.0
0.0 18.0 0.0
12.784144 13.510206 0.0
12.784144 13.510206 0.0
12.784144 13.630206 0.0
12.784144 13.510206 0.0
17.061619 4.5204086 8.786793
17.061619 4.5204086 8.786793
4.8301864 8.110787 17.520506
17.061619 4.5204086 8.786793
8.134225 -0.6476226 18.109116
0.0 18.0 0.0
0.0 21.0 0.0
0.0 21.0 0.0
-15.121031 15.979813 0.0
0.0 21.0 0.0
0.0 24.0 0.0
0.0 24.0 0.0
16.908062 17.868336 0.0
0.0 24.0 0.0
0.0 27.0 0.0
