0.0 0.0 0.0
0.0 3.0 0.0
0.0 3.0 0.0
-2.670293 2.414443 0.0
0.0 3.0 0.0
0.0 6.0 0.0
0.0 6.0 0.0
5.563111 5.0300894 0.0
0.0 6.0 0.0
0.0 9.0 0.0
0.0 9.0 0.0
-7.120782 6.438515 0.0
-7.120782 6.438515 0.0
-6.59714 0.05283034 7.084816
-7.120782 6.438515 0.0
-9.091376 1.7817843 5.2818265
-9.091376 1.7817843 5.2818265
-9.091376 2.1151175 5.2818265
-9.091376 1.7817843 5.2818265
-3.2285 -0.019307375 10.285919
0.0 9.0 0.0
0.0 12.0 0.0
0.0 12.0 0.0
-9.642725 8.7188225 0.0
0.0 12.0 0.0
0.0 15.0 0.0
0.0 15.0 0.0
12.238844 11.066197 0.0
0.0 15.0 0.0
0.0 18.0 0.0
0.0 18.0 0.0
14.093214 12.742893 0.0
14.093214 12.742893 0.0
14.093214 13.076226 0.0
14.093214 12.742893 0.0
16.53303 2.2060494 10.453614
16.53303 2.2060494 10.453614
4.1517477 11.702764 15.400186
16.53303 2.2060494 10.453614
4.9852667 0.0122823715 19.274359
0.0 18.0 0.0
0.0 21.0 0.0
0.0 21.0 0.0
-16.021759 14.486658 0.0
0.0 21.0 0.0
0.0 24.0 0.0
0.0 24.0 0.0
18.247004 16.498693 0.0
0.0 24.0 0.0
0.0 27.0 0.0
