0.0 0.0 0.0
0.0 3.0 0.0
0.0 3.0 0.0
-2.1514912 3.952352 0.0
0.0 3.0 0.0
0.0 6.0 0.0
0.0 6.0 0.0
3.1555204 5.796783 0.0
0.0 6.0 0.0
0.0 9.0 0.0
0.0 9.0 0.0
-5.020146 9.222155 0.0
-5.020146 9.222155 0.0
-9.854305 3.1244912 4.216154
-5.020146 9.222155 0.0
-8.568661 6.5187263 2.4001777
-8.568661 6.5187263 2.4001777
-8.568661 6.638726 2.4001777
-8.568661 6.5187263 2.4001777
-9.4359 3.993322 6.204832
0.0 9.0 0.0
0.0 12.0 0.0
0.0 12.0 0.0
-6.4544735 11.857056 0.0
0.0 12.0 0.0
0.0 15.0 0.0
0.0 15.0 0.0
7.888801 14.491957 0.0
0.0 15.0 0.0
0.0 18.0 0.0
0.0 18.0 0.0
9.084074 16.687708 0.0
9.084074 16.687708 0.0
9.084074 16.807709 0.0
9.084074 16.687708 0.0
15.272972 11.369185 4.3431787
15.272972 11.369185 4.3431787
12.698546 2.679234 15.184538
15.272972 11.369185 4.3431787
16.11082 5.8823314 11.116764
0.0 18.0 0.0
0.0 21.0 0.0
0.0 21.0 0.0
-10.327158 18.971289 0.0
0.0 21.0 0.0
0.0 24.0 0.0
0.0 24.0 0.0
12.191783 22.396662 0.0
0.0 24.0 0.0
0.0 27.0 0.0
