0.0 0.0 0.0
0.0 3.0 0.0
0.0 3.0 0.0
-2.8422434 2.209446 0.0
0.0 3.0 0.0
0.0 6.0 0.0
0.0 6.0 0.0
5.2107797 4.050651 0.0
0.0 6.0 0.0
0.0 9.0 0.0
0.0 9.0 0.0
-8.289877 6.4442177 0.0
-8.289877 6.4442177 0.0
-7.072501 0.30984974 8.033739
-8.289877 6.4442177 0.0
-9.394609 0.85877466 6.544958
-9.394609 0.85877466 6.544958
-9.394609 0.97877467 6.544958
-9.394609 0.85877466 6.544958
-1.5190268 0.42279598 11.434028
0.0 9.0 0.0
0.0 12.0 0.0
0.0 12.0 0.0
-10.658413 8.285422 0.0
0.0 12.0 0.0
0.0 15.0 0.0
0.0 15.0 0.0
12.316389 9.574266 0.0
0.0 15.0 0.0
0.0 18.0 0.0
0.0 18.0 0.0
15.00073 11.660965 0.0
15.00073 11.660965 0.0
15.00073 12.410965 0.0
15.00073 11.660965 0.0
16.041077 0.808723 11.843258
16.041077 0.808723 11.843258
4.706958 14.728049 12.624203
16.041077 0.808723 11.843258
2.126303 1.0264708 19.933247
0.0 18.0 0.0
0.0 21.0 0.0
0.0 21.0 0.0
-17.764023 13.809038 0.0
0.0 21.0 0.0
0.0 24.0 0.0
0.0 24.0 0.0
19.737803 15.343375 0.0
0.0 24.0 0.0
0.0 27.0 0.0
