0.0 0.0 0.0
0.0 3.0 0.0
0.0 3.0 0.0
-2.9629376 2.0447495 0.0
0.0 3.0 0.0
0.0 6.0 0.0
0.0 6.0 0.0
6.1727867 4.2598953 0.0
0.0 6.0 0.0
0.0 9.0 0.0
0.0 9.0 0.0
-8.230382 5.67986 0.0
-8.230382 5.67986 0.0
-6.4585404 0.6723585 7.6949825
-8.230382 5.67986 0.0
-8.564487 0.23056912 6.773919
-8.564487 0.23056912 6.773919
-8.564487 0.9805691 6.773919
-8.564487 0.23056912 6.773919
-0.2799309 1.0566728 10.896392
0.0 9.0 0.0
0.0 12.0 0.0
0.0 12.0 0.0
-10.699497 7.383818 0.0
0.0 12.0 0.0
0.0 15.0 0.0
0.0 15.0 0.0
13.168612 9.087776 0.0
0.0 15.0 0.0
0.0 18.0 0.0
0.0 18.0 0.0
15.308511 10.56454 0.0
15.308511 10.56454 0.0
15.308511 10.897873 0.0
15.308511 10.56454 0.0
14.868227 -0.3038435 12.599489
14.868227 -0.3038435 12.599489
6.467927 15.787142 9.430931
14.868227 -0.3038435 12.599489
-0.5203621 1.9796867 19.393452
0.0 18.0 0.0
0.0 21.0 0.0
0.0 21.0 0.0
-18.10684 12.495692 0.0
0.0 21.0 0.0
0.0 24.0 0.0
0.0 24.0 0.0
20.24674 13.972456 0.0
0.0 24.0 0.0
0.0 27.0 0.0
