0.0 0.0 0.0
0.0 3.0 0.0
0.0 3.0 0.0
-3.372114 2.1514757 0.0
0.0 3.0 0.0
0.0 6.0 0.0
0.0 6.0 0.0
5.5639877 3.5499349 0.0
0.0 6.0 0.0
0.0 9.0 0.0
0.0 9.0 0.0
-8.4302845 5.3786893 0.0
-8.4302845 5.3786893 0.0
-6.6770964 0.8146446 7.6452365
-8.4302845 5.3786893 0.0
-7.4791117 -0.6068671 7.10697
-7.4791117 -0.6068671 7.10697
-7.4791117 -0.27353373 7.10697
-7.4791117 -0.6068671 7.10697
1.0646358 1.6558889 10.127723
0.0 9.0 0.0
0.0 12.0 0.0
0.0 12.0 0.0
-10.622159 6.7771487 0.0
0.0 12.0 0.0
0.0 15.0 0.0
0.0 15.0 0.0
13.90997 8.874837 0.0
0.0 15.0 0.0
0.0 18.0 0.0
0.0 18.0 0.0
16.439056 10.488444 0.0
16.439056 10.488444 0.0
16.439056 10.608444 0.0
16.439056 10.488444 0.0
14.862468 -1.0058947 13.858593
14.862468 -1.0058947 13.858593
7.3253427 17.36083 7.6385107
14.862468 -1.0058947 13.858593
-1.5677228 3.3758047 19.98359
0.0 18.0 0.0
0.0 21.0 0.0
0.0 21.0 0.0
-18.968142 12.102051 0.0
0.0 21.0 0.0
0.0 24.0 0.0
0.0 24.0 0.0
21.075712 13.446723 0.0
0.0 24.0 0.0
0.0 27.0 0.0
