0.0 0.0 0.0
0.0 3.0 0.0
0.0 3.0 0.0
-2.4201932 3.184755 0.0
0.0 3.0 0.0
0.0 6.0 0.0
0.0 6.0 0.0
3.9933188 5.2548456 0.0
0.0 6.0 0.0
0.0 9.0 0.0
0.0 9.0 0.0
-6.3530073 8.3599825 0.0
-6.3530073 8.3599825 0.0
-9.2328825 0.80057466 6.1209025
-6.3530073 8.3599825 0.0
-9.993042 4.789956 3.8438764
-9.993042 4.789956 3.8438764
-9.993042 4.909956 3.8438764
-9.993042 4.789956 3.8438764
-8.288761 1.601197 9.106725
0.0 9.0 0.0
0.0 12.0 0.0
0.0 12.0 0.0
-8.168152 10.7485485 0.0
0.0 12.0 0.0
0.0 15.0 0.0
0.0 15.0 0.0
9.983297 13.137115 0.0
0.0 15.0 0.0
0.0 18.0 0.0
0.0 18.0 0.0
11.798442 15.5256815 0.0
11.798442 15.5256815 0.0
11.798442 15.8590145 0.0
11.798442 15.5256815 0.0
17.236044 7.1553917 7.138627
17.236044 7.1553917 7.138627
6.6094394 4.184544 18.518291
17.236044 7.1553917 7.138627
12.179691 0.48492336 16.112335
0.0 18.0 0.0
0.0 21.0 0.0
0.0 21.0 0.0
-13.613586 17.914248 0.0
0.0 21.0 0.0
0.0 24.0 0.0
0.0 24.0 0.0
15.126207 19.904718 0.0
0.0 24.0 0.0
0.0 27.0 0.0
