0.0 0.0 0.0
0.0 3.0 0.0
0.0 3.0 0.0
-2.097623 2.9257438 0.0
0.0 3.0 0.0
0.0 6.0 0.0
0.0 6.0 0.0
4.370048 6.0952997 0.0
0.0 6.0 0.0
0.0 9.0 0.0
0.0 9.0 0.0
-6.1180673 8.53342 0.0
-6.1180673 8.53342 0.0
-8.825869 0.91772354 5.794327
-6.1180673 8.53342 0.0
-9.595802 4.85071 3.5648332
-9.595802 4.85071 3.5648332
-9.595802 4.97071 3.5648332
-9.595802 4.85071 3.5648332
-8.058904 1.4211817 8.4883795
0.0 9.0 0.0
0.0 12.0 0.0
0.0 12.0 0.0
-7.341681 10.240104 0.0
0.0 12.0 0.0
0.0 15.0 0.0
0.0 15.0 0.0
9.0897 12.678224 0.0
0.0 15.0 0.0
0.0 18.0 0.0
0.0 18.0 0.0
11.362125 15.847779 0.0
11.362125 15.847779 0.0
11.362125 16.181112 0.0
11.362125 15.847779 0.0
17.32134 8.311855 6.6204047
17.32134 8.311855 6.6204047
7.7577147 3.3791177 18.52982
17.32134 8.311855 6.6204047
13.498265 1.2880173 15.473125
0.0 18.0 0.0
0.0 21.0 0.0
0.0 21.0 0.0
-12.585738 17.554464 0.0
0.0 21.0 0.0
0.0 24.0 0.0
0.0 24.0 0.0
14.566827 20.317667 0.0
0.0 24.0 0.0
0.0 27.0 0.0
