0.0 0.0 0.0
0.0 3.0 0.0
0.0 3.0 0.0
-2.5040016 3.7389805 0.0
0.0 3.0 0.0
0.0 6.0 0.0
0.0 6.0 0.0
3.8951137 5.816192 0.0
0.0 6.0 0.0
0.0 9.0 0.0
0.0 9.0 0.0
-5.3418703 7.9764924 0.0
-5.3418703 7.9764924 0.0
-8.261054 1.201974 4.939536
-5.3418703 7.9764924 0.0
-8.961007 5.4041033 2.972456
-8.961007 5.4041033 2.972456
-8.961007 5.524103 2.972456
-8.961007 5.4041033 2.972456
-8.653866 2.5138326 7.4560738
0.0 9.0 0.0
0.0 12.0 0.0
0.0 12.0 0.0
-7.233783 10.801499 0.0
0.0 12.0 0.0
0.0 15.0 0.0
0.0 15.0 0.0
8.903117 13.294153 0.0
0.0 15.0 0.0
0.0 18.0 0.0
0.0 18.0 0.0
10.349874 15.454453 0.0
10.349874 15.454453 0.0
10.349874 16.204453 0.0
10.349874 15.454453 0.0
16.30123 8.886576 5.7591333
16.30123 8.886576 5.7591333
8.860971 2.6956062 17.26619
16.30123 8.886576 5.7591333
13.869936 2.1287217 13.855909
0.0 18.0 0.0
0.0 21.0 0.0
0.0 21.0 0.0
-12.019208 17.947107 0.0
0.0 21.0 0.0
0.0 24.0 0.0
0.0 24.0 0.0
13.688543 20.43976 0.0
0.0 24.0 0.0
0.0 27.0 0.0
