0.0 0.0 0.0
0.0 3.0 0.0
0.0 3.0 0.0
-3.1731217 2.435426 0.0
0.0 3.0 0.0
0.0 6.0 0.0
0.0 6.0 0.0
5.949603 4.566424 0.0
0.0 6.0 0.0
0.0 9.0 0.0
0.0 9.0 0.0
-8.329445 6.3929935 0.0
-8.329445 6.3929935 0.0
-7.457014 0.23354292 8.046143
-8.329445 6.3929935 0.0
-8.952495 0.47820044 6.6075854
-8.952495 0.47820044 6.6075854
-8.952495 0.8115338 6.6075854
-8.952495 0.47820044 6.6075854
-0.9826372 0.49058133 11.12491
0.0 9.0 0.0
0.0 12.0 0.0
0.0 12.0 0.0
-10.312646 7.9151344 0.0
0.0 12.0 0.0
0.0 15.0 0.0
0.0 15.0 0.0
12.3751745 9.498161 0.0
0.0 15.0 0.0
0.0 18.0 0.0
0.0 18.0 0.0
15.468968 11.872702 0.0
15.468968 11.872702 0.0
15.468968 12.206035 0.0
15.468968 11.872702 0.0
15.628793 0.12266779 12.27123
15.628793 0.12266779 12.27123
4.9533057 15.128975 11.924036
15.628793 0.12266779 12.27123
1.1539916 1.1615692 19.869432
0.0 18.0 0.0
0.0 21.0 0.0
0.0 21.0 0.0
-17.45217 13.394843 0.0
0.0 21.0 0.0
0.0 24.0 0.0
0.0 24.0 0.0
20.228651 15.525841 0.0
0.0 24.0 0.0
0.0 27.0 0.0
