0.0 0.0 0.0
0.0 3.0 0.0
0.0 3.0 0.0
-2.820484 2.836348 0.0
0.0 3.0 0.0
0.0 6.0 0.0
0.0 6.0 0.0
4.6537986 4.679974 0.0
0.0 6.0 0.0
0.0 9.0 0.0
0.0 9.0 0.0
-6.7691617 6.8072357 0.0
-6.7691617 6.8072357 0.0
-7.14067 0.0020837598 6.7690554
-6.7691617 6.8072357 0.0
-8.626562 1.867847 4.773078
-8.626562 1.867847 4.773078
-8.626562 2.617847 4.773078
-8.626562 1.867847 4.773078
-3.6911027 -0.19014168 9.467298
0.0 9.0 0.0
0.0 12.0 0.0
0.0 12.0 0.0
-9.166573 9.218131 0.0
0.0 12.0 0.0
0.0 15.0 0.0
0.0 15.0 0.0
10.999887 11.061758 0.0
0.0 15.0 0.0
0.0 18.0 0.0
0.0 18.0 0.0
13.115251 13.189019 0.0
13.115251 13.189019 0.0
13.115251 13.522352 0.0
13.115251 13.189019 0.0
16.317333 3.2200923 9.247838
16.317333 3.2200923 9.247838
3.2886841 9.174761 16.368946
16.317333 3.2200923 9.247838
6.9088163 -0.21359754 18.063217
0.0 18.0 0.0
0.0 21.0 0.0
0.0 21.0 0.0
-15.230614 15.316279 0.0
0.0 21.0 0.0
0.0 24.0 0.0
0.0 24.0 0.0
17.345976 17.44354 0.0
0.0 24.0 0.0
0.0 27.0 0.0
