0.0 0.0 0.0
0.0 3.0 0.0
0.0 3.0 0.0
-2.5530205 2.5381265 0.0
0.0 3.0 0.0
0.0 6.0 0.0
0.0 6.0 0.0
5.318793 5.2877636 0.0
0.0 6.0 0.0
0.0 9.0 0.0
0.0 9.0 0.0
-6.808055 6.7683377 0.0
-6.808055 6.7683377 0.0
-6.888453 -4.7041103E-4 6.8079386
-6.808055 6.7683377 0.0
-8.609532 1.790968 4.8280845
-8.609532 1.790968 4.8280845
-8.609532 2.1243012 4.8280845
-8.609532 1.790968 4.8280845
-3.5611873 -0.19080973 9.509611
0.0 9.0 0.0
0.0 12.0 0.0
0.0 12.0 0.0
-9.219241 9.165457 0.0
0.0 12.0 0.0
0.0 15.0 0.0
0.0 15.0 0.0
11.063089 10.9985485 0.0
0.0 15.0 0.0
0.0 18.0 0.0
0.0 18.0 0.0
13.190606 13.113654 0.0
13.190606 13.113654 0.0
13.190606 13.233654 0.0
13.190606 13.113654 0.0
16.920315 3.7079496 9.354413
16.920315 3.7079496 9.354413
4.0965242 9.429444 16.865294
16.920315 3.7079496 9.354413
6.7886105 -0.7181847 18.59461
0.0 18.0 0.0
0.0 21.0 0.0
0.0 21.0 0.0
-15.318124 15.22876 0.0
0.0 21.0 0.0
0.0 24.0 0.0
0.0 24.0 0.0
17.44564 17.343864 0.0
0.0 24.0 0.0
0.0 27.0 0.0
