0.0 0.0 0.0
0.0 3.0 0.0
0.0 3.0 0.0
-1.5904917 3.229603 0.0
0.0 3.0 0.0
0.0 6.0 0.0
0.0 6.0 0.0
3.3135242 6.7283397 0.0
0.0 6.0 0.0
0.0 9.0 0.0
0.0 9.0 0.0
-4.4180326 8.97112 0.0
-4.4180326 8.97112 0.0
-9.017485 3.5372 3.502148
-4.4180326 8.97112 0.0
-7.960949 7.1941366 1.9519012
-7.960949 7.1941366 1.9519012
-7.960949 7.3141365 1.9519012
-7.960949 7.1941366 1.9519012
-9.253616 4.5767517 5.2682467
0.0 9.0 0.0
0.0 12.0 0.0
0.0 12.0 0.0
-5.743442 11.662456 0.0
0.0 12.0 0.0
0.0 15.0 0.0
0.0 15.0 0.0
7.2897534 14.802347 0.0
0.0 15.0 0.0
0.0 18.0 0.0
0.0 18.0 0.0
8.217541 16.686283 0.0
8.217541 16.686283 0.0
8.217541 16.806284 0.0
8.217541 16.686283 0.0
14.648316 13.058135 3.630536
14.648316 13.058135 3.630536
14.135647 3.2362685 13.824879
14.648316 13.058135 3.630536
16.78199 7.9631057 9.728671
0.0 18.0 0.0
0.0 21.0 0.0
0.0 21.0 0.0
-9.719671 19.736464 0.0
0.0 21.0 0.0
0.0 24.0 0.0
0.0 24.0 0.0
11.045081 22.4278 0.0
0.0 24.0 0.0
0.0 27.0 0.0
