0.0 0.0 0.0
0.0 3.0 0.0
0.0 3.0 0.0
-2.433158 2.6532512 0.0
0.0 3.0 0.0
0.0 6.0 0.0
0.0 6.0 0.0
4.7311406 5.1590996 0.0
0.0 6.0 0.0
0.0 9.0 0.0
0.0 9.0 0.0
-7.0967107 7.7386494 0.0
-7.0967107 7.7386494 0.0
-7.882228 0.068107426 7.070185
-7.0967107 7.7386494 0.0
-9.761116 2.9054165 4.796505
-9.761116 2.9054165 4.796505
-9.761116 3.0254164 4.796505
-9.761116 2.9054165 4.796505
-5.552434 0.20712352 10.132408
0.0 9.0 0.0
0.0 12.0 0.0
0.0 12.0 0.0
-8.516053 9.28638 0.0
0.0 12.0 0.0
0.0 15.0 0.0
0.0 15.0 0.0
11.151974 12.160735 0.0
0.0 15.0 0.0
0.0 18.0 0.0
0.0 18.0 0.0
12.571317 13.708465 0.0
12.571317 13.708465 0.0
12.571317 13.8284645 0.0
12.571317 13.708465 0.0
16.76973 4.5781837 8.496667
16.76973 4.5781837 8.496667
4.074552 7.395944 17.44099
16.76973 4.5781837 8.496667
8.376512 -0.6557667 17.596443
0.0 18.0 0.0
0.0 21.0 0.0
0.0 21.0 0.0
-14.869299 16.214314 0.0
0.0 21.0 0.0
0.0 24.0 0.0
0.0 24.0 0.0
16.89693 18.425356 0.0
0.0 24.0 0.0
0.0 27.0 0.0
