0.0 0.0 0.0
0.0 3.0 0.0
0.0 3.0 0.0
-3.0882783 3.2730012 0.0
0.0 3.0 0.0
0.0 6.0 0.0
0.0 6.0 0.0
4.5294747 4.8004017 0.0
0.0 6.0 0.0
0.0 9.0 0.0
0.0 9.0 0.0
-7.2059827 7.637003 0.0
-7.2059827 7.637003 0.0
-7.9811707 0.045058817 7.19384
-7.2059827 7.637003 0.0
-10.082646 3.0487294 4.945351
-10.082646 3.0487294 4.945351
-10.082646 3.7987294 4.945351
-10.082646 3.0487294 4.945351
-5.9870744 0.60480595 10.5164795
0.0 9.0 0.0
0.0 12.0 0.0
0.0 12.0 0.0
-9.264835 9.819004 0.0
0.0 12.0 0.0
0.0 15.0 0.0
0.0 15.0 0.0
11.323687 12.001004 0.0
0.0 15.0 0.0
0.0 18.0 0.0
0.0 18.0 0.0
13.039397 13.819339 0.0
13.039397 13.819339 0.0
13.039397 14.569339 0.0
13.039397 13.819339 0.0
16.793789 3.9789577 8.94873
16.793789 3.9789577 8.94873
3.6301951 8.1835785 17.28477
16.793789 3.9789577 8.94873
7.5597925 -0.83759046 18.034021
0.0 18.0 0.0
0.0 21.0 0.0
0.0 21.0 0.0
-14.823736 15.710406 0.0
0.0 21.0 0.0
0.0 24.0 0.0
0.0 24.0 0.0
17.500244 18.547007 0.0
0.0 24.0 0.0
0.0 27.0 0.0
