0.0 0.0 0.0
0.0 3.0 0.0
0.0 3.0 0.0
-2.6777484 2.971475 0.0
0.0 3.0 0.0
0.0 6.0 0.0
0.0 6.0 0.0
4.418285 4.9029336 0.0
0.0 6.0 0.0
0.0 9.0 0.0
0.0 9.0 0.0
-6.4265966 7.13154 0.0
-6.4265966 7.13154 0.0
-7.908161 0.1544829 6.391943
-6.4265966 7.13154 0.0
-9.324816 3.2161298 4.302202
-9.324816 3.2161298 4.302202
-9.324816 3.549463 4.302202
-9.324816 3.2161298 4.302202
-5.5610933 0.12563133 9.438349
0.0 9.0 0.0
0.0 12.0 0.0
0.0 12.0 0.0
-9.037401 10.028728 0.0
0.0 12.0 0.0
0.0 15.0 0.0
0.0 15.0 0.0
11.045712 12.257334 0.0
0.0 15.0 0.0
0.0 18.0 0.0
0.0 18.0 0.0
13.054024 14.48594 0.0
13.054024 14.48594 0.0
13.054024 14.819273 0.0
13.054024 14.48594 0.0
17.570778 5.012204 8.738848
17.570778 5.012204 8.738848
5.0187125 7.4300423 18.38232
17.570778 5.012204 8.738848
9.107657 -0.65260506 18.254347
0.0 18.0 0.0
0.0 21.0 0.0
0.0 21.0 0.0
-15.062335 16.714546 0.0
0.0 21.0 0.0
0.0 24.0 0.0
0.0 24.0 0.0
17.070646 18.943151 0.0
0.0 24.0 0.0
0.0 27.0 0.0
