0.0 0.0 0.0
0.0 3.0 0.0
0.0 3.0 0.0
-1.0599204 3.8570156 0.0
0.0 3.0 0.0
0.0 6.0 0.0
0.0 6.0 0.0
1.9873508 7.231904 0.0
0.0 6.0 0.0
0.0 9.0 0.0
0.0 9.0 0.0
-2.649801 9.642539 0.0
-2.649801 9.642539 0.0
-6.946654 7.2276583 1.3540912
-2.649801 9.642539 0.0
-5.177816 9.199363 0.70214456
-5.177816 9.199363 0.70214456
-5.177816 9.319363 0.70214456
-5.177816 9.199363 0.70214456
-7.3374834 8.561102 2.049064
0.0 9.0 0.0
0.0 12.0 0.0
0.0 12.0 0.0
-3.5772314 13.017427 0.0
0.0 12.0 0.0
0.0 15.0 0.0
0.0 15.0 0.0
4.372172 15.91019 0.0
0.0 15.0 0.0
0.0 18.0 0.0
0.0 18.0 0.0
4.92863 17.935123 0.0
4.92863 17.935123 0.0
4.92863 18.685123 0.0
4.92863 17.935123 0.0
9.494008 16.613262 1.3059889
9.494008 16.613262 1.3059889
15.1010895 10.737558 5.974182
9.494008 16.613262 1.3059889
13.160866 14.649559 3.7750282
0.0 18.0 0.0
0.0 21.0 0.0
0.0 21.0 0.0
-5.829562 21.213585 0.0
0.0 21.0 0.0
0.0 24.0 0.0
0.0 24.0 0.0
6.6245027 24.106348 0.0
0.0 24.0 0.0
0.0 27.0 0.0
