0.0 0.0 0.0
0.0 3.0 0.0
0.0 3.0 0.0
-3.4685616 2.8668938 0.0
0.0 3.0 0.0
0.0 6.0 0.0
0.0 6.0 0.0
5.0872235 4.2047777 0.0
0.0 6.0 0.0
0.0 9.0 0.0
0.0 9.0 0.0
-7.3995986 6.1160407 0.0
-7.3995986 6.1160407 0.0
-6.5962768 0.15396881 7.267318
-7.3995986 6.1160407 0.0
-8.488337 0.89988184 5.7035475
-8.488337 0.89988184 5.7035475
-8.488337 1.2332152 5.7035475
-8.488337 0.89988184 5.7035475
-1.8005532 0.17584836 10.176396
0.0 9.0 0.0
0.0 12.0 0.0
0.0 12.0 0.0
-9.711973 8.027303 0.0
0.0 12.0 0.0
0.0 15.0 0.0
0.0 15.0 0.0
12.332664 10.1934 0.0
0.0 15.0 0.0
0.0 18.0 0.0
0.0 18.0 0.0
15.030434 12.423206 0.0
15.030434 12.423206 0.0
15.030434 12.756539 0.0
15.030434 12.423206 0.0
16.832449 1.4894319 11.58533
16.832449 1.4894319 11.58533
4.318925 13.983739 14.350729
16.832449 1.4894319 11.58533
3.061685 0.20328629 20.355177
0.0 18.0 0.0
0.0 21.0 0.0
0.0 21.0 0.0
-16.649096 13.761091 0.0
0.0 21.0 0.0
0.0 24.0 0.0
0.0 24.0 0.0
18.96147 15.672354 0.0
0.0 24.0 0.0
0.0 27.0 0.0
