0.0 0.0 0.0
0.0 3.0 0.0
0.0 3.0 0.0
-1.8873227 3.5267568 0.0
0.0 3.0 0.0
0.0 6.0 0.0
0.0 6.0 0.0
3.53873 6.612669 0.0
0.0 6.0 0.0
0.0 9.0 0.0
0.0 9.0 0.0
-4.5295744 8.464216 0.0
-4.5295744 8.464216 0.0
-9.0603485 3.020921 3.7686784
-4.5295744 8.464216 0.0
-8.222605 6.901003 2.137192
-8.222605 6.901003 2.137192
-8.222605 7.021003 2.137192
-8.222605 6.901003 2.137192
-9.230901 4.0213504 5.764016
0.0 9.0 0.0
0.0 12.0 0.0
0.0 12.0 0.0
-5.9450665 11.109284 0.0
0.0 12.0 0.0
0.0 15.0 0.0
0.0 15.0 0.0
7.3605585 13.754352 0.0
0.0 15.0 0.0
0.0 18.0 0.0
0.0 18.0 0.0
8.776051 16.39942 0.0
8.776051 16.39942 0.0
8.776051 17.14942 0.0
8.776051 16.39942 0.0
15.267786 12.130817 4.14081
15.267786 12.130817 4.14081
12.980286 2.6156054 15.000163
15.267786 12.130817 4.14081
16.152988 5.794948 10.854717
0.0 18.0 0.0
0.0 21.0 0.0
0.0 21.0 0.0
-10.61619 19.838007 0.0
0.0 21.0 0.0
0.0 24.0 0.0
0.0 24.0 0.0
11.607035 21.689554 0.0
0.0 24.0 0.0
0.0 27.0 0.0
