0.0 0.0 0.0
0.0 3.0 0.0
0.0 3.0 0.0
-2.5763352 2.5144575 0.0
0.0 3.0 0.0
0.0 6.0 0.0
0.0 6.0 0.0
5.3673654 5.238453 0.0
0.0 6.0 0.0
0.0 9.0 0.0
0.0 9.0 0.0
-6.870228 6.70522 0.0
-6.870228 6.70522 0.0
-6.8272624 0.0010446161 6.868198
-6.870228 6.70522 0.0
-9.223675 2.2969224 4.91667
-9.223675 2.2969224 4.91667
-9.223675 2.6302557 4.91667
-9.223675 2.2969224 4.91667
-4.7593956 0.55961275 10.03501
0.0 9.0 0.0
0.0 12.0 0.0
0.0 12.0 0.0
-9.661258 9.429215 0.0
0.0 12.0 0.0
0.0 15.0 0.0
0.0 15.0 0.0
11.450379 11.175366 0.0
0.0 15.0 0.0
0.0 18.0 0.0
0.0 18.0 0.0
13.95515 13.619978 0.0
13.95515 13.619978 0.0
13.95515 13.739978 0.0
13.95515 13.619978 0.0
17.270744 3.2359624 9.986985
17.270744 3.2359624 9.986985
4.237661 10.303863 17.022898
17.270744 3.2359624 9.986985
6.4649234 -0.559304 19.3353
0.0 18.0 0.0
0.0 21.0 0.0
0.0 21.0 0.0
-15.458013 15.086745 0.0
0.0 21.0 0.0
0.0 24.0 0.0
0.0 24.0 0.0
18.249043 17.81074 0.0
0.0 24.0 0.0
0.0 27.0 0.0
