0.0 0.0 0.0
0.0 3.0 0.0
0.0 3.0 0.0
-2.8451414 3.4864264 0.0
0.0 3.0 0.0
0.0 6.0 0.0
0.0 6.0 0.0
4.4257755 5.4233303 0.0
0.0 6.0 0.0
0.0 9.0 0.0
0.0 9.0 0.0
-6.3225365 7.7476144 0.0
-6.3225365 7.7476144 0.0
-8.579234 0.46187186 6.194135
-6.3225365 7.7476144 0.0
-9.072946 3.370342 3.9974468
-9.072946 3.370342 3.9974468
-9.072946 3.7036753 3.9974468
-9.072946 3.370342 3.9974468
-6.2511163 0.5395868 8.83347
0.0 9.0 0.0
0.0 12.0 0.0
0.0 12.0 0.0
-8.219297 10.071898 0.0
0.0 12.0 0.0
0.0 15.0 0.0
0.0 15.0 0.0
10.432185 12.783564 0.0
0.0 15.0 0.0
0.0 18.0 0.0
0.0 18.0 0.0
12.328946 15.107848 0.0
12.328946 15.107848 0.0
12.328946 15.857848 0.0
12.328946 15.107848 0.0
17.584763 6.4404583 7.795021
17.584763 6.4404583 7.795021
6.220175 5.469064 18.790627
17.584763 6.4404583 7.795021
11.441246 0.26677752 17.157312
0.0 18.0 0.0
0.0 21.0 0.0
0.0 21.0 0.0
-14.225707 17.432133 0.0
0.0 21.0 0.0
0.0 24.0 0.0
0.0 24.0 0.0
15.55344 19.059132 0.0
0.0 24.0 0.0
0.0 27.0 0.0
