0.0 0.0 0.0
0.0 3.0 0.0
0.0 3.0 0.0
-3.2732635 2.299075 0.0
0.0 3.0 0.0
0.0 6.0 0.0
0.0 6.0 0.0
6.137369 4.3107653 0.0
0.0 6.0 0.0
0.0 9.0 0.0
0.0 9.0 0.0
-8.183159 5.7476873 0.0
-8.183159 5.7476873 0.0
-6.662305 0.5485344 7.697773
-8.183159 5.7476873 0.0
-8.634279 0.31685734 6.6964087
-8.634279 0.31685734 6.6964087
-8.634279 1.0668573 6.6964087
-8.634279 0.31685734 6.6964087
-0.45308694 0.9501023 10.9144535
0.0 9.0 0.0
0.0 12.0 0.0
0.0 12.0 0.0
-11.047264 7.759378 0.0
0.0 12.0 0.0
0.0 15.0 0.0
0.0 15.0 0.0
12.765728 8.9663925 0.0
0.0 15.0 0.0
0.0 18.0 0.0
0.0 18.0 0.0
15.220675 10.690699 0.0
15.220675 10.690699 0.0
15.220675 11.440699 0.0
15.220675 10.690699 0.0
14.594973 -0.4394803 12.45532
14.594973 -0.4394803 12.45532
5.947365 15.5743 9.503406
14.594973 -0.4394803 12.45532
-0.16884309 2.0855112 19.102226
0.0 18.0 0.0
0.0 21.0 0.0
0.0 21.0 0.0
-17.675623 12.415005 0.0
0.0 21.0 0.0
0.0 24.0 0.0
0.0 24.0 0.0
20.457897 14.369218 0.0
0.0 24.0 0.0
0.0 27.0 0.0
