0.0 0.0 0.0
0.0 3.0 0.0
0.0 3.0 0.0
-2.0426042 3.4391522 0.0
0.0 3.0 0.0
0.0 6.0 0.0
0.0 6.0 0.0
3.370297 5.674601 0.0
0.0 6.0 0.0
0.0 9.0 0.0
0.0 9.0 0.0
-5.361836 9.027775 0.0
-5.361836 9.027775 0.0
-9.260201 2.1241856 4.708246
-5.361836 9.027775 0.0
-9.084353 6.267638 2.738027
-9.084353 6.267638 2.738027
-9.084353 7.017638 2.738027
-9.084353 6.267638 2.738027
-9.224568 2.9741082 6.9930577
0.0 9.0 0.0
0.0 12.0 0.0
0.0 12.0 0.0
-6.8937893 11.607139 0.0
0.0 12.0 0.0
0.0 15.0 0.0
0.0 15.0 0.0
7.9661565 13.412694 0.0
0.0 15.0 0.0
0.0 18.0 0.0
0.0 18.0 0.0
9.70237 16.335974 0.0
9.70237 16.335974 0.0
9.70237 16.455975 0.0
9.70237 16.335974 0.0
15.820709 10.301506 4.9545255
15.820709 10.301506 4.9545255
10.691437 2.1596286 16.262815
15.820709 10.301506 4.9545255
15.546389 4.4926496 12.338704
0.0 18.0 0.0
0.0 21.0 0.0
0.0 21.0 0.0
-11.030063 18.571423 0.0
0.0 21.0 0.0
0.0 24.0 0.0
0.0 24.0 0.0
12.5620165 21.150787 0.0
0.0 24.0 0.0
0.0 27.0 0.0
