0.0 0.0 0.0
0.0 3.0 0.0
0.0 3.0 0.0
-3.0735064 1.8744489 0.0
0.0 3.0 0.0
0.0 6.0 0.0
0.0 6.0 0.0
6.403138 3.9051018 0.0
0.0 6.0 0.0
0.0 9.0 0.0
0.0 9.0 0.0
-8.196017 4.9985304 0.0
-8.196017 4.9985304 0.0
-6.828417 0.7041857 7.2867785
-8.196017 4.9985304 0.0
-7.343261 -0.52007294 6.9973645
-7.343261 -0.52007294 6.9973645
-7.343261 -0.40007293 6.9973645
-7.343261 -0.52007294 6.9973645
1.0514961 1.877628 9.912711
0.0 9.0 0.0
0.0 12.0 0.0
0.0 12.0 0.0
-11.525649 7.0291834 0.0
0.0 12.0 0.0
0.0 15.0 0.0
0.0 15.0 0.0
14.086905 8.591224 0.0
0.0 15.0 0.0
0.0 18.0 0.0
0.0 18.0 0.0
16.648159 10.153265 0.0
16.648159 10.153265 0.0
16.648159 10.486598 0.0
16.648159 10.153265 0.0
14.035567 -1.5933495 14.213395
14.035567 -1.5933495 14.213395
7.605987 17.524023 5.9718423
14.035567 -1.5933495 14.213395
-3.0197244 3.8118317 19.383524
0.0 18.0 0.0
0.0 21.0 0.0
0.0 21.0 0.0
-19.209415 11.715305 0.0
0.0 21.0 0.0
0.0 24.0 0.0
0.0 24.0 0.0
21.002295 12.808734 0.0
0.0 24.0 0.0
0.0 27.0 0.0
