0.0 0.0 0.0
0.0 3.0 0.0
0.0 3.0 0.0
-2.0362494 3.4429185 0.0
0.0 3.0 0.0
0.0 6.0 0.0
0.0 6.0 0.0
3.5634365 6.0251074 0.0
0.0 6.0 0.0
0.0 9.0 0.0
0.0 9.0 0.0
-5.345155 9.037662 0.0
-5.345155 9.037662 0.0
-9.817541 2.4584327 4.6841197
-5.345155 9.037662 0.0
-9.069783 6.2976522 2.7210171
-9.069783 6.2976522 2.7210171
-9.069783 6.417652 2.7210171
-9.069783 6.2976522 2.7210171
-9.496635 3.442745 6.959145
0.0 9.0 0.0
0.0 12.0 0.0
0.0 12.0 0.0
-6.8723416 11.61985 0.0
0.0 12.0 0.0
0.0 15.0 0.0
0.0 15.0 0.0
8.144998 13.771674 0.0
0.0 15.0 0.0
0.0 18.0 0.0
0.0 18.0 0.0
9.46856 16.009571 0.0
9.46856 16.009571 0.0
9.46856 16.129572 0.0
9.46856 16.009571 0.0
15.470141 10.147558 4.8200874
15.470141 10.147558 4.8200874
10.552807 2.1170707 15.87884
15.470141 10.147558 4.8200874
14.820324 3.721366 12.024059
0.0 18.0 0.0
0.0 21.0 0.0
0.0 21.0 0.0
-11.453903 19.366417 0.0
0.0 21.0 0.0
0.0 24.0 0.0
0.0 24.0 0.0
12.522934 21.17395 0.0
0.0 24.0 0.0
0.0 27.0 0.0
