0.0 0.0 0.0
0.0 3.0 0.0
0.0 3.0 0.0
-3.8411603 2.3442454 0.0
0.0 3.0 0.0
0.0 6.0 0.0
0.0 6.0 0.0
5.633702 3.4382265 0.0
0.0 6.0 0.0
0.0 9.0 0.0
0.0 9.0 0.0
-8.535912 5.209434 0.0
-8.535912 5.209434 0.0
-6.7139926 0.9366965 7.5913744
-8.535912 5.209434 0.0
-7.6168113 -0.56092334 7.286179
-7.6168113 -0.56092334 7.286179
-7.6168113 0.18907666 7.286179
-7.6168113 -0.56092334 7.286179
1.1395438 1.9422096 10.29733
0.0 9.0 0.0
0.0 12.0 0.0
0.0 12.0 0.0
-11.523481 7.032736 0.0
0.0 12.0 0.0
0.0 15.0 0.0
0.0 15.0 0.0
13.316023 8.126718 0.0
0.0 15.0 0.0
0.0 18.0 0.0
0.0 18.0 0.0
16.64503 10.158397 0.0
16.64503 10.158397 0.0
16.64503 10.49173 0.0
16.64503 10.158397 0.0
13.700435 -1.7970738 14.208051
13.700435 -1.7970738 14.208051
7.710637 17.287563 5.687989
13.700435 -1.7970738 14.208051
-2.8534598 4.1052723 19.09616
0.0 18.0 0.0
0.0 21.0 0.0
0.0 21.0 0.0
-18.779007 11.460754 0.0
0.0 21.0 0.0
0.0 24.0 0.0
0.0 24.0 0.0
20.998344 12.8152075 0.0
0.0 24.0 0.0
0.0 27.0 0.0
