0.0 0.0 0.0
0.0 3.0 0.0
0.0 3.0 0.0
-1.2027149 3.8149018 0.0
0.0 3.0 0.0
0.0 6.0 0.0
0.0 6.0 0.0
1.9844795 6.294588 0.0
0.0 6.0 0.0
0.0 9.0 0.0
0.0 9.0 0.0
-3.1571267 10.014117 0.0
-3.1571267 10.014117 0.0
-8.0532055 6.993169 1.8107067
-3.1571267 10.014117 0.0
-6.333748 10.0759535 0.94928086
-6.333748 10.0759535 0.94928086
-6.333748 10.8259535 0.94928086
-6.333748 10.0759535 0.94928086
-8.96955 9.309807 2.8097765
0.0 9.0 0.0
0.0 12.0 0.0
0.0 12.0 0.0
-4.059163 12.875294 0.0
0.0 12.0 0.0
0.0 15.0 0.0
0.0 15.0 0.0
4.6905885 14.878118 0.0
0.0 15.0 0.0
0.0 18.0 0.0
0.0 18.0 0.0
5.8632355 18.597647 0.0
5.8632355 18.597647 0.0
5.8632355 18.93098 0.0
5.8632355 18.597647 0.0
11.376089 17.486267 1.7629502
11.376089 17.486267 1.7629502
17.264841 10.173975 7.96871
11.376089 17.486267 1.7629502
15.550816 15.004807 5.101918
0.0 18.0 0.0
0.0 21.0 0.0
0.0 21.0 0.0
-6.765271 21.458822 0.0
0.0 21.0 0.0
0.0 24.0 0.0
0.0 24.0 0.0
7.396697 23.461647 0.0
0.0 24.0 0.0
0.0 27.0 0.0
