0.0 0.0 0.0
0.0 3.0 0.0
0.0 3.0 0.0
-1.23686 4.326682 0.0
0.0 3.0 0.0
0.0 6.0 0.0
0.0 6.0 0.0
1.9240046 6.7303944 0.0
0.0 6.0 0.0
0.0 9.0 0.0
0.0 9.0 0.0
-2.7485778 9.614849 0.0
-2.7485778 9.614849 0.0
-7.1260295 7.030733 1.4527422
-2.7485778 9.614849 0.0
-5.4585056 9.479647 0.755468
-5.4585056 9.479647 0.755468
-5.4585056 9.599647 0.755468
-5.4585056 9.479647 0.755468
-7.7268972 8.690567 2.2266839
0.0 9.0 0.0
0.0 12.0 0.0
0.0 12.0 0.0
-3.71058 12.980046 0.0
0.0 12.0 0.0
0.0 15.0 0.0
0.0 15.0 0.0
4.2877817 14.999165 0.0
0.0 15.0 0.0
0.0 18.0 0.0
0.0 18.0 0.0
5.222298 18.268213 0.0
5.222298 18.268213 0.0
5.222298 18.601547 0.0
5.222298 18.268213 0.0
10.261218 17.626732 1.4353893
10.261218 17.626732 1.4353893
16.130545 10.862261 6.6420083
10.261218 17.626732 1.4353893
14.363813 15.786755 4.200481
0.0 18.0 0.0
0.0 21.0 0.0
0.0 21.0 0.0
-6.046871 21.152668 0.0
0.0 21.0 0.0
0.0 24.0 0.0
0.0 24.0 0.0
7.0088735 24.517864 0.0
0.0 24.0 0.0
0.0 27.0 0.0
