0.0 0.0 0.0
0.0 3.0 0.0
0.0 3.0 0.0
-2.3968356 3.202371 0.0
0.0 3.0 0.0
0.0 6.0 0.0
0.0 6.0 0.0
4.1944623 5.604149 0.0
0.0 6.0 0.0
0.0 9.0 0.0
0.0 9.0 0.0
-5.7524056 7.6856904 0.0
-5.7524056 7.6856904 0.0
-8.15093 0.70471823 5.519114
-5.7524056 7.6856904 0.0
-8.89154 4.194143 3.4468925
-8.89154 4.194143 3.4468925
-8.89154 4.3141427 3.4468925
-8.89154 4.194143 3.4468925
-6.9181623 0.8102975 8.087446
0.0 9.0 0.0
0.0 12.0 0.0
0.0 12.0 0.0
-8.08932 10.8080015 0.0
0.0 12.0 0.0
0.0 15.0 0.0
0.0 15.0 0.0
9.886947 13.20978 0.0
0.0 15.0 0.0
0.0 18.0 0.0
0.0 18.0 0.0
11.145286 14.891025 0.0
11.145286 14.891025 0.0
11.145286 15.011024 0.0
11.145286 14.891025 0.0
16.425917 7.05536 6.6783543
16.425917 7.05536 6.6783543
6.3834033 3.7277312 17.642366
16.425917 7.05536 6.6783543
12.450863 1.367352 15.189198
0.0 18.0 0.0
0.0 21.0 0.0
0.0 21.0 0.0
-13.4822 18.013336 0.0
0.0 21.0 0.0
0.0 24.0 0.0
0.0 24.0 0.0
15.279827 20.415113 0.0
0.0 24.0 0.0
0.0 27.0 0.0
