0.0 0.0 0.0
0.0 3.0 0.0
0.0 3.0 0.0
-1.46933 4.25336 0.0
0.0 3.0 0.0
0.0 6.0 0.0
0.0 6.0 0.0
2.2856243 6.616338 0.0
0.0 6.0 0.0
0.0 9.0 0.0
0.0 9.0 0.0
-3.2651777 9.451911 0.0
-3.2651777 9.451911 0.0
-8.061057 6.113091 2.0154092
-3.2651777 9.451911 0.0
-6.493058 9.343944 1.0661385
-6.493058 9.343944 1.0661385
-6.493058 10.093944 1.0661385
-6.493058 9.343944 1.0661385
-8.718649 7.508693 3.1278033
0.0 9.0 0.0
0.0 12.0 0.0
0.0 12.0 0.0
-4.40799 12.760079 0.0
0.0 12.0 0.0
0.0 15.0 0.0
0.0 15.0 0.0
5.387543 15.595653 0.0
0.0 15.0 0.0
0.0 18.0 0.0
0.0 18.0 0.0
6.3670964 18.431227 0.0
6.3670964 18.431227 0.0
6.3670964 18.551228 0.0
6.3670964 18.431227 0.0
12.032917 16.4012 2.07897
12.032917 16.4012 2.07897
16.636496 7.9469433 9.062914
12.032917 16.4012 2.07897
15.65962 12.57741 5.893985
0.0 18.0 0.0
0.0 21.0 0.0
0.0 21.0 0.0
-7.1833906 20.794205 0.0
0.0 21.0 0.0
0.0 24.0 0.0
0.0 24.0 0.0
8.162944 23.629778 0.0
0.0 24.0 0.0
0.0 27.0 0.0
