0.0 0.0 0.0
0.0 3.0 0.0
0.0 3.0 0.0
-2.4601736 3.767963 0.0
0.0 3.0 0.0
0.0 6.0 0.0
0.0 6.0 0.0
4.1002893 6.279938 0.0
0.0 6.0 0.0
0.0 9.0 0.0
0.0 9.0 0.0
-5.740405 8.791914 0.0
-5.740405 8.791914 0.0
-9.087934 1.4706786 5.255571
-5.740405 8.791914 0.0
-9.651318 5.989892 3.1383095
-9.651318 5.989892 3.1383095
-9.651318 6.739892 3.1383095
-9.651318 5.989892 3.1383095
-8.932772 2.0377967 7.904211
0.0 9.0 0.0
0.0 12.0 0.0
0.0 12.0 0.0
-7.107168 10.885226 0.0
0.0 12.0 0.0
0.0 15.0 0.0
0.0 15.0 0.0
8.528602 13.062272 0.0
0.0 15.0 0.0
0.0 18.0 0.0
0.0 18.0 0.0
10.168717 15.574247 0.0
10.168717 15.574247 0.0
10.168717 16.324247 0.0
10.168717 15.574247 0.0
15.97197 8.888169 5.5592914
15.97197 8.888169 5.5592914
8.784151 2.4014475 16.859074
15.97197 8.888169 5.5592914
14.059196 2.629722 13.386894
0.0 18.0 0.0
0.0 21.0 0.0
0.0 21.0 0.0
-12.300868 18.839815 0.0
0.0 21.0 0.0
0.0 24.0 0.0
0.0 24.0 0.0
13.448949 20.598198 0.0
0.0 24.0 0.0
0.0 27.0 0.0
