0.0 0.0 0.0
0.0 3.0 0.0
0.0 3.0 0.0
-2.628809 3.014857 0.0
0.0 3.0 0.0
0.0 6.0 0.0
0.0 6.0 0.0
4.337535 4.974514 0.0
0.0 6.0 0.0
0.0 9.0 0.0
0.0 9.0 0.0
-6.9006233 7.9139996 0.0
-6.9006233 7.9139996 0.0
-8.298466 0.19213438 6.836347
-6.9006233 7.9139996 0.0
-9.515562 2.9989498 4.535105
-9.515562 2.9989498 4.535105
-9.515562 3.1189497 4.535105
-9.515562 2.9989498 4.535105
-6.115938 0.63623786 9.671823
0.0 9.0 0.0
0.0 12.0 0.0
0.0 12.0 0.0
-8.280748 9.4968 0.0
0.0 12.0 0.0
0.0 15.0 0.0
0.0 15.0 0.0
10.515236 12.059428 0.0
0.0 15.0 0.0
0.0 18.0 0.0
0.0 18.0 0.0
12.486843 14.320571 0.0
12.486843 14.320571 0.0
12.486843 14.653904 0.0
12.486843 14.320571 0.0
17.162304 5.3620663 8.206381
17.162304 5.3620663 8.206381
4.6421757 6.4854813 18.119911
17.162304 5.3620663 8.206381
9.865845 -0.16158438 17.46437
0.0 18.0 0.0
0.0 21.0 0.0
0.0 21.0 0.0
-14.78705 16.95857 0.0
0.0 21.0 0.0
0.0 24.0 0.0
0.0 24.0 0.0
16.758657 19.219713 0.0
0.0 24.0 0.0
0.0 27.0 0.0
