0.0 0.0 0.0
0.0 3.0 0.0
0.0 3.0 0.0
-2.7182953 2.9344285 0.0
0.0 3.0 0.0
0.0 6.0 0.0
0.0 6.0 0.0
4.7570167 5.1352496 0.0
0.0 6.0 0.0
0.0 9.0 0.0
0.0 9.0 0.0
-6.795738 7.336071 0.0
-6.795738 7.336071 0.0
-8.102087 0.100043416 6.7758975
-6.795738 7.336071 0.0
-9.050472 2.4340093 4.618206
-9.050472 2.4340093 4.618206
-9.050472 2.7673426 4.618206
-9.050472 2.4340093 4.618206
-4.902079 0.13997221 9.538413
0.0 9.0 0.0
0.0 12.0 0.0
0.0 12.0 0.0
-9.174247 9.903696 0.0
0.0 12.0 0.0
0.0 15.0 0.0
0.0 15.0 0.0
11.212968 12.104517 0.0
0.0 15.0 0.0
0.0 18.0 0.0
0.0 18.0 0.0
12.911902 13.938535 0.0
12.911902 13.938535 0.0
12.911902 14.058535 0.0
12.911902 13.938535 0.0
17.440544 4.8887167 8.774591
17.440544 4.8887167 8.774591
4.6404324 7.7943273 18.05964
17.440544 4.8887167 8.774591
8.741643 -0.61596346 18.28924
0.0 18.0 0.0
0.0 21.0 0.0
0.0 21.0 0.0
-14.950624 16.139357 0.0
0.0 21.0 0.0
0.0 24.0 0.0
0.0 24.0 0.0
16.717516 18.046736 0.0
0.0 24.0 0.0
0.0 27.0 0.0
