0.0 0.0 0.0
0.0 3.0 0.0
0.0 3.0 0.0
-1.6088994 3.2204723 0.0
0.0 3.0 0.0
0.0 6.0 0.0
0.0 6.0 0.0
3.1284153 6.2620296 0.0
0.0 6.0 0.0
0.0 9.0 0.0
0.0 9.0 0.0
-4.469165 8.945757 0.0
-4.469165 8.945757 0.0
-9.0313225 3.4263556 3.5735497
-4.469165 8.945757 0.0
-7.842675 6.7526274 1.9973434
-7.842675 6.7526274 1.9973434
-7.842675 7.5026274 1.9973434
-7.842675 6.7526274 1.9973434
-9.165919 4.6460314 5.2917957
0.0 9.0 0.0
0.0 12.0 0.0
0.0 12.0 0.0
-5.631148 11.271653 0.0
0.0 12.0 0.0
0.0 15.0 0.0
0.0 15.0 0.0
7.150664 14.3132105 0.0
0.0 15.0 0.0
0.0 18.0 0.0
0.0 18.0 0.0
8.714871 17.444225 0.0
8.714871 17.444225 0.0
8.714871 17.77756 0.0
8.714871 17.444225 0.0
15.038474 12.657715 3.8948197
15.038474 12.657715 3.8948197
13.940865 3.0704732 14.363745
15.038474 12.657715 3.8948197
16.80494 7.430685 10.2051525
0.0 18.0 0.0
0.0 21.0 0.0
0.0 21.0 0.0
-9.653397 19.322834 0.0
0.0 21.0 0.0
0.0 24.0 0.0
0.0 24.0 0.0
11.172913 22.364391 0.0
0.0 24.0 0.0
0.0 27.0 0.0
