0.0 0.0 0.0
0.0 3.0 0.0
0.0 3.0 0.0
-1.7892015 3.123901 0.0
0.0 3.0 0.0
0.0 6.0 0.0
0.0 6.0 0.0
3.2802029 5.727152 0.0
0.0 6.0 0.0
0.0 9.0 0.0
0.0 9.0 0.0
-4.7712045 8.330403 0.0
-4.7712045 8.330403 0.0
-8.510359 2.193442 4.1153765
-4.7712045 8.330403 0.0
-8.478386 6.4726477 2.3712907
-8.478386 6.4726477 2.3712907
-8.478386 7.2226477 2.3712907
-8.478386 6.4726477 2.3712907
-8.876581 3.0665305 6.2714496
0.0 9.0 0.0
0.0 12.0 0.0
0.0 12.0 0.0
-6.4610057 11.280754 0.0
0.0 12.0 0.0
0.0 15.0 0.0
0.0 15.0 0.0
7.7532067 13.536904 0.0
0.0 15.0 0.0
0.0 18.0 0.0
0.0 18.0 0.0
9.691508 16.921131 0.0
9.691508 16.921131 0.0
9.691508 17.671131 0.0
9.691508 16.921131 0.0
16.452923 11.805263 4.816684
16.452923 11.805263 4.816684
12.9395485 2.755687 16.62853
16.452923 11.805263 4.816684
16.924314 5.6397233 12.356789
0.0 18.0 0.0
0.0 21.0 0.0
0.0 21.0 0.0
-10.93401 19.090506 0.0
0.0 21.0 0.0
0.0 24.0 0.0
0.0 24.0 0.0
12.673511 22.127632 0.0
0.0 24.0 0.0
0.0 27.0 0.0
