0.0 0.0 0.0
0.0 3.0 0.0
0.0 3.0 0.0
-2.2798243 3.8797424 0.0
0.0 3.0 0.0
0.0 6.0 0.0
0.0 6.0 0.0
3.5463934 6.035155 0.0
0.0 6.0 0.0
0.0 9.0 0.0
0.0 9.0 0.0
-5.31959 9.052732 0.0
-5.31959 9.052732 0.0
-9.459467 2.306223 4.6471577
-5.31959 9.052732 0.0
-9.0471945 6.3435354 2.6950512
-9.0471945 6.3435354 2.6950512
-9.0471945 7.0935354 2.6950512
-9.0471945 6.3435354 2.6950512
-9.065635 2.7264323 6.9071374
0.0 9.0 0.0
0.0 12.0 0.0
0.0 12.0 0.0
-6.383508 10.863279 0.0
0.0 12.0 0.0
0.0 15.0 0.0
0.0 15.0 0.0
8.106042 13.79464 0.0
0.0 15.0 0.0
0.0 18.0 0.0
0.0 18.0 0.0
9.625925 16.381134 0.0
9.625925 16.381134 0.0
9.625925 16.501135 0.0
9.625925 16.381134 0.0
16.2143 11.211916 4.8767595
16.2143 11.211916 4.8767595
11.852658 2.4469974 16.53801
16.2143 11.211916 4.8767595
16.362606 5.1291428 12.419184
0.0 18.0 0.0
0.0 21.0 0.0
0.0 21.0 0.0
-11.399121 19.398712 0.0
0.0 21.0 0.0
0.0 24.0 0.0
0.0 24.0 0.0
12.463039 21.209259 0.0
0.0 24.0 0.0
0.0 27.0 0.0
