0.0 0.0 0.0
0.0 3.0 0.0
0.0 3.0 0.0
-1.8116924 3.5661983 0.0
0.0 3.0 0.0
0.0 6.0 0.0
0.0 6.0 0.0
3.1704617 6.240847 0.0
0.0 6.0 0.0
0.0 9.0 0.0
0.0 9.0 0.0
-4.7556925 9.361271 0.0
-4.7556925 9.361271 0.0
-9.311031 3.3263478 3.8407295
-4.7556925 9.361271 0.0
-8.472972 7.317222 2.1539629
-8.472972 7.317222 2.1539629
-8.472972 7.6505556 2.1539629
-8.472972 7.317222 2.1539629
-9.450947 4.079044 5.7579694
0.0 9.0 0.0
0.0 12.0 0.0
0.0 12.0 0.0
-5.888 11.590145 0.0
0.0 12.0 0.0
0.0 15.0 0.0
0.0 15.0 0.0
7.2467694 14.264793 0.0
0.0 15.0 0.0
0.0 18.0 0.0
0.0 18.0 0.0
8.605538 16.939442 0.0
8.605538 16.939442 0.0
8.605538 17.272776 0.0
8.605538 16.939442 0.0
14.784222 12.162336 3.897647
14.784222 12.162336 3.897647
13.37681 2.8699431 14.238363
14.784222 12.162336 3.897647
16.139038 6.5645175 10.171061
0.0 18.0 0.0
0.0 21.0 0.0
0.0 21.0 0.0
-9.783139 19.257471 0.0
0.0 21.0 0.0
0.0 24.0 0.0
0.0 24.0 0.0
11.141908 21.93212 0.0
0.0 24.0 0.0
0.0 27.0 0.0
