0.0 0.0 0.0
0.0 3.0 0.0
0.0 3.0 0.0
-2.546305 3.7103004 0.0
0.0 3.0 0.0
0.0 6.0 0.0
0.0 6.0 0.0
3.7345805 5.441774 0.0
0.0 6.0 0.0
0.0 9.0 0.0
0.0 9.0 0.0
-5.941378 8.657368 0.0
-5.941378 8.657368 0.0
-8.958545 1.1628935 5.543853
-5.941378 8.657368 0.0
-9.786562 5.602937 3.3619025
-9.786562 5.602937 3.3619025
-9.786562 5.9362707 3.3619025
-9.786562 5.602937 3.3619025
-9.103771 2.3669882 8.309608
0.0 9.0 0.0
0.0 12.0 0.0
0.0 12.0 0.0
-7.638915 11.130901 0.0
0.0 12.0 0.0
0.0 15.0 0.0
0.0 15.0 0.0
8.82719 12.862375 0.0
0.0 15.0 0.0
0.0 18.0 0.0
0.0 18.0 0.0
10.524728 15.335909 0.0
10.524728 15.335909 0.0
10.524728 15.455909 0.0
10.524728 15.335909 0.0
16.17217 8.229067 5.9553704
16.17217 8.229067 5.9553704
7.8836703 2.7607696 17.2319
16.17217 8.229067 5.9553704
13.437918 1.9712052 14.06122
0.0 18.0 0.0
0.0 21.0 0.0
0.0 21.0 0.0
-12.222264 17.809443 0.0
0.0 21.0 0.0
0.0 24.0 0.0
0.0 24.0 0.0
13.919801 20.282976 0.0
0.0 24.0 0.0
0.0 27.0 0.0
