0.0 0.0 0.0
0.0 3.0 0.0
0.0 3.0 0.0
-3.7137933 2.541208 0.0
0.0 3.0 0.0
0.0 6.0 0.0
0.0 6.0 0.0
5.4468966 3.727105 0.0
0.0 6.0 0.0
0.0 9.0 0.0
0.0 9.0 0.0
-8.252874 5.647129 0.0
-8.252874 5.647129 0.0
-6.4582233 0.69737124 7.6925116
-8.252874 5.647129 0.0
-8.530283 0.18982053 6.810993
-8.530283 0.18982053 6.810993
-8.530283 0.30982053 6.810993
-8.530283 0.18982053 6.810993
-0.5279902 1.3353279 10.88619
0.0 9.0 0.0
0.0 12.0 0.0
0.0 12.0 0.0
-10.398622 7.1153827 0.0
0.0 12.0 0.0
0.0 15.0 0.0
0.0 15.0 0.0
12.874484 8.809521 0.0
0.0 15.0 0.0
0.0 18.0 0.0
0.0 18.0 0.0
16.093103 11.011901 0.0
16.093103 11.011901 0.0
16.093103 11.131901 0.0
16.093103 11.011901 0.0
15.045372 -0.71692276 13.281436
15.045372 -0.71692276 13.281436
6.4884906 16.606495 9.213285
15.045372 -0.71692276 13.281436
-1.15822 2.1939318 19.916954
0.0 18.0 0.0
0.0 21.0 0.0
0.0 21.0 0.0
-17.826208 12.197799 0.0
0.0 21.0 0.0
0.0 24.0 0.0
0.0 24.0 0.0
20.632185 14.117822 0.0
0.0 24.0 0.0
0.0 27.0 0.0
