0.0 0.0 0.0
0.0 3.0 0.0
0.0 3.0 0.0
-2.9324043 2.088302 0.0
0.0 3.0 0.0
0.0 6.0 0.0
0.0 6.0 0.0
6.1091757 4.350629 0.0
0.0 6.0 0.0
0.0 9.0 0.0
0.0 9.0 0.0
-8.145568 5.8008385 0.0
-8.145568 5.8008385 0.0
-6.667957 0.51129675 7.6977444
-8.145568 5.8008385 0.0
-8.687909 0.38622594 6.6350274
-8.687909 0.38622594 6.6350274
-8.687909 0.50622594 6.6350274
-8.687909 0.38622594 6.6350274
-1.3247709 1.3913932 10.925667
0.0 9.0 0.0
0.0 12.0 0.0
0.0 12.0 0.0
-10.589238 7.54109 0.0
0.0 12.0 0.0
0.0 15.0 0.0
0.0 15.0 0.0
13.4401865 9.571383 0.0
0.0 15.0 0.0
0.0 18.0 0.0
0.0 18.0 0.0
15.476579 11.021593 0.0
15.476579 11.021593 0.0
15.476579 11.354926 0.0
15.476579 11.021593 0.0
15.407375 -0.049283504 12.606552
15.407375 -0.049283504 12.606552
6.205516 15.790666 10.437902
15.407375 -0.049283504 12.606552
0.002215147 1.635819 19.863039
0.0 18.0 0.0
0.0 21.0 0.0
0.0 21.0 0.0
-17.92025 12.761845 0.0
0.0 21.0 0.0
0.0 24.0 0.0
0.0 24.0 0.0
20.771198 14.792138 0.0
0.0 24.0 0.0
0.0 27.0 0.0
