0.0 0.0 0.0
0.0 3.0 0.0
0.0 3.0 0.0
-1.3369737 3.342529 0.0
0.0 3.0 0.0
0.0 6.0 0.0
0.0 6.0 0.0
2.4511185 6.12797 0.0
0.0 6.0 0.0
0.0 9.0 0.0
0.0 9.0 0.0
-3.5652633 8.913411 0.0
-3.5652633 8.913411 0.0
-8.099418 4.761049 2.4587517
-3.5652633 8.913411 0.0
-6.755185 7.975032 1.3240731
-6.755185 7.975032 1.3240731
-6.755185 8.095032 1.3240731
-6.755185 7.975032 1.3240731
-8.700075 6.1864357 3.7381272
0.0 9.0 0.0
0.0 12.0 0.0
0.0 12.0 0.0
-4.679408 11.698853 0.0
0.0 12.0 0.0
0.0 15.0 0.0
0.0 15.0 0.0
5.793553 14.484293 0.0
0.0 15.0 0.0
0.0 18.0 0.0
0.0 18.0 0.0
6.9076977 17.269735 0.0
6.9076977 17.269735 0.0
6.9076977 17.389736 0.0
6.9076977 17.269735 0.0
12.59145 14.209782 2.5653918
12.59145 14.209782 2.5653918
15.204134 5.308818 10.541312
12.59145 14.209782 2.5653918
15.4702635 9.762631 7.0581484
0.0 18.0 0.0
0.0 21.0 0.0
0.0 21.0 0.0
-8.021842 20.055176 0.0
0.0 21.0 0.0
0.0 24.0 0.0
0.0 24.0 0.0
9.135987 22.840616 0.0
0.0 24.0 0.0
0.0 27.0 0.0
