0.0 0.0 0.0
0.0 3.0 0.0
0.0 3.0 0.0
-1.6296463 3.6529787 0.0
0.0 3.0 0.0
0.0 6.0 0.0
0.0 6.0 0.0
3.0555868 6.849335 0.0
0.0 6.0 0.0
0.0 9.0 0.0
0.0 9.0 0.0
-4.2778215 9.589069 0.0
-4.2778215 9.589069 0.0
-9.602689 4.780302 3.1832676
-4.2778215 9.589069 0.0
-7.8818803 8.078777 1.742834
-7.8818803 8.078777 1.742834
-7.8818803 8.828777 1.742834
-7.8818803 8.078777 1.742834
-9.460998 5.282547 4.802803
0.0 9.0 0.0
0.0 12.0 0.0
0.0 12.0 0.0
-5.5000563 12.328803 0.0
0.0 12.0 0.0
0.0 15.0 0.0
0.0 15.0 0.0
6.518585 14.611915 0.0
0.0 15.0 0.0
0.0 18.0 0.0
0.0 18.0 0.0
7.9445257 17.808271 0.0
7.9445257 17.808271 0.0
7.9445257 17.928272 0.0
7.9445257 17.808271 0.0
14.125603 13.855365 3.2366917
14.125603 13.855365 3.2366917
15.563139 4.5272126 12.673538
14.125603 13.855365 3.2366917
16.465996 8.482862 8.710825
0.0 18.0 0.0
0.0 21.0 0.0
0.0 21.0 0.0
-9.16676 20.548004 0.0
0.0 21.0 0.0
0.0 24.0 0.0
0.0 24.0 0.0
10.185289 22.831116 0.0
0.0 24.0 0.0
0.0 27.0 0.0
