0.0 0.0 0.0
0.0 3.0 0.0
0.0 3.0 0.0
-1.5196664 4.235636 0.0
0.0 3.0 0.0
0.0 6.0 0.0
0.0 6.0 0.0
2.5327773 7.0593934 0.0
0.0 6.0 0.0
0.0 9.0 0.0
0.0 9.0 0.0
-3.3770366 9.412525 0.0
-3.3770366 9.412525 0.0
-8.472814 6.187377 2.1468794
-3.3770366 9.412525 0.0
-6.508254 8.727375 1.1404376
-6.508254 8.727375 1.1404376
-6.508254 9.477375 1.1404376
-6.508254 8.727375 1.1404376
-8.688494 7.2172337 3.2713008
0.0 9.0 0.0
0.0 12.0 0.0
0.0 12.0 0.0
-4.255066 11.859781 0.0
0.0 12.0 0.0
0.0 15.0 0.0
0.0 15.0 0.0
5.57211 15.530665 0.0
0.0 15.0 0.0
0.0 18.0 0.0
0.0 18.0 0.0
6.5852213 18.354424 0.0
6.5852213 18.354424 0.0
6.5852213 18.474424 0.0
6.5852213 18.354424 0.0
12.235195 15.747691 2.2238533
12.235195 15.747691 2.2238533
16.286572 7.1431017 9.494885
12.235195 15.747691 2.2238533
15.653639 11.751788 6.225077
0.0 18.0 0.0
0.0 21.0 0.0
0.0 21.0 0.0
-7.42948 20.707554 0.0
0.0 21.0 0.0
0.0 24.0 0.0
0.0 24.0 0.0
8.611443 24.001938 0.0
0.0 24.0 0.0
0.0 27.0 0.0
