0.0 0.0 0.0
0.0 3.0 0.0
0.0 3.0 0.0
-3.2198422 3.143663 0.0
0.0 3.0 0.0
0.0 6.0 0.0
0.0 6.0 0.0
5.3664036 5.239438 0.0
0.0 6.0 0.0
0.0 9.0 0.0
0.0 9.0 0.0
-7.155205 6.9859176 0.0
-7.155205 6.9859176 0.0
-7.107981 0.0011308193 7.1531544
-7.155205 6.9859176 0.0
-8.919837 1.7228823 5.1196957
-8.919837 1.7228823 5.1196957
-8.919837 2.4728823 5.1196957
-8.919837 1.7228823 5.1196957
-3.4561076 -0.21476579 9.958903
0.0 9.0 0.0
0.0 12.0 0.0
0.0 12.0 0.0
-9.659527 9.430989 0.0
0.0 12.0 0.0
0.0 15.0 0.0
0.0 15.0 0.0
11.448328 11.177468 0.0
0.0 15.0 0.0
0.0 18.0 0.0
0.0 18.0 0.0
13.3086815 12.993807 0.0
13.3086815 12.993807 0.0
13.3086815 13.32714 0.0
13.3086815 12.993807 0.0
16.507898 3.1235237 9.5226345
16.507898 3.1235237 9.5226345
3.4799528 9.834602 16.275204
16.507898 3.1235237 9.5226345
5.960662 -0.77506185 18.464174
0.0 18.0 0.0
0.0 21.0 0.0
0.0 21.0 0.0
-16.09921 15.718315 0.0
0.0 21.0 0.0
0.0 24.0 0.0
0.0 24.0 0.0
17.888012 17.464794 0.0
0.0 24.0 0.0
0.0 27.0 0.0
