0.0 0.0 0.0
0.0 3.0 0.0
0.0 3.0 0.0
-1.8556496 3.0848927 0.0
0.0 3.0 0.0
0.0 6.0 0.0
0.0 6.0 0.0
3.8659368 6.4268603 0.0
0.0 6.0 0.0
0.0 9.0 0.0
0.0 9.0 0.0
-5.4123116 8.997604 0.0
-5.4123116 8.997604 0.0
-9.431517 2.1319966 4.7812767
-5.4123116 8.997604 0.0
-8.92144 5.8336906 2.7898204
-8.92144 5.8336906 2.7898204
-8.92144 5.9536905 2.7898204
-8.92144 5.8336906 2.7898204
-8.635063 2.313738 6.9892673
0.0 9.0 0.0
0.0 12.0 0.0
0.0 12.0 0.0
-6.958686 11.568349 0.0
0.0 12.0 0.0
0.0 15.0 0.0
0.0 15.0 0.0
8.247332 13.710635 0.0
0.0 15.0 0.0
0.0 18.0 0.0
0.0 18.0 0.0
10.051435 16.709837 0.0
10.051435 16.709837 0.0
10.051435 16.829838 0.0
10.051435 16.709837 0.0
16.303295 10.393297 5.181095
16.303295 10.393297 5.181095
11.279317 2.5161135 16.830343
16.303295 10.393297 5.181095
15.813544 4.3669167 12.843424
0.0 18.0 0.0
0.0 21.0 0.0
0.0 21.0 0.0
-11.340081 18.852123 0.0
0.0 21.0 0.0
0.0 24.0 0.0
0.0 24.0 0.0
12.886456 21.422867 0.0
0.0 24.0 0.0
0.0 27.0 0.0
