0.0 0.0 0.0
0.0 3.0 0.0
0.0 3.0 0.0
-3.1748223 3.1891227 0.0
0.0 3.0 0.0
0.0 6.0 0.0
0.0 6.0 0.0
4.938613 4.9608574 0.0
0.0 6.0 0.0
0.0 9.0 0.0
0.0 9.0 0.0
-7.407919 7.441286 0.0
-7.407919 7.441286 0.0
-7.5613594 6.8958476E-4 7.4078445
-7.407919 7.441286 0.0
-9.676069 2.278366 5.226406
-9.676069 2.278366 5.226406
-9.676069 2.398366 5.226406
-9.676069 2.278366 5.226406
-4.9122987 0.44117832 10.530544
0.0 9.0 0.0
0.0 12.0 0.0
0.0 12.0 0.0
-9.524467 9.567368 0.0
0.0 12.0 0.0
0.0 15.0 0.0
0.0 15.0 0.0
11.006051 11.055626 0.0
0.0 15.0 0.0
0.0 18.0 0.0
0.0 18.0 0.0
13.1226 13.181707 0.0
13.1226 13.181707 0.0
13.1226 13.51504 0.0
13.1226 13.181707 0.0
16.314005 3.2057786 9.258205
16.314005 3.2057786 9.258205
3.9144611 9.202479 16.355448
16.314005 3.2057786 9.258205
6.8846073 -0.2136643 18.071028
0.0 18.0 0.0
0.0 21.0 0.0
0.0 21.0 0.0
-15.239148 15.307789 0.0
0.0 21.0 0.0
0.0 24.0 0.0
0.0 24.0 0.0
17.637903 17.717348 0.0
0.0 24.0 0.0
0.0 27.0 0.0
