0.0 0.0 0.0
0.0 3.0 0.0
0.0 3.0 0.0
-2.0726097 2.9435165 0.0
0.0 3.0 0.0
0.0 6.0 0.0
0.0 6.0 0.0
4.030074 5.723504 0.0
0.0 6.0 0.0
0.0 9.0 0.0
0.0 9.0 0.0
-5.5269594 7.8493776 0.0
-5.5269594 7.8493776 0.0
-8.130968 0.93232775 5.2034965
-5.5269594 7.8493776 0.0
-8.789805 4.633888 3.1820083
-8.789805 4.633888 3.1820083
-8.789805 4.7538877 3.1820083
-8.789805 4.633888 3.1820083
-7.6220217 1.5235248 7.662258
0.0 9.0 0.0
0.0 12.0 0.0
0.0 12.0 0.0
-7.4844236 10.629365 0.0
0.0 12.0 0.0
0.0 15.0 0.0
0.0 15.0 0.0
9.211598 13.082295 0.0
0.0 15.0 0.0
0.0 18.0 0.0
0.0 18.0 0.0
10.938773 15.535226 0.0
10.938773 15.535226 0.0
10.938773 15.655226 0.0
10.938773 15.535226 0.0
17.120619 8.779448 6.2977242
17.120619 8.779448 6.2977242
8.526163 3.2206044 18.241488
17.120619 8.779448 6.2977242
13.881237 1.6971626 15.00606
0.0 18.0 0.0
0.0 21.0 0.0
0.0 21.0 0.0
-12.435658 17.661098 0.0
0.0 21.0 0.0
0.0 24.0 0.0
0.0 24.0 0.0
14.6809845 20.849909 0.0
0.0 24.0 0.0
0.0 27.0 0.0
