0.0 0.0 0.0
0.0 3.0 0.0
0.0 3.0 0.0
-2.6119857 3.6643596 0.0
0.0 3.0 0.0
0.0 6.0 0.0
0.0 6.0 0.0
4.0630884 5.700115 0.0
0.0 6.0 0.0
0.0 9.0 0.0
0.0 9.0 0.0
-5.572236 7.817301 0.0
-5.572236 7.817301 0.0
-8.691582 1.0763205 5.2674856
-5.572236 7.817301 0.0
-8.580631 4.220484 3.2343557
-8.580631 4.220484 3.2343557
-8.580631 4.3404837 3.2343557
-8.580631 4.220484 3.2343557
-7.481385 1.6922212 7.614295
0.0 9.0 0.0
0.0 12.0 0.0
0.0 12.0 0.0
-7.5457363 10.585928 0.0
0.0 12.0 0.0
0.0 15.0 0.0
0.0 15.0 0.0
9.28706 13.028834 0.0
0.0 15.0 0.0
0.0 18.0 0.0
0.0 18.0 0.0
10.796207 15.14602 0.0
10.796207 15.14602 0.0
10.796207 15.89602 0.0
10.796207 15.14602 0.0
16.530651 8.044861 6.266564
16.530651 8.044861 6.266564
8.140356 3.3715189 17.670578
16.530651 8.044861 6.266564
13.017191 1.337522 14.697948
0.0 18.0 0.0
0.0 21.0 0.0
0.0 21.0 0.0
-12.537531 17.588926 0.0
0.0 21.0 0.0
0.0 24.0 0.0
0.0 24.0 0.0
14.511031 20.357553 0.0
0.0 24.0 0.0
0.0 27.0 0.0
