0.0 0.0 0.0
0.0 3.0 0.0
0.0 3.0 0.0
-2.8538108 2.1944845 0.0
0.0 3.0 0.0
0.0 6.0 0.0
0.0 6.0 0.0
5.9454393 4.5718427 0.0
0.0 6.0 0.0
0.0 9.0 0.0
0.0 9.0 0.0
-7.927253 6.0957904 0.0
-7.927253 6.0957904 0.0
-7.1390467 0.20945811 7.661352
-7.927253 6.0957904 0.0
-8.967035 0.7995589 6.2841334
-8.967035 0.7995589 6.2841334
-8.967035 0.9195589 6.2841334
-8.967035 0.7995589 6.2841334
-2.1182747 1.0176675 10.939072
0.0 9.0 0.0
0.0 12.0 0.0
0.0 12.0 0.0
-10.3054285 7.924527 0.0
0.0 12.0 0.0
0.0 15.0 0.0
0.0 15.0 0.0
12.683604 9.753264 0.0
0.0 15.0 0.0
0.0 18.0 0.0
0.0 18.0 0.0
15.458142 11.886791 0.0
15.458142 11.886791 0.0
15.458142 12.636791 0.0
15.458142 11.886791 0.0
15.642633 0.14186811 12.25406
15.642633 0.14186811 12.25406
4.326479 15.261218 11.970768
15.642633 0.14186811 12.25406
0.4791772 0.5938725 19.870129
0.0 18.0 0.0
0.0 21.0 0.0
0.0 21.0 0.0
-17.836319 13.7155285 0.0
0.0 21.0 0.0
0.0 24.0 0.0
0.0 24.0 0.0
19.818132 15.239475 0.0
0.0 24.0 0.0
0.0 27.0 0.0
