0.0 0.0 0.0
0.0 3.0 0.0
0.0 3.0 0.0
-1.6921554 4.1697254 0.0
0.0 3.0 0.0
0.0 6.0 0.0
0.0 6.0 0.0
2.4818277 6.1155972 0.0
0.0 6.0 0.0
0.0 9.0 0.0
0.0 9.0 0.0
-3.7603452 9.266056 0.0
-3.7603452 9.266056 0.0
-8.914113 5.3040805 2.620477
-3.7603452 9.266056 0.0
-7.277034 8.665649 1.4140196
-7.277034 8.665649 1.4140196
-7.277034 8.998982 1.4140196
-7.277034 8.665649 1.4140196
-9.239555 6.2499704 4.046654
0.0 9.0 0.0
0.0 12.0 0.0
0.0 12.0 0.0
-4.738035 11.675231 0.0
0.0 12.0 0.0
0.0 15.0 0.0
0.0 15.0 0.0
6.20457 15.288993 0.0
0.0 15.0 0.0
0.0 18.0 0.0
0.0 18.0 0.0
7.332673 18.06881 0.0
7.332673 18.06881 0.0
7.332673 18.18881 0.0
7.332673 18.06881 0.0
13.315935 14.743659 2.7573383
13.315935 14.743659 2.7573383
16.268309 5.79582 11.257047
13.315935 14.743659 2.7573383
16.392439 10.338309 7.5622168
0.0 18.0 0.0
0.0 21.0 0.0
0.0 21.0 0.0
-8.460777 20.848627 0.0
0.0 21.0 0.0
0.0 24.0 0.0
0.0 24.0 0.0
9.250449 22.794498 0.0
0.0 24.0 0.0
0.0 27.0 0.0
