0.0 0.0 0.0
0.0 3.0 0.0
0.0 3.0 0.0
-2.9209228 2.7328026 0.0
0.0 3.0 0.0
0.0 6.0 0.0
0.0 6.0 0.0
5.4767303 5.124005 0.0
0.0 6.0 0.0
0.0 9.0 0.0
0.0 9.0 0.0
-7.302307 6.8320065 0.0
-7.302307 6.8320065 0.0
-6.968897 0.022212178 7.2861557
-7.302307 6.8320065 0.0
-8.835527 1.434474 5.332369
-8.835527 1.434474 5.332369
-8.835527 2.184474 5.332369
-8.835527 1.434474 5.332369
-2.9494464 -0.17462277 10.095051
0.0 9.0 0.0
0.0 12.0 0.0
0.0 12.0 0.0
-9.492999 8.881609 0.0
0.0 12.0 0.0
0.0 15.0 0.0
0.0 15.0 0.0
11.683691 10.9312105 0.0
0.0 15.0 0.0
0.0 18.0 0.0
0.0 18.0 0.0
13.874383 12.980812 0.0
13.874383 12.980812 0.0
13.874383 13.314145 0.0
13.874383 12.980812 0.0
16.393177 2.3565726 10.1315
16.393177 2.3565726 10.1315
3.8441277 10.967531 15.68344
16.393177 2.3565726 10.1315
5.0482574 -0.48275685 18.892649
0.0 18.0 0.0
0.0 21.0 0.0
0.0 21.0 0.0
-15.772984 14.757134 0.0
0.0 21.0 0.0
0.0 24.0 0.0
0.0 24.0 0.0
17.963675 16.806736 0.0
0.0 24.0 0.0
0.0 27.0 0.0
