0.0 0.0 0.0
0.0 3.0 0.0
0.0 3.0 0.0
-2.4421191 3.1679733 0.0
0.0 3.0 0.0
0.0 6.0 0.0
0.0 6.0 0.0
4.2737083 5.5439534 0.0
0.0 6.0 0.0
0.0 9.0 0.0
0.0 9.0 0.0
-6.105298 7.9199333 0.0
-6.105298 7.9199333 0.0
-8.779904 0.7038835 5.904257
-6.105298 7.9199333 0.0
-9.031242 3.7956023 3.7274663
-9.031242 3.7956023 3.7274663
-9.031242 3.9156022 3.7274663
-9.031242 3.7956023 3.7274663
-6.790374 0.820559 8.465971
0.0 9.0 0.0
0.0 12.0 0.0
0.0 12.0 0.0
-7.6926756 9.979116 0.0
0.0 12.0 0.0
0.0 15.0 0.0
0.0 15.0 0.0
9.7684765 12.671893 0.0
0.0 15.0 0.0
0.0 18.0 0.0
0.0 18.0 0.0
11.905331 15.44387 0.0
11.905331 15.44387 0.0
11.905331 15.563869 0.0
11.905331 15.44387 0.0
17.812397 7.662782 7.268559
17.812397 7.662782 7.268559
7.0976043 4.448717 19.07575
17.812397 7.662782 7.268559
12.702955 0.6404724 16.631649
0.0 18.0 0.0
0.0 21.0 0.0
0.0 21.0 0.0
-13.187444 17.107056 0.0
0.0 21.0 0.0
0.0 24.0 0.0
0.0 24.0 0.0
15.0190325 19.483036 0.0
0.0 24.0 0.0
0.0 27.0 0.0
