0.0 0.0 0.0
0.0 3.0 0.0
0.0 3.0 0.0
-2.076133 2.9410324 0.0
0.0 3.0 0.0
0.0 6.0 0.0
0.0 6.0 0.0
4.0369253 5.718674 0.0
0.0 6.0 0.0
0.0 9.0 0.0
0.0 9.0 0.0
-6.055388 8.5780115 0.0
-6.055388 8.5780115 0.0
-9.075841 1.0732757 5.705871
-6.055388 8.5780115 0.0
-9.565119 4.971854 3.4921641
-9.565119 4.971854 3.4921641
-9.565119 5.721854 3.4921641
-9.565119 4.971854 3.4921641
-8.182576 1.5336652 8.369174
0.0 9.0 0.0
0.0 12.0 0.0
0.0 12.0 0.0
-7.497147 10.620396 0.0
0.0 12.0 0.0
0.0 15.0 0.0
0.0 15.0 0.0
9.227258 13.071256 0.0
0.0 15.0 0.0
0.0 18.0 0.0
0.0 18.0 0.0
10.726687 15.195335 0.0
10.726687 15.195335 0.0
10.726687 15.528668 0.0
10.726687 15.195335 0.0
16.268358 7.850283 6.1861196
16.268358 7.850283 6.1861196
7.583359 3.100027 17.400621
16.268358 7.850283 6.1861196
13.047175 1.6230178 14.435793
0.0 18.0 0.0
0.0 21.0 0.0
0.0 21.0 0.0
-12.456799 17.646196 0.0
0.0 21.0 0.0
0.0 24.0 0.0
0.0 24.0 0.0
14.186909 20.097055 0.0
0.0 24.0 0.0
0.0 27.0 0.0
