0.0 0.0 0.0
0.0 3.0 0.0
0.0 3.0 0.0
-3.3622315 2.166887 0.0
0.0 3.0 0.0
0.0 6.0 0.0
0.0 6.0 0.0
5.547682 3.5753636 0.0
0.0 6.0 0.0
0.0 9.0 0.0
0.0 9.0 0.0
-8.405579 5.4172177 0.0
-8.405579 5.4172177 0.0
-6.6712623 0.7866535 7.654935
-8.405579 5.4172177 0.0
-8.281044 -0.08026028 7.0653753
-8.281044 -0.08026028 7.0653753
-8.281044 0.25307307 7.0653753
-8.281044 -0.08026028 7.0653753
0.013938189 1.7194355 10.788164
0.0 9.0 0.0
0.0 12.0 0.0
0.0 12.0 0.0
-11.347531 7.313244 0.0
0.0 12.0 0.0
0.0 15.0 0.0
0.0 15.0 0.0
13.448926 8.667548 0.0
0.0 15.0 0.0
0.0 18.0 0.0
0.0 18.0 0.0
15.970599 10.292713 0.0
15.970599 10.292713 0.0
15.970599 10.626046 0.0
15.970599 10.292713 0.0
14.17895 -1.1546798 13.424212
14.17895 -1.1546798 13.424212
7.100833 16.634716 7.3675194
14.17895 -1.1546798 13.424212
-2.0817227 2.9445531 19.190416
0.0 18.0 0.0
0.0 21.0 0.0
0.0 21.0 0.0
-18.492273 11.917879 0.0
0.0 21.0 0.0
0.0 24.0 0.0
0.0 24.0 0.0
20.677725 13.326356 0.0
0.0 24.0 0.0
0.0 27.0 0.0
