0.0 0.0 0.0
0.0 3.0 0.0
0.0 3.0 0.0
-1.9695767 3.013431 0.0
0.0 3.0 0.0
0.0 6.0 0.0
0.0 6.0 0.0
4.103285 6.2779818 0.0
0.0 6.0 0.0
0.0 9.0 0.0
0.0 9.0 0.0
-5.252205 8.035817 0.0
-5.252205 8.035817 0.0
-8.893184 1.595458 4.810618
-5.252205 8.035817 0.0
-8.404793 4.8234243 2.8735058
-8.404793 4.8234243 2.8735058
-8.404793 5.156758 2.8735058
-8.404793 4.8234243 2.8735058
-7.540266 1.5507886 7.0036106
0.0 9.0 0.0
0.0 12.0 0.0
0.0 12.0 0.0
-7.385913 11.300366 0.0
0.0 12.0 0.0
0.0 15.0 0.0
0.0 15.0 0.0
8.534833 13.058202 0.0
0.0 15.0 0.0
0.0 18.0 0.0
0.0 18.0 0.0
10.668541 16.322752 0.0
10.668541 16.322752 0.0
10.668541 17.072752 0.0
10.668541 16.322752 0.0
17.226107 10.033005 5.836808
17.226107 10.033005 5.836808
10.5056 2.8919168 18.120417
17.226107 10.033005 5.836808
15.433101 3.0935297 14.3102665
0.0 18.0 0.0
0.0 21.0 0.0
0.0 21.0 0.0
-11.817461 18.080587 0.0
0.0 21.0 0.0
0.0 24.0 0.0
0.0 24.0 0.0
13.951169 21.345137 0.0
0.0 24.0 0.0
0.0 27.0 0.0
