0.0 0.0 0.0
0.0 3.0 0.0
0.0 3.0 0.0
-1.0292804 3.449722 0.0
0.0 3.0 0.0
0.0 6.0 0.0
0.0 6.0 0.0
2.0013785 6.7077928 0.0
0.0 6.0 0.0
0.0 9.0 0.0
0.0 9.0 0.0
-3.002068 10.061689 0.0
-3.002068 10.061689 0.0
-7.796669 7.3194857 1.6449902
-3.002068 10.061689 0.0
-6.06228 10.256564 0.85832494
-6.06228 10.256564 0.85832494
-6.06228 11.006564 0.85832494
-6.06228 10.256564 0.85832494
-8.549935 9.195915 2.5557692
0.0 9.0 0.0
0.0 12.0 0.0
0.0 12.0 0.0
-3.716846 12.45733 0.0
0.0 12.0 0.0
0.0 15.0 0.0
0.0 15.0 0.0
4.7175355 15.811226 0.0
0.0 15.0 0.0
0.0 18.0 0.0
0.0 18.0 0.0
5.4323134 18.206867 0.0
5.4323134 18.206867 0.0
5.4323134 18.540201 0.0
5.4323134 18.206867 0.0
10.622663 17.3959 1.5531595
10.622663 17.3959 1.5531595
16.436047 10.427931 7.1199455
10.622663 17.3959 1.5531595
14.588377 14.844592 4.525463
0.0 18.0 0.0
0.0 21.0 0.0
0.0 21.0 0.0
-6.433003 21.560762 0.0
0.0 21.0 0.0
0.0 24.0 0.0
0.0 24.0 0.0
7.147781 23.956404 0.0
0.0 24.0 0.0
0.0 27.0 0.0
