0.0 0.0 0.0
0.0 3.0 0.0
0.0 3.0 0.0
-1.7671362 3.1364357 0.0
0.0 3.0 0.0
0.0 6.0 0.0
0.0 6.0 0.0
3.6815338 6.534241 0.0
0.0 6.0 0.0
0.0 9.0 0.0
0.0 9.0 0.0
-5.1541476 9.147938 0.0
-5.1541476 9.147938 0.0
-9.849426 2.8440416 4.408474
-5.1541476 9.147938 0.0
-8.697214 6.28848 2.5300226
-8.697214 6.28848 2.5300226
-8.697214 7.03848 2.5300226
-8.697214 6.28848 2.5300226
-8.90094 2.8916106 6.4734488
0.0 9.0 0.0
0.0 12.0 0.0
0.0 12.0 0.0
-6.184977 10.977526 0.0
0.0 12.0 0.0
0.0 15.0 0.0
0.0 15.0 0.0
7.657591 13.591222 0.0
0.0 15.0 0.0
0.0 18.0 0.0
0.0 18.0 0.0
9.571988 16.989027 0.0
9.571988 16.989027 0.0
9.571988 17.322361 0.0
9.571988 16.989027 0.0
15.899521 11.230543 4.698613
15.899521 11.230543 4.698613
12.076473 2.3829026 16.033575
15.899521 11.230543 4.698613
15.86631 4.639669 11.898199
0.0 18.0 0.0
0.0 21.0 0.0
0.0 21.0 0.0
-10.799166 19.167107 0.0
0.0 21.0 0.0
0.0 24.0 0.0
0.0 24.0 0.0
12.075432 21.432312 0.0
0.0 24.0 0.0
0.0 27.0 0.0
