0.0 0.0 0.0
0.0 3.0 0.0
0.0 3.0 0.0
-2.915353 2.7387435 0.0
0.0 3.0 0.0
0.0 6.0 0.0
0.0 6.0 0.0
5.1018677 4.7928014 0.0
0.0 6.0 0.0
0.0 9.0 0.0
0.0 9.0 0.0
-7.2883825 6.846859 0.0
-7.2883825 6.846859 0.0
-7.610438 -0.02013889 7.274174
-7.2883825 6.846859 0.0
-9.135846 1.7355466 5.3120522
-9.135846 1.7355466 5.3120522
-9.135846 2.0688798 5.3120522
-9.135846 1.7355466 5.3120522
-3.9901788 0.47810447 10.295641
0.0 9.0 0.0
0.0 12.0 0.0
0.0 12.0 0.0
-9.474897 8.900916 0.0
0.0 12.0 0.0
0.0 15.0 0.0
0.0 15.0 0.0
12.025831 11.2973175 0.0
0.0 15.0 0.0
0.0 18.0 0.0
0.0 18.0 0.0
13.556392 12.735158 0.0
13.556392 12.735158 0.0
13.556392 12.855158 0.0
13.556392 12.735158 0.0
16.730293 2.9816298 9.880417
16.730293 2.9816298 9.880417
4.40496 10.651149 16.081038
16.730293 2.9816298 9.880417
5.8144608 -0.3741448 18.95866
0.0 18.0 0.0
0.0 21.0 0.0
0.0 21.0 0.0
-15.742907 14.789215 0.0
0.0 21.0 0.0
0.0 24.0 0.0
0.0 24.0 0.0
18.585375 17.45949 0.0
0.0 24.0 0.0
0.0 27.0 0.0
