0.0 0.0 0.0
0.0 3.0 0.0
0.0 3.0 0.0
-2.7603078 2.3109956 0.0
0.0 3.0 0.0
0.0 6.0 0.0
0.0 6.0 0.0
5.0605645 4.236825 0.0
0.0 6.0 0.0
0.0 9.0 0.0
0.0 9.0 0.0
-8.050898 6.7404037 0.0
-8.050898 6.7404037 0.0
-7.212416 0.14975274 7.9254866
-8.050898 6.7404037 0.0
-9.636051 1.3271284 6.1730433
-9.636051 1.3271284 6.1730433
-9.636051 1.4471284 6.1730433
-9.636051 1.3271284 6.1730433
-3.100196 0.7010691 11.351207
0.0 9.0 0.0
0.0 12.0 0.0
0.0 12.0 0.0
-9.967778 8.345262 0.0
0.0 12.0 0.0
0.0 15.0 0.0
0.0 15.0 0.0
12.268035 10.271091 0.0
0.0 15.0 0.0
0.0 18.0 0.0
0.0 18.0 0.0
14.568292 12.196921 0.0
14.568292 12.196921 0.0
14.568292 12.316921 0.0
14.568292 12.196921 0.0
16.122232 1.3009949 11.170269
16.122232 1.3009949 11.170269
3.8305674 13.36556 13.90716
16.122232 1.3009949 11.170269
2.6032872 -0.1481148 19.532436
0.0 18.0 0.0
0.0 21.0 0.0
0.0 21.0 0.0
-16.868547 14.122751 0.0
0.0 21.0 0.0
0.0 24.0 0.0
0.0 24.0 0.0
19.168804 16.04858 0.0
0.0 24.0 0.0
0.0 27.0 0.0
