0.0 0.0 0.0
0.0 3.0 0.0
0.0 3.0 0.0
-2.8693979 2.786854 0.0
0.0 3.0 0.0
0.0 6.0 0.0
0.0 6.0 0.0
5.380121 5.2253513 0.0
0.0 6.0 0.0
0.0 9.0 0.0
0.0 9.0 0.0
-6.886555 6.68845 0.0
-6.886555 6.68845 0.0
-7.0246577 -0.0040315986 6.8836226
-6.886555 6.68845 0.0
-9.216781 2.2631927 4.940067
-9.216781 2.2631927 4.940067
-9.216781 3.0131927 4.940067
-9.216781 2.2631927 4.940067
-4.3457828 0.20919323 10.053464
0.0 9.0 0.0
0.0 12.0 0.0
0.0 12.0 0.0
-9.325543 9.057276 0.0
0.0 12.0 0.0
0.0 15.0 0.0
0.0 15.0 0.0
11.190652 10.868731 0.0
0.0 15.0 0.0
0.0 18.0 0.0
0.0 18.0 0.0
13.62964 13.237556 0.0
13.62964 13.237556 0.0
13.62964 13.357556 0.0
13.62964 13.237556 0.0
16.829262 3.1075802 9.777215
16.829262 3.1075802 9.777215
3.5257196 10.1655855 16.53679
16.829262 3.1075802 9.777215
6.2291317 -0.51798105 18.88438
0.0 18.0 0.0
0.0 21.0 0.0
0.0 21.0 0.0
-16.140364 15.676054 0.0
0.0 21.0 0.0
0.0 24.0 0.0
0.0 24.0 0.0
17.933737 17.417837 0.0
0.0 24.0 0.0
0.0 27.0 0.0
