0.0 0.0 0.0
0.0 3.0 0.0
0.0 3.0 0.0
-3.459653 2.8776383 0.0
0.0 3.0 0.0
0.0 6.0 0.0
0.0 6.0 0.0
5.0741577 4.220536 0.0
0.0 6.0 0.0
0.0 9.0 0.0
0.0 9.0 0.0
-8.072523 6.7144895 0.0
-8.072523 6.7144895 0.0
-6.987977 0.20090318 7.9374866
-8.072523 6.7144895 0.0
-8.92455 0.70869136 6.2062507
-8.92455 0.70869136 6.2062507
-8.92455 1.4586914 6.2062507
-8.92455 0.70869136 6.2062507
-2.296354 0.6931112 10.830042
0.0 9.0 0.0
0.0 12.0 0.0
0.0 12.0 0.0
-10.378959 8.632915 0.0
0.0 12.0 0.0
0.0 15.0 0.0
0.0 15.0 0.0
12.300988 10.231603 0.0
0.0 15.0 0.0
0.0 18.0 0.0
0.0 18.0 0.0
14.299899 11.894238 0.0
14.299899 11.894238 0.0
14.299899 12.644238 0.0
14.299899 11.894238 0.0
15.453354 0.9594102 10.993931
15.453354 0.9594102 10.993931
4.1624675 13.085474 13.192383
15.453354 0.9594102 10.993931
2.4207222 0.15376759 18.911066
0.0 18.0 0.0
0.0 21.0 0.0
0.0 21.0 0.0
-16.606335 13.812664 0.0
0.0 21.0 0.0
0.0 24.0 0.0
0.0 24.0 0.0
19.6047 16.306616 0.0
0.0 24.0 0.0
0.0 27.0 0.0
