0.0 0.0 0.0
0.0 3.0 0.0
0.0 3.0 0.0
-2.4378793 2.6489136 0.0
0.0 3.0 0.0
0.0 6.0 0.0
0.0 6.0 0.0
4.7403207 5.1506658 0.0
0.0 6.0 0.0
0.0 9.0 0.0
0.0 9.0 0.0
-6.501012 7.0637703 0.0
-6.501012 7.0637703 0.0
-7.203687 0.05840397 6.478672
-6.501012 7.0637703 0.0
-9.3190365 3.0619667 4.402412
-9.3190365 3.0619667 4.402412
-9.3190365 3.8119667 4.402412
-9.3190365 3.0619667 4.402412
-5.331671 0.0698812 9.550082
0.0 9.0 0.0
0.0 12.0 0.0
0.0 12.0 0.0
-8.803453 9.565522 0.0
0.0 12.0 0.0
0.0 15.0 0.0
0.0 15.0 0.0
10.835019 11.77295 0.0
0.0 15.0 0.0
0.0 18.0 0.0
0.0 18.0 0.0
13.205179 14.348283 0.0
13.205179 14.348283 0.0
13.205179 14.681616 0.0
13.205179 14.348283 0.0
17.54317 4.71351 8.942398
17.54317 4.71351 8.942398
4.411701 7.850955 18.223593
17.54317 4.71351 8.942398
8.640558 -0.7308674 18.459938
0.0 18.0 0.0
0.0 21.0 0.0
0.0 21.0 0.0
-15.236746 16.555712 0.0
0.0 21.0 0.0
0.0 24.0 0.0
0.0 24.0 0.0
16.658842 18.100912 0.0
0.0 24.0 0.0
0.0 27.0 0.0
