0.0 0.0 0.0
0.0 3.0 0.0
0.0 3.0 0.0
-1.6219906 3.213899 0.0
0.0 3.0 0.0
0.0 6.0 0.0
0.0 6.0 0.0
2.9736493 5.892148 0.0
0.0 6.0 0.0
0.0 9.0 0.0
0.0 9.0 0.0
-4.5055294 8.927497 0.0
-4.5055294 8.927497 0.0
-9.374913 3.5954885 3.6245272
-4.5055294 8.927497 0.0
-8.063779 7.0505066 2.0299795
-8.063779 7.0505066 2.0299795
-8.063779 7.1705065 2.0299795
-8.063779 7.0505066 2.0299795
-9.237507 4.355667 5.445423
0.0 9.0 0.0
0.0 12.0 0.0
0.0 12.0 0.0
-6.0824647 12.052121 0.0
0.0 12.0 0.0
0.0 15.0 0.0
0.0 15.0 0.0
7.4341235 14.7303705 0.0
0.0 15.0 0.0
0.0 18.0 0.0
0.0 18.0 0.0
8.785782 17.408619 0.0
8.785782 17.408619 0.0
8.785782 17.52862 0.0
8.785782 17.408619 0.0
15.296345 12.900375 3.9584599
15.296345 12.900375 3.9584599
14.151627 3.1132154 14.65667
15.296345 12.900375 3.9584599
16.681637 6.703352 10.425727
0.0 18.0 0.0
0.0 21.0 0.0
0.0 21.0 0.0
-9.731944 19.283394 0.0
0.0 21.0 0.0
0.0 24.0 0.0
0.0 24.0 0.0
11.083603 21.961643 0.0
0.0 24.0 0.0
0.0 27.0 0.0
