0.0 0.0 0.0
0.0 3.0 0.0
0.0 3.0 0.0
-1.2244353 4.3302145 0.0
0.0 3.0 0.0
0.0 6.0 0.0
0.0 6.0 0.0
2.0407257 7.2170243 0.0
0.0 6.0 0.0
0.0 9.0 0.0
0.0 9.0 0.0
-2.8570158 10.103834 0.0
-2.8570158 10.103834 0.0
-7.7572923 7.9720974 1.4961078
-2.8570158 10.103834 0.0
-5.8028574 10.417967 0.77738476
-5.8028574 10.417967 0.77738476
-5.8028574 10.7513 0.77738476
-5.8028574 10.417967 0.77738476
-8.167644 9.140449 2.3269925
0.0 9.0 0.0
0.0 12.0 0.0
0.0 12.0 0.0
-3.6733062 12.9906435 0.0
0.0 12.0 0.0
0.0 15.0 0.0
0.0 15.0 0.0
4.353548 15.396318 0.0
0.0 15.0 0.0
0.0 18.0 0.0
0.0 18.0 0.0
5.3058867 18.764263 0.0
5.3058867 18.764263 0.0
5.3058867 18.884264 0.0
5.3058867 18.764263 0.0
10.426897 18.110447 1.4437145
10.426897 18.110447 1.4437145
16.581842 11.456991 6.6900983
10.426897 18.110447 1.4437145
14.476807 15.766216 4.226368
0.0 18.0 0.0
0.0 21.0 0.0
0.0 21.0 0.0
-5.87729 20.78503 0.0
0.0 21.0 0.0
0.0 24.0 0.0
0.0 24.0 0.0
6.938467 24.537882 0.0
0.0 24.0 0.0
0.0 27.0 0.0
