0.0 0.0 0.0
0.0 3.0 0.0
0.0 3.0 0.0
-3.3483987 3.006364 0.0
0.0 3.0 0.0
0.0 6.0 0.0
0.0 6.0 0.0
4.9109845 4.409334 0.0
0.0 6.0 0.0
0.0 9.0 0.0
0.0 9.0 0.0
-7.440886 6.680809 0.0
-7.440886 6.680809 0.0
-6.8472457 0.06408906 7.3978987
-7.440886 6.680809 0.0
-9.036308 1.4324527 5.5366783
-9.036308 1.4324527 5.5366783
-9.036308 1.765786 5.5366783
-9.036308 1.4324527 5.5366783
-2.7931738 -0.068728566 10.422763
0.0 9.0 0.0
0.0 12.0 0.0
0.0 12.0 0.0
-10.045196 9.019093 0.0
0.0 12.0 0.0
0.0 15.0 0.0
0.0 15.0 0.0
11.905417 10.689295 0.0
0.0 15.0 0.0
0.0 18.0 0.0
0.0 18.0 0.0
13.840048 12.426306 0.0
13.840048 12.426306 0.0
13.840048 13.176306 0.0
13.840048 12.426306 0.0
16.539663 2.4238534 10.298222
16.539663 2.4238534 10.298222
3.818691 11.67157 15.338743
16.539663 2.4238534 10.298222
4.8104696 -0.2328496 19.18702
0.0 18.0 0.0
0.0 21.0 0.0
0.0 21.0 0.0
-16.36995 14.697781 0.0
0.0 21.0 0.0
0.0 24.0 0.0
0.0 24.0 0.0
18.602215 16.702023 0.0
0.0 24.0 0.0
0.0 27.0 0.0
