0.0 0.0 0.0
0.0 3.0 0.0
0.0 3.0 0.0
-2.521895 3.7269351 0.0
0.0 3.0 0.0
0.0 6.0 0.0
0.0 6.0 0.0
4.2031584 6.2115583 0.0
0.0 6.0 0.0
0.0 9.0 0.0
0.0 9.0 0.0
-5.884422 8.696182 0.0
-5.884422 8.696182 0.0
-9.195692 1.3264353 5.462452
-5.884422 8.696182 0.0
-9.470236 5.2992277 3.2977543
-9.470236 5.2992277 3.2977543
-9.470236 5.4192276 3.2977543
-9.470236 5.2992277 3.2977543
-8.495485 1.8572373 8.038546
0.0 9.0 0.0
0.0 12.0 0.0
0.0 12.0 0.0
-7.061306 10.435418 0.0
0.0 12.0 0.0
0.0 15.0 0.0
0.0 15.0 0.0
9.246948 13.665428 0.0
0.0 15.0 0.0
0.0 18.0 0.0
0.0 18.0 0.0
10.648001 15.735948 0.0
10.648001 15.735948 0.0
10.648001 16.06928 0.0
10.648001 15.735948 0.0
16.963152 9.332727 5.9673643
16.963152 9.332727 5.9673643
9.060613 2.8017495 17.965733
16.963152 9.332727 5.9673643
14.65646 2.5584617 14.448727
0.0 18.0 0.0
0.0 21.0 0.0
0.0 21.0 0.0
-12.609475 18.634676 0.0
0.0 21.0 0.0
0.0 24.0 0.0
0.0 24.0 0.0
14.290738 21.119299 0.0
0.0 24.0 0.0
0.0 27.0 0.0
