0.0 0.0 0.0
0.0 3.0 0.0
0.0 3.0 0.0
-1.911365 3.0506856 0.0
0.0 3.0 0.0
0.0 6.0 0.0
0.0 6.0 0.0
3.7165432 5.931889 0.0
0.0 6.0 0.0
0.0 9.0 0.0
0.0 9.0 0.0
-5.574815 8.897834 0.0
-5.574815 8.897834 0.0
-9.175426 1.7454698 5.0164504
-5.574815 8.897834 0.0
-9.523891 6.303031 2.959863
-9.523891 6.303031 2.959863
-9.523891 6.6363645 2.959863
-9.523891 6.303031 2.959863
-9.384914 2.7380447 7.5647902
0.0 9.0 0.0
0.0 12.0 0.0
0.0 12.0 0.0
-6.689778 10.677401 0.0
0.0 12.0 0.0
0.0 15.0 0.0
0.0 15.0 0.0
8.494956 13.558603 0.0
0.0 15.0 0.0
0.0 18.0 0.0
0.0 18.0 0.0
10.353228 16.524548 0.0
10.353228 16.524548 0.0
10.353228 16.644548 0.0
10.353228 16.524548 0.0
16.73913 10.19239 5.496888
16.73913 10.19239 5.496888
10.307052 2.3788073 17.460402
16.73913 10.19239 5.496888
15.277399 3.1638527 13.545519
0.0 18.0 0.0
0.0 21.0 0.0
0.0 21.0 0.0
-11.946032 19.066786 0.0
0.0 21.0 0.0
0.0 24.0 0.0
0.0 24.0 0.0
13.060995 20.846354 0.0
0.0 24.0 0.0
0.0 27.0 0.0
