0.0 0.0 0.0
0.0 3.0 0.0
0.0 3.0 0.0
-1.7631118 4.140222 0.0
0.0 3.0 0.0
0.0 6.0 0.0
0.0 6.0 0.0
2.5858974 6.072325 0.0
0.0 6.0 0.0
0.0 9.0 0.0
0.0 9.0 0.0
-3.9180264 9.200493 0.0
-3.9180264 9.200493 0.0
-8.754992 4.6492834 2.8247228
-3.9180264 9.200493 0.0
-7.3131533 7.972595 1.5350931
-7.3131533 7.972595 1.5350931
-7.3131533 8.305928 1.5350931
-7.3131533 7.972595 1.5350931
-8.995915 5.486633 4.277674
0.0 9.0 0.0
0.0 12.0 0.0
0.0 12.0 0.0
-5.2893357 12.420666 0.0
0.0 12.0 0.0
0.0 15.0 0.0
0.0 15.0 0.0
6.268842 14.720789 0.0
0.0 15.0 0.0
0.0 18.0 0.0
0.0 18.0 0.0
7.2875295 17.112917 0.0
7.2875295 17.112917 0.0
7.2875295 17.44625 0.0
7.2875295 17.112917 0.0
13.108793 13.6697645 2.8552732
13.108793 13.6697645 2.8552732
15.264635 4.927466 11.429507
13.108793 13.6697645 2.8552732
16.010765 9.669813 7.763052
0.0 18.0 0.0
0.0 21.0 0.0
0.0 21.0 0.0
-8.619658 20.241085 0.0
0.0 21.0 0.0
0.0 24.0 0.0
0.0 24.0 0.0
9.795066 23.001232 0.0
0.0 24.0 0.0
0.0 27.0 0.0
