0.0 0.0 0.0
0.0 3.0 0.0
0.0 3.0 0.0
-1.544692 3.6897056 0.0
0.0 3.0 0.0
0.0 6.0 0.0
0.0 6.0 0.0
2.8962975 6.918198 0.0
0.0 6.0 0.0
0.0 9.0 0.0
0.0 9.0 0.0
-3.707261 8.855294 0.0
-3.707261 8.855294 0.0
-8.668726 4.8870087 2.6411726
-3.707261 8.855294 0.0
-7.1533346 8.231411 1.4316442
-7.1533346 8.231411 1.4316442
-7.1533346 8.981411 1.4316442
-7.1533346 8.231411 1.4316442
-8.98704 5.811694 4.083011
0.0 9.0 0.0
0.0 12.0 0.0
0.0 12.0 0.0
-4.86578 11.622573 0.0
0.0 12.0 0.0
0.0 15.0 0.0
0.0 15.0 0.0
6.371855 15.220036 0.0
0.0 15.0 0.0
0.0 18.0 0.0
0.0 18.0 0.0
7.182818 17.157131 0.0
7.182818 17.157131 0.0
7.182818 17.907131 0.0
7.182818 17.157131 0.0
12.968973 13.821011 2.7738104
12.968973 13.821011 2.7738104
15.083708 4.8568096 11.186011
12.968973 13.821011 2.7738104
15.770314 9.465191 7.566903
0.0 18.0 0.0
0.0 21.0 0.0
0.0 21.0 0.0
-8.688892 20.754595 0.0
0.0 21.0 0.0
0.0 24.0 0.0
0.0 24.0 0.0
9.6543255 23.06066 0.0
0.0 24.0 0.0
0.0 27.0 0.0
