0.0 0.0 0.0
0.0 3.0 0.0
0.0 3.0 0.0
-2.4398265 2.6471202 0.0
0.0 3.0 0.0
0.0 6.0 0.0
0.0 6.0 0.0
5.082972 5.514834 0.0
0.0 6.0 0.0
0.0 9.0 0.0
0.0 9.0 0.0
-6.777296 7.353112 0.0
-6.777296 7.353112 0.0
-8.121113 0.10970354 6.754825
-6.777296 7.353112 0.0
-9.054425 2.4706 4.593174
-9.054425 2.4706 4.593174
-9.054425 2.5905998 4.593174
-9.054425 2.4706 4.593174
-4.687634 -0.14463043 9.5138645
0.0 9.0 0.0
0.0 12.0 0.0
0.0 12.0 0.0
-8.539393 9.264921 0.0
0.0 12.0 0.0
0.0 15.0 0.0
0.0 15.0 0.0
10.843674 11.764979 0.0
0.0 15.0 0.0
0.0 18.0 0.0
0.0 18.0 0.0
13.215727 14.338569 0.0
13.215727 14.338569 0.0
13.215727 15.088569 0.0
13.215727 14.338569 0.0
17.540916 4.6926675 8.95669
17.540916 4.6926675 8.95669
4.1864905 7.8664904 18.21152
17.540916 4.6926675 8.95669
9.2175255 -0.07387686 18.473953
0.0 18.0 0.0
0.0 21.0 0.0
0.0 21.0 0.0
-14.910051 16.176847 0.0
0.0 21.0 0.0
0.0 24.0 0.0
0.0 24.0 0.0
16.672148 18.088655 0.0
0.0 24.0 0.0
0.0 27.0 0.0
