0.0 0.0 0.0
0.0 3.0 0.0
0.0 3.0 0.0
-1.6717055 4.177966 0.0
0.0 3.0 0.0
0.0 6.0 0.0
0.0 6.0 0.0
2.4518347 6.1276836 0.0
0.0 6.0 0.0
0.0 9.0 0.0
0.0 9.0 0.0
-3.9006462 9.748588 0.0
-3.9006462 9.748588 0.0
-8.852023 5.196716 2.6907058
-3.9006462 9.748588 0.0
-7.541077 9.098251 1.4490515
-7.541077 9.098251 1.4490515
-7.541077 9.848251 1.4490515
-7.541077 9.098251 1.4490515
-9.937733 7.4388285 4.1467886
0.0 9.0 0.0
0.0 12.0 0.0
0.0 12.0 0.0
-4.6807756 11.698306 0.0
0.0 12.0 0.0
0.0 15.0 0.0
0.0 15.0 0.0
5.795246 14.483617 0.0
0.0 15.0 0.0
0.0 18.0 0.0
0.0 18.0 0.0
7.0583124 17.640303 0.0
7.0583124 17.640303 0.0
7.0583124 17.973637 0.0
7.0583124 17.640303 0.0
12.860323 14.500523 2.6220934
12.860323 14.500523 2.6220934
15.951342 5.866272 10.769553
12.860323 14.500523 2.6220934
15.939453 10.317528 7.211931
0.0 18.0 0.0
0.0 21.0 0.0
0.0 21.0 0.0
-8.024187 20.054237 0.0
0.0 21.0 0.0
0.0 24.0 0.0
0.0 24.0 0.0
9.287253 23.210924 0.0
0.0 24.0 0.0
0.0 27.0 0.0
