0.0 0.0 0.0
0.0 3.0 0.0
0.0 3.0 0.0
-1.1184666 3.4218464 0.0
0.0 3.0 0.0
0.0 6.0 0.0
0.0 6.0 0.0
2.1747963 6.65359 0.0
0.0 6.0 0.0
0.0 9.0 0.0
0.0 9.0 0.0
-3.2621944 9.980385 0.0
-3.2621944 9.980385 0.0
-8.461821 7.1041136 1.926719
-3.2621944 9.980385 0.0
-6.234479 9.093432 1.0135155
-6.234479 9.093432 1.0135155
-6.234479 9.426765 1.0135155
-6.234479 9.093432 1.0135155
-8.624615 8.325918 2.9003198
0.0 9.0 0.0
0.0 12.0 0.0
0.0 12.0 0.0
-4.0389075 12.3566675 0.0
0.0 12.0 0.0
0.0 15.0 0.0
0.0 15.0 0.0
4.846689 14.828001 0.0
0.0 15.0 0.0
0.0 18.0 0.0
0.0 18.0 0.0
5.9030185 18.059746 0.0
5.9030185 18.059746 0.0
5.9030185 18.809746 0.0
5.9030185 18.059746 0.0
11.4101515 16.84857 1.8339804
11.4101515 16.84857 1.8339804
16.703827 9.066591 8.218999
11.4101515 16.84857 1.8339804
15.467819 14.248042 5.288187
0.0 18.0 0.0
0.0 21.0 0.0
0.0 21.0 0.0
-6.835074 20.911283 0.0
0.0 21.0 0.0
0.0 24.0 0.0
0.0 24.0 0.0
7.9224725 24.23808 0.0
0.0 24.0 0.0
0.0 27.0 0.0
