0.0 0.0 0.0
0.0 3.0 0.0
0.0 3.0 0.0
-1.3620431 3.3323922 0.0
0.0 3.0 0.0
0.0 6.0 0.0
0.0 6.0 0.0
2.6484175 6.479652 0.0
0.0 6.0 0.0
0.0 9.0 0.0
0.0 9.0 0.0
-3.6321154 8.88638 0.0
-3.6321154 8.88638 0.0
-8.158577 4.6122017 2.544085
-3.6321154 8.88638 0.0
-6.7013235 7.5091634 1.3741939
-6.7013235 7.5091634 1.3741939
-6.7013235 7.842497 1.3741939
-6.7013235 7.5091634 1.3741939
-8.328854 5.3561306 3.807457
0.0 9.0 0.0
0.0 12.0 0.0
0.0 12.0 0.0
-5.107662 12.496471 0.0
0.0 12.0 0.0
0.0 15.0 0.0
0.0 15.0 0.0
6.0535254 14.810633 0.0
0.0 15.0 0.0
0.0 18.0 0.0
0.0 18.0 0.0
7.377734 18.050459 0.0
7.377734 18.050459 0.0
7.377734 18.17046 0.0
7.377734 18.050459 0.0
13.377962 14.680232 2.7913313
13.377962 14.680232 2.7913313
16.227043 5.6943803 11.362682
13.377962 14.680232 2.7913313
16.266594 9.858694 7.6453257
0.0 18.0 0.0
0.0 21.0 0.0
0.0 21.0 0.0
-8.172259 19.994354 0.0
0.0 21.0 0.0
0.0 24.0 0.0
0.0 24.0 0.0
9.307296 22.771349 0.0
0.0 24.0 0.0
0.0 27.0 0.0
