0.0 0.0 0.0
0.0 3.0 0.0
0.0 3.0 0.0
-2.7056506 2.3747535 0.0
0.0 3.0 0.0
0.0 6.0 0.0
0.0 6.0 0.0
5.636772 4.9474034 0.0
0.0 6.0 0.0
0.0 9.0 0.0
0.0 9.0 0.0
-7.215069 6.3326764 0.0
-7.215069 6.3326764 0.0
-6.73109 0.063313544 7.154112
-7.215069 6.3326764 0.0
-9.026389 1.5897987 5.4226265
-9.026389 1.5897987 5.4226265
-9.026389 1.9231321 5.4226265
-9.026389 1.5897987 5.4226265
-3.5615633 0.6261405 10.361016
0.0 9.0 0.0
0.0 12.0 0.0
0.0 12.0 0.0
-9.469778 8.311638 0.0
0.0 12.0 0.0
0.0 15.0 0.0
0.0 15.0 0.0
12.025114 10.554461 0.0
0.0 15.0 0.0
0.0 18.0 0.0
0.0 18.0 0.0
14.279823 12.5334215 0.0
14.279823 12.5334215 0.0
14.279823 13.2834215 0.0
14.279823 12.5334215 0.0
16.76086 2.177609 10.732282
16.76086 2.177609 10.732282
4.5652504 12.327698 15.227131
16.76086 2.177609 10.732282
4.360762 -0.15130281 19.676544
0.0 18.0 0.0
0.0 21.0 0.0
0.0 21.0 0.0
-16.233904 14.248522 0.0
0.0 21.0 0.0
0.0 24.0 0.0
0.0 24.0 0.0
18.488613 16.227484 0.0
0.0 24.0 0.0
0.0 27.0 0.0
