0.0 0.0 0.0
0.0 3.0 0.0
0.0 3.0 0.0
-3.096652 1.8359592 0.0
0.0 3.0 0.0
0.0 6.0 0.0
0.0 6.0 0.0
6.451359 3.824915 0.0
0.0 6.0 0.0
0.0 9.0 0.0
0.0 9.0 0.0
-8.257739 4.895891 0.0
-8.257739 4.895891 0.0
-6.8546906 0.7673149 7.2450533
-8.257739 4.895891 0.0
-6.875204 -0.8196845 7.1031513
-6.875204 -0.8196845 7.1031513
-6.875204 -0.069684505 7.1031513
-6.875204 -0.8196845 7.1031513
1.5168364 2.1276348 9.536448
0.0 9.0 0.0
0.0 12.0 0.0
0.0 12.0 0.0
-11.612446 6.884847 0.0
0.0 12.0 0.0
0.0 15.0 0.0
0.0 15.0 0.0
13.418826 7.9558234 0.0
0.0 15.0 0.0
0.0 18.0 0.0
0.0 18.0 0.0
15.99937 9.485789 0.0
15.99937 9.485789 0.0
15.99937 9.819122 0.0
15.99937 9.485789 0.0
12.836857 -1.8750072 13.762356
12.836857 -1.8750072 13.762356
7.7620697 16.537712 4.6591153
12.836857 -1.8750072 13.762356
-3.021163 4.3603716 18.060669
0.0 18.0 0.0
0.0 21.0 0.0
0.0 21.0 0.0
-18.579914 11.015756 0.0
0.0 21.0 0.0
0.0 24.0 0.0
0.0 24.0 0.0
21.160458 12.545721 0.0
0.0 24.0 0.0
0.0 27.0 0.0
