0.0 0.0 0.0
0.0 3.0 0.0
0.0 3.0 0.0
-2.4171207 2.6678693 0.0
0.0 3.0 0.0
0.0 6.0 0.0
0.0 6.0 0.0
4.431388 4.891094 0.0
0.0 6.0 0.0
0.0 9.0 0.0
0.0 9.0 0.0
-6.7142243 7.4107485 0.0
-6.7142243 7.4107485 0.0
-8.186146 0.14551938 6.6816506
-6.7142243 7.4107485 0.0
-9.334563 2.8921688 4.508081
-9.334563 2.8921688 4.508081
-9.334563 3.6421688 4.508081
-9.334563 2.8921688 4.508081
-5.2280827 -0.024400711 9.608261
0.0 9.0 0.0
0.0 12.0 0.0
0.0 12.0 0.0
-8.459923 9.3375435 0.0
0.0 12.0 0.0
0.0 15.0 0.0
0.0 15.0 0.0
10.47419 11.560768 0.0
0.0 15.0 0.0
0.0 18.0 0.0
0.0 18.0 0.0
12.757026 14.080422 0.0
12.757026 14.080422 0.0
12.757026 14.830422 0.0
12.757026 14.080422 0.0
16.86282 4.531725 8.565353
16.86282 4.531725 8.565353
4.580718 7.351102 17.623701
16.86282 4.531725 8.565353
9.048861 -0.05921507 17.669643
0.0 18.0 0.0
0.0 21.0 0.0
0.0 21.0 0.0
-14.771294 16.303646 0.0
0.0 21.0 0.0
0.0 24.0 0.0
0.0 24.0 0.0
16.516993 18.230442 0.0
0.0 24.0 0.0
0.0 27.0 0.0
