0.0 0.0 0.0
0.0 3.0 0.0
0.0 3.0 0.0
-1.2735757 3.7918339 0.0
0.0 3.0 0.0
0.0 6.0 0.0
0.0 6.0 0.0
2.2287574 6.6357093 0.0
0.0 6.0 0.0
0.0 9.0 0.0
0.0 9.0 0.0
-3.343136 9.953564 0.0
-3.343136 9.953564 0.0
-8.205816 6.4222403 2.0180788
-3.343136 9.953564 0.0
-6.4917746 9.374485 1.0644342
-6.4917746 9.374485 1.0644342
-6.4917746 10.124485 1.0644342
-6.4917746 9.374485 1.0644342
-8.815574 7.9831133 3.075981
0.0 9.0 0.0
0.0 12.0 0.0
0.0 12.0 0.0
-4.298318 12.79744 0.0
0.0 12.0 0.0
0.0 15.0 0.0
0.0 15.0 0.0
5.0943027 15.1673355 0.0
0.0 15.0 0.0
0.0 18.0 0.0
0.0 18.0 0.0
6.0494843 18.011211 0.0
6.0494843 18.011211 0.0
6.0494843 18.761211 0.0
6.0494843 18.011211 0.0
11.489273 16.19596 1.926119
11.489273 16.19596 1.926119
16.224823 8.180454 8.471081
11.489273 16.19596 1.926119
15.377488 13.502553 5.4839954
0.0 18.0 0.0
0.0 21.0 0.0
0.0 21.0 0.0
-7.163863 21.329065 0.0
0.0 21.0 0.0
0.0 24.0 0.0
0.0 24.0 0.0
7.8324904 23.319778 0.0
0.0 24.0 0.0
0.0 27.0 0.0
