0.0 0.0 0.0
0.0 3.0 0.0
0.0 3.0 0.0
-2.3478222 3.8389752 0.0
0.0 3.0 0.0
0.0 6.0 0.0
0.0 6.0 0.0
3.9130373 6.398292 0.0
0.0 6.0 0.0
0.0 9.0 0.0
0.0 9.0 0.0
-5.008688 8.189815 0.0
-5.008688 8.189815 0.0
-8.9977455 2.0414932 4.458712
-5.008688 8.189815 0.0
-8.231252 5.2692842 2.6132243
-8.231252 5.2692842 2.6132243
-8.231252 6.0192842 2.6132243
-8.231252 5.2692842 2.6132243
-7.8897057 2.0547545 6.5239153
0.0 9.0 0.0
0.0 12.0 0.0
0.0 12.0 0.0
-6.7825975 11.090373 0.0
0.0 12.0 0.0
0.0 15.0 0.0
0.0 15.0 0.0
8.139117 13.308448 0.0
0.0 15.0 0.0
0.0 18.0 0.0
0.0 18.0 0.0
9.913028 16.209007 0.0
9.913028 16.209007 0.0
9.913028 16.542341 0.0
9.913028 16.209007 0.0
16.193192 10.268833 5.172006
16.193192 10.268833 5.172006
10.701399 2.3614533 16.771362
16.193192 10.268833 5.172006
15.153868 3.4725838 12.860876
0.0 18.0 0.0
0.0 21.0 0.0
0.0 21.0 0.0
-11.269547 18.427082 0.0
0.0 21.0 0.0
0.0 24.0 0.0
0.0 24.0 0.0
12.834763 20.986399 0.0
0.0 24.0 0.0
0.0 27.0 0.0
