0.0 0.0 0.0
0.0 3.0 0.0
0.0 3.0 0.0
-1.3000283 4.3081236 0.0
0.0 3.0 0.0
0.0 6.0 0.0
0.0 6.0 0.0
1.9067082 6.3185806 0.0
0.0 6.0 0.0
0.0 9.0 0.0
0.0 9.0 0.0
-2.7733939 9.190663 0.0
-2.7733939 9.190663 0.0
-7.075022 6.4784813 1.5341134
-2.7733939 9.190663 0.0
-5.6304064 9.467765 0.8012201
-5.6304064 9.467765 0.8012201
-5.6304064 9.801098 0.8012201
-5.6304064 9.467765 0.8012201
-7.962978 8.531057 2.3936539
0.0 9.0 0.0
0.0 12.0 0.0
0.0 12.0 0.0
-3.900085 12.92437 0.0
0.0 12.0 0.0
0.0 15.0 0.0
0.0 15.0 0.0
4.622323 15.317772 0.0
0.0 15.0 0.0
0.0 18.0 0.0
0.0 18.0 0.0
5.4890084 18.189854 0.0
5.4890084 18.189854 0.0
5.4890084 18.523188 0.0
5.4890084 18.189854 0.0
10.57475 16.85348 1.5857481
10.57475 16.85348 1.5857481
15.997297 9.752393 7.170517
10.57475 16.85348 1.5857481
14.555828 14.778515 4.5731273
0.0 18.0 0.0
0.0 21.0 0.0
0.0 21.0 0.0
-6.5001416 21.540617 0.0
0.0 21.0 0.0
0.0 24.0 0.0
0.0 24.0 0.0
7.106822 23.551075 0.0
0.0 24.0 0.0
0.0 27.0 0.0
