0.0 0.0 0.0
0.0 3.0 0.0
0.0 3.0 0.0
-1.9280044 4.0660543 0.0
0.0 3.0 0.0
0.0 6.0 0.0
0.0 6.0 0.0
2.8277397 5.9635468 0.0
0.0 6.0 0.0
0.0 9.0 0.0
0.0 9.0 0.0
-4.2844543 9.035677 0.0
-4.2844543 9.035677 0.0
-8.804888 3.6949427 3.3172767
-4.2844543 9.035677 0.0
-7.626338 7.047848 1.8356549
-7.626338 7.047848 1.8356549
-7.626338 7.167848 1.8356549
-7.626338 7.047848 1.8356549
-9.178056 5.108142 4.926108
0.0 9.0 0.0
0.0 12.0 0.0
0.0 12.0 0.0
-5.3984127 11.384953 0.0
0.0 12.0 0.0
0.0 15.0 0.0
0.0 15.0 0.0
7.06935 14.908867 0.0
0.0 15.0 0.0
0.0 18.0 0.0
0.0 18.0 0.0
8.140463 17.167786 0.0
8.140463 17.167786 0.0
8.140463 17.917786 0.0
8.140463 17.167786 0.0
14.644283 13.716194 3.487744
14.644283 13.716194 3.487744
14.869162 3.6715565 13.545752
14.644283 13.716194 3.487744
16.739597 7.906647 9.425689
0.0 18.0 0.0
0.0 21.0 0.0
0.0 21.0 0.0
-9.254421 19.517061 0.0
0.0 21.0 0.0
0.0 24.0 0.0
0.0 24.0 0.0
10.925359 23.040976 0.0
0.0 24.0 0.0
0.0 27.0 0.0
