0.0 0.0 0.0
0.0 3.0 0.0
0.0 3.0 0.0
-1.8888845 3.0646558 0.0
0.0 3.0 0.0
0.0 6.0 0.0
0.0 6.0 0.0
3.672831 5.959053 0.0
0.0 6.0 0.0
0.0 9.0 0.0
0.0 9.0 0.0
-5.0370255 8.172416 0.0
-5.0370255 8.172416 0.0
-8.6157255 1.8003075 4.4997277
-5.0370255 8.172416 0.0
-8.253134 5.2180347 2.6428776
-8.253134 5.2180347 2.6428776
-8.253134 5.551368 2.6428776
-8.253134 5.2180347 2.6428776
-8.325453 2.7602131 6.580202
0.0 9.0 0.0
0.0 12.0 0.0
0.0 12.0 0.0
-7.083317 11.492459 0.0
0.0 12.0 0.0
0.0 15.0 0.0
0.0 15.0 0.0
8.185166 13.280175 0.0
0.0 15.0 0.0
0.0 18.0 0.0
0.0 18.0 0.0
9.969112 16.174572 0.0
9.969112 16.174572 0.0
9.969112 16.507906 0.0
9.969112 16.174572 0.0
16.235947 10.167742 5.2306952
16.235947 10.167742 5.2306952
10.560022 2.375354 16.854742
16.235947 10.167742 5.2306952
15.551774 4.1206465 12.971697
0.0 18.0 0.0
0.0 21.0 0.0
0.0 21.0 0.0
-11.543183 18.728453 0.0
0.0 21.0 0.0
0.0 24.0 0.0
0.0 24.0 0.0
12.907378 20.941814 0.0
0.0 24.0 0.0
0.0 27.0 0.0
