0.0 0.0 0.0
0.0 3.0 0.0
0.0 3.0 0.0
-2.872115 2.1704736 0.0
0.0 3.0 0.0
0.0 6.0 0.0
0.0 6.0 0.0
5.584668 4.2203655 0.0
0.0 6.0 0.0
0.0 9.0 0.0
0.0 9.0 0.0
-8.377002 6.330548 0.0
-8.377002 6.330548 0.0
-7.035079 0.38081145 8.058792
-8.377002 6.330548 0.0
-9.292324 0.69171476 6.6832533
-9.292324 0.69171476 6.6832533
-9.292324 0.81171477 6.6832533
-9.292324 0.69171476 6.6832533
-1.512732 0.8041715 11.442902
0.0 9.0 0.0
0.0 12.0 0.0
0.0 12.0 0.0
-10.7704315 8.139276 0.0
0.0 12.0 0.0
0.0 15.0 0.0
0.0 15.0 0.0
12.445832 9.405386 0.0
0.0 15.0 0.0
0.0 18.0 0.0
0.0 18.0 0.0
15.158384 11.455277 0.0
15.158384 11.455277 0.0
15.158384 11.575277 0.0
15.158384 11.455277 0.0
15.447008 0.21811485 12.093507
15.447008 0.21811485 12.093507
4.857881 15.098495 11.558699
15.447008 0.21811485 12.093507
1.1686506 1.3032707 19.61506
0.0 18.0 0.0
0.0 21.0 0.0
0.0 21.0 0.0
-17.23269 13.022841 0.0
0.0 21.0 0.0
0.0 24.0 0.0
0.0 24.0 0.0
20.344149 15.374187 0.0
0.0 24.0 0.0
0.0 27.0 0.0
