0.0 0.0 0.0
0.0 3.0 0.0
0.0 3.0 0.0
-2.349673 2.7274597 0.0
0.0 3.0 0.0
0.0 6.0 0.0
0.0 6.0 0.0
4.5688086 5.3033943 0.0
0.0 6.0 0.0
0.0 9.0 0.0
0.0 9.0 0.0
-6.853213 7.955091 0.0
-6.853213 7.955091 0.0
-8.3472595 0.22358036 6.7777414
-6.853213 7.955091 0.0
-9.517538 3.0927033 4.4730024
-9.517538 3.0927033 4.4730024
-9.517538 3.2127032 4.4730024
-9.517538 3.0927033 4.4730024
-5.661372 -0.003168106 9.600843
0.0 9.0 0.0
0.0 12.0 0.0
0.0 12.0 0.0
-8.48493 9.84916 0.0
0.0 12.0 0.0
0.0 15.0 0.0
0.0 15.0 0.0
10.181917 11.818993 0.0
0.0 15.0 0.0
0.0 18.0 0.0
0.0 18.0 0.0
12.401052 14.394927 0.0
12.401052 14.394927 0.0
12.401052 14.514927 0.0
12.401052 14.394927 0.0
17.492613 5.910195 8.094006
17.492613 5.910195 8.094006
5.37321 6.2803664 18.497883
17.492613 5.910195 8.094006
10.548515 0.03341627 17.549442
0.0 18.0 0.0
0.0 21.0 0.0
0.0 21.0 0.0
-14.685456 17.046623 0.0
0.0 21.0 0.0
0.0 24.0 0.0
0.0 24.0 0.0
16.643517 19.319508 0.0
0.0 24.0 0.0
0.0 27.0 0.0
