0.0 0.0 0.0
0.0 3.0 0.0
0.0 3.0 0.0
-1.2096646 3.812704 0.0
0.0 3.0 0.0
0.0 6.0 0.0
0.0 6.0 0.0
1.9959465 6.2909617 0.0
0.0 6.0 0.0
0.0 9.0 0.0
0.0 9.0 0.0
-3.1753695 10.008348 0.0
-3.1753695 10.008348 0.0
-7.959096 6.779968 1.8306375
-3.1753695 10.008348 0.0
-6.2140665 9.577576 0.960283
-6.2140665 9.577576 0.960283
-6.2140665 10.327576 0.960283
-6.2140665 9.577576 0.960283
-8.7189865 8.855462 2.7945528
0.0 9.0 0.0
0.0 12.0 0.0
0.0 12.0 0.0
-4.0826178 12.867876 0.0
0.0 12.0 0.0
0.0 15.0 0.0
0.0 15.0 0.0
4.8386583 15.250816 0.0
0.0 15.0 0.0
0.0 18.0 0.0
0.0 18.0 0.0
5.745907 18.110344 0.0
5.745907 18.110344 0.0
5.745907 18.860344 0.0
5.745907 18.110344 0.0
11.150897 17.03582 1.737655
11.150897 17.03582 1.737655
16.879911 9.857379 7.8484406
11.150897 17.03582 1.737655
15.235729 14.612507 5.0285025
0.0 18.0 0.0
0.0 21.0 0.0
0.0 21.0 0.0
-6.532189 20.588602 0.0
0.0 21.0 0.0
0.0 24.0 0.0
0.0 24.0 0.0
7.4394374 23.44813 0.0
0.0 24.0 0.0
0.0 27.0 0.0
