0.0 0.0 0.0
0.0 3.0 0.0
0.0 3.0 0.0
-2.6933303 2.957359 0.0
0.0 3.0 0.0
0.0 6.0 0.0
0.0 6.0 0.0
4.443995 4.8796425 0.0
0.0 6.0 0.0
0.0 9.0 0.0
0.0 9.0 0.0
-7.069992 7.7630677 0.0
-7.069992 7.7630677 0.0
-8.122599 0.09858137 7.039189
-7.069992 7.7630677 0.0
-10.1017475 3.32896 4.760456
-10.1017475 3.32896 4.760456
-10.1017475 3.4489598 4.760456
-10.1017475 3.32896 4.760456
-5.797489 0.03424883 10.32143
0.0 9.0 0.0
0.0 12.0 0.0
0.0 12.0 0.0
-9.08999 9.981087 0.0
0.0 12.0 0.0
0.0 15.0 0.0
0.0 15.0 0.0
11.109987 12.199106 0.0
0.0 15.0 0.0
0.0 18.0 0.0
0.0 18.0 0.0
12.523986 13.75172 0.0
12.523986 13.75172 0.0
12.523986 13.87172 0.0
12.523986 13.75172 0.0
16.509382 4.376088 8.432808
16.509382 4.376088 8.432808
4.0495462 7.2658877 17.223782
16.509382 4.376088 8.432808
8.446275 -0.42073154 17.351015
0.0 18.0 0.0
0.0 21.0 0.0
0.0 21.0 0.0
-14.813316 16.265474 0.0
0.0 21.0 0.0
0.0 24.0 0.0
0.0 24.0 0.0
17.169981 18.853165 0.0
0.0 24.0 0.0
0.0 27.0 0.0
