0.0 0.0 0.0
0.0 3.0 0.0
0.0 3.0 0.0
-3.7556942 2.4788628 0.0
0.0 3.0 0.0
0.0 6.0 0.0
0.0 6.0 0.0
6.2594905 4.131438 0.0
0.0 6.0 0.0
0.0 9.0 0.0
0.0 9.0 0.0
-8.012148 5.2882404 0.0
-8.012148 5.2882404 0.0
-6.210992 0.7700479 7.367101
-8.012148 5.2882404 0.0
-8.096703 0.055808544 6.6869283
-8.096703 0.055808544 6.6869283
-8.096703 0.80580854 6.6869283
-8.096703 0.055808544 6.6869283
-0.2637936 1.5169902 10.441048
0.0 9.0 0.0
0.0 12.0 0.0
0.0 12.0 0.0
-10.849783 7.161159 0.0
0.0 12.0 0.0
0.0 15.0 0.0
0.0 15.0 0.0
13.3535795 8.813734 0.0
0.0 15.0 0.0
0.0 18.0 0.0
0.0 18.0 0.0
15.523537 10.245966 0.0
15.523537 10.245966 0.0
15.523537 10.365966 0.0
15.523537 10.245966 0.0
13.762568 -1.1622882 12.955924
13.762568 -1.1622882 12.955924
6.4307756 16.090485 7.5614595
13.762568 -1.1622882 12.955924
-2.2495334 2.3874912 18.623102
0.0 18.0 0.0
0.0 21.0 0.0
0.0 21.0 0.0
-18.361172 12.118884 0.0
0.0 21.0 0.0
0.0 24.0 0.0
0.0 24.0 0.0
20.531128 13.551116 0.0
0.0 24.0 0.0
0.0 27.0 0.0
