0.0 0.0 0.0
0.0 3.0 0.0
0.0 3.0 0.0
-1.3897694 4.2800164 0.0
0.0 3.0 0.0
0.0 6.0 0.0
0.0 6.0 0.0
2.0383284 6.2773576 0.0
0.0 6.0 0.0
0.0 9.0 0.0
0.0 9.0 0.0
-3.2427955 9.986705 0.0
-3.2427955 9.986705 0.0
-8.431201 7.146893 1.9050779
-3.2427955 9.986705 0.0
-6.2030687 9.116633 1.0014974
-6.2030687 9.116633 1.0014974
-6.2030687 9.866633 1.0014974
-6.2030687 9.116633 1.0014974
-8.441633 7.8955135 2.8682802
0.0 9.0 0.0
0.0 12.0 0.0
0.0 12.0 0.0
-4.0148897 12.364492 0.0
0.0 12.0 0.0
0.0 15.0 0.0
0.0 15.0 0.0
4.9414024 15.217836 0.0
0.0 15.0 0.0
0.0 18.0 0.0
0.0 18.0 0.0
5.867915 18.07118 0.0
5.867915 18.07118 0.0
5.867915 18.404514 0.0
5.867915 18.07118 0.0
11.074593 16.034794 1.8122331
11.074593 16.034794 1.8122331
15.881451 8.433556 7.972632
11.074593 16.034794 1.8122331
14.623415 12.7414 5.143893
0.0 18.0 0.0
0.0 21.0 0.0
0.0 21.0 0.0
-6.670893 20.544079 0.0
0.0 21.0 0.0
0.0 24.0 0.0
0.0 24.0 0.0
7.7209415 23.77787 0.0
0.0 24.0 0.0
0.0 27.0 0.0
