0.0 0.0 0.0
0.0 3.0 0.0
0.0 3.0 0.0
-1.4897206 3.712241 0.0
0.0 3.0 0.0
0.0 6.0 0.0
0.0 6.0 0.0
2.458039 6.1251974 0.0
0.0 6.0 0.0
0.0 9.0 0.0
0.0 9.0 0.0
-3.9105165 9.744633 0.0
-3.9105165 9.744633 0.0
-9.008479 5.3289127 2.703243
-3.9105165 9.744633 0.0
-7.5559516 9.084075 1.4563942
-7.5559516 9.084075 1.4563942
-7.5559516 9.417408 1.4563942
-7.5559516 9.084075 1.4563942
-9.946353 7.4130464 4.1656857
0.0 9.0 0.0
0.0 12.0 0.0
0.0 12.0 0.0
-4.69262 11.69356 0.0
0.0 12.0 0.0
0.0 15.0 0.0
0.0 15.0 0.0
5.8099103 14.47774 0.0
0.0 15.0 0.0
0.0 18.0 0.0
0.0 18.0 0.0
7.2623878 18.097174 0.0
7.2623878 18.097174 0.0
7.2623878 18.217175 0.0
7.2623878 18.097174 0.0
13.218456 14.841949 2.7047322
13.218456 14.841949 2.7047322
15.89365 5.5011196 11.092007
13.218456 14.841949 2.7047322
16.201193 10.137421 7.4331064
0.0 18.0 0.0
0.0 21.0 0.0
0.0 21.0 0.0
-8.379679 20.881355 0.0
0.0 21.0 0.0
0.0 24.0 0.0
0.0 24.0 0.0
9.161781 22.830282 0.0
0.0 24.0 0.0
0.0 27.0 0.0
