0.0 0.0 0.0
0.0 3.0 0.0
0.0 3.0 0.0
-1.1429021 3.833246 0.0
0.0 3.0 0.0
0.0 6.0 0.0
0.0 6.0 0.0
1.8857884 6.324856 0.0
0.0 6.0 0.0
0.0 9.0 0.0
0.0 9.0 0.0
-2.7429652 9.199791 0.0
-2.7429652 9.199791 0.0
-7.369145 7.068347 1.502125
-2.7429652 9.199791 0.0
-5.3190823 8.64019 0.7837352
-5.3190823 8.64019 0.7837352
-5.3190823 8.973523 0.7837352
-5.3190823 8.64019 0.7837352
-7.424688 7.845849 2.27086
0.0 9.0 0.0
0.0 12.0 0.0
0.0 12.0 0.0
-3.6001418 12.074725 0.0
0.0 12.0 0.0
0.0 15.0 0.0
0.0 15.0 0.0
4.5716085 15.332984 0.0
0.0 15.0 0.0
0.0 18.0 0.0
0.0 18.0 0.0
5.571648 18.687075 0.0
5.571648 18.687075 0.0
5.571648 18.807076 0.0
5.571648 18.687075 0.0
10.884747 17.819912 1.5919621
10.884747 17.819912 1.5919621
17.060398 11.027748 7.2928233
10.884747 17.819912 1.5919621
14.823263 14.801583 4.6356454
0.0 18.0 0.0
0.0 21.0 0.0
0.0 21.0 0.0
-6.171672 20.69953 0.0
0.0 21.0 0.0
0.0 24.0 0.0
0.0 24.0 0.0
7.286001 24.436943 0.0
0.0 24.0 0.0
0.0 27.0 0.0
