0.0 0.0 0.0
0.0 3.0 0.0
0.0 3.0 0.0
-2.6414728 3.003768 0.0
0.0 3.0 0.0
0.0 6.0 0.0
0.0 6.0 0.0
4.6225777 5.2565937 0.0
0.0 6.0 0.0
0.0 9.0 0.0
0.0 9.0 0.0
-6.603682 7.50942 0.0
-6.603682 7.50942 0.0
-7.6747346 0.13804269 6.549508
-6.603682 7.50942 0.0
-9.343258 3.115327 4.360862
-9.343258 3.115327 4.360862
-9.343258 3.2353268 4.360862
-9.343258 3.115327 4.360862
-5.559733 0.058401585 9.444745
0.0 9.0 0.0
0.0 12.0 0.0
0.0 12.0 0.0
-8.584786 9.762246 0.0
0.0 12.0 0.0
0.0 15.0 0.0
0.0 15.0 0.0
10.301744 11.714695 0.0
0.0 15.0 0.0
0.0 18.0 0.0
0.0 18.0 0.0
12.546996 14.267898 0.0
12.546996 14.267898 0.0
12.546996 14.3878975 0.0
12.546996 14.267898 0.0
16.893713 4.9428964 8.285637
16.893713 4.9428964 8.285637
4.2469587 6.6556597 17.814257
16.893713 4.9428964 8.285637
9.342266 -0.3015399 17.378103
0.0 18.0 0.0
0.0 21.0 0.0
0.0 21.0 0.0
-14.528101 16.520723 0.0
0.0 21.0 0.0
0.0 24.0 0.0
0.0 24.0 0.0
16.83939 19.149021 0.0
0.0 24.0 0.0
0.0 27.0 0.0
