0.0 0.0 0.0
0.0 3.0 0.0
0.0 3.0 0.0
-1.6603833 3.6391108 0.0
0.0 3.0 0.0
0.0 6.0 0.0
0.0 6.0 0.0
2.7396324 6.004533 0.0
0.0 6.0 0.0
0.0 9.0 0.0
0.0 9.0 0.0
-4.1509585 9.097777 0.0
-4.1509585 9.097777 0.0
-9.220918 4.399378 3.135177
-4.1509585 9.097777 0.0
-7.4612365 7.2552333 1.7230456
-7.4612365 7.2552333 1.7230456
-7.4612365 7.375233 1.7230456
-7.4612365 7.2552333 1.7230456
-8.785606 4.6257067 4.6647167
0.0 9.0 0.0
0.0 12.0 0.0
0.0 12.0 0.0
-5.230208 11.4632 0.0
0.0 12.0 0.0
0.0 15.0 0.0
0.0 15.0 0.0
6.4754953 14.192533 0.0
0.0 15.0 0.0
0.0 18.0 0.0
0.0 18.0 0.0
7.7207828 16.921865 0.0
7.7207828 16.921865 0.0
7.7207828 17.671865 0.0
7.7207828 16.921865 0.0
14.037296 13.844088 3.2048647
14.037296 13.844088 3.2048647
14.990034 4.0315886 12.702666
14.037296 13.844088 3.2048647
16.777573 9.210808 8.7425375
0.0 18.0 0.0
0.0 21.0 0.0
0.0 21.0 0.0
-9.132109 20.01511 0.0
0.0 21.0 0.0
0.0 24.0 0.0
0.0 24.0 0.0
10.377396 22.744442 0.0
0.0 24.0 0.0
0.0 27.0 0.0
