0.0 0.0 0.0
0.0 3.0 0.0
0.0 3.0 0.0
-3.0167172 1.9645398 0.0
0.0 3.0 0.0
0.0 6.0 0.0
0.0 6.0 0.0
5.530648 3.6016562 0.0
0.0 6.0 0.0
0.0 9.0 0.0
0.0 9.0 0.0
-8.798759 5.7299075 0.0
-8.798759 5.7299075 0.0
-7.3653984 0.6338086 8.047146
-8.798759 5.7299075 0.0
-7.924539 -0.56930757 7.3731585
-7.924539 -0.56930757 7.3731585
-7.924539 -0.23597422 7.3731585
-7.924539 -0.56930757 7.3731585
0.231879 2.0615547 10.664155
0.0 9.0 0.0
0.0 12.0 0.0
0.0 12.0 0.0
-10.558511 6.8758893 0.0
0.0 12.0 0.0
0.0 15.0 0.0
0.0 15.0 0.0
13.407633 8.731288 0.0
0.0 15.0 0.0
0.0 18.0 0.0
0.0 18.0 0.0
16.340553 10.641257 0.0
16.340553 10.641257 0.0
16.340553 10.97459 0.0
16.340553 10.641257 0.0
14.621233 -1.1196518 13.693008
14.621233 -1.1196518 13.693008
7.1177692 17.010914 7.834644
14.621233 -1.1196518 13.693008
-1.5888124 3.1367407 19.724607
0.0 18.0 0.0
0.0 21.0 0.0
0.0 21.0 0.0
-18.435495 12.005521 0.0
0.0 21.0 0.0
0.0 24.0 0.0
0.0 24.0 0.0
20.949427 13.642637 0.0
0.0 24.0 0.0
0.0 27.0 0.0
