0.0 0.0 0.0
0.0 3.0 0.0
0.0 3.0 0.0
-1.6249312 3.212413 0.0
0.0 3.0 0.0
0.0 6.0 0.0
0.0 6.0 0.0
2.9790406 5.889424 0.0
0.0 6.0 0.0
0.0 9.0 0.0
0.0 9.0 0.0
-4.3331504 8.566435 0.0
-4.3331504 8.566435 0.0
-9.026172 3.452009 3.4905605
-4.3331504 8.566435 0.0
-7.7683372 6.7912035 1.9558532
-7.7683372 6.7912035 1.9558532
-7.7683372 6.9112034 1.9558532
-7.7683372 6.7912035 1.9558532
-9.140289 4.6681385 5.2516727
0.0 9.0 0.0
0.0 12.0 0.0
0.0 12.0 0.0
-5.6872597 11.243446 0.0
0.0 12.0 0.0
0.0 15.0 0.0
0.0 15.0 0.0
7.041369 13.920457 0.0
0.0 15.0 0.0
0.0 18.0 0.0
0.0 18.0 0.0
8.576026 16.954403 0.0
8.576026 16.954403 0.0
8.576026 17.287737 0.0
8.576026 16.954403 0.0
14.932867 12.567178 3.870959
14.932867 12.567178 3.870959
13.6152935 2.9018016 14.322803
14.932867 12.567178 3.870959
16.455215 6.880573 10.194445
0.0 18.0 0.0
0.0 21.0 0.0
0.0 21.0 0.0
-10.15582 20.077581 0.0
0.0 21.0 0.0
0.0 24.0 0.0
0.0 24.0 0.0
11.103697 21.95149 0.0
0.0 24.0 0.0
0.0 27.0 0.0
