0.0 0.0 0.0
0.0 3.0 0.0
0.0 3.0 0.0
-1.4542954 3.7262616 0.0
0.0 3.0 0.0
0.0 6.0 0.0
0.0 6.0 0.0
2.545017 6.520958 0.0
0.0 6.0 0.0
0.0 9.0 0.0
0.0 9.0 0.0
-3.6357384 9.315654 0.0
-3.6357384 9.315654 0.0
-8.785805 5.5928755 2.462797
-3.6357384 9.315654 0.0
-6.905647 8.378307 1.3218594
-6.905647 8.378307 1.3218594
-6.905647 9.128307 1.3218594
-6.905647 8.378307 1.3218594
-8.954821 6.572345 3.7421112
0.0 9.0 0.0
0.0 12.0 0.0
0.0 12.0 0.0
-4.581031 11.737724 0.0
0.0 12.0 0.0
0.0 15.0 0.0
0.0 15.0 0.0
5.8171816 14.905046 0.0
0.0 15.0 0.0
0.0 18.0 0.0
0.0 18.0 0.0
6.907903 17.699743 0.0
6.907903 17.699743 0.0
6.907903 18.449743 0.0
6.907903 17.699743 0.0
12.648085 14.70775 2.511533
12.648085 14.70775 2.511533
16.063847 6.2209854 10.415185
12.648085 14.70775 2.511533
16.018263 11.146753 6.93817
0.0 18.0 0.0
0.0 21.0 0.0
0.0 21.0 0.0
-7.853195 20.121813 0.0
0.0 21.0 0.0
0.0 24.0 0.0
0.0 24.0 0.0
9.271133 23.754917 0.0
0.0 24.0 0.0
0.0 27.0 0.0
