0.0 0.0 0.0
0.0 3.0 0.0
0.0 3.0 0.0
-2.1356134 3.3821821 0.0
0.0 3.0 0.0
0.0 6.0 0.0
0.0 6.0 0.0
3.7373235 5.9188185 0.0
0.0 6.0 0.0
0.0 9.0 0.0
0.0 9.0 0.0
-5.3390336 8.455456 0.0
-5.3390336 8.455456 0.0
-8.729303 1.6142335 4.8205023
-5.3390336 8.455456 0.0
-8.865427 5.5847673 2.850528
-8.865427 5.5847673 2.850528
-8.865427 5.704767 2.850528
-8.865427 5.5847673 2.850528
-8.834053 2.8008394 7.1435323
0.0 9.0 0.0
0.0 12.0 0.0
0.0 12.0 0.0
-6.9407434 10.992092 0.0
0.0 12.0 0.0
0.0 15.0 0.0
0.0 15.0 0.0
8.809405 13.951501 0.0
0.0 15.0 0.0
0.0 18.0 0.0
0.0 18.0 0.0
9.930603 15.727147 0.0
9.930603 15.727147 0.0
9.930603 16.06048 0.0
9.930603 15.727147 0.0
16.030537 9.660496 5.3019824
16.030537 9.660496 5.3019824
9.7352705 2.3045716 16.75293
16.030537 9.660496 5.3019824
14.545576 2.950242 13.041825
0.0 18.0 0.0
0.0 21.0 0.0
0.0 21.0 0.0
-11.745874 18.602001 0.0
0.0 21.0 0.0
0.0 24.0 0.0
0.0 24.0 0.0
13.134023 20.80042 0.0
0.0 24.0 0.0
0.0 27.0 0.0
