0.0 0.0 0.0
0.0 3.0 0.0
0.0 3.0 0.0
-2.648793 2.4380105 0.0
0.0 3.0 0.0
0.0 6.0 0.0
0.0 6.0 0.0
4.8561206 4.469686 0.0
0.0 6.0 0.0
0.0 9.0 0.0
0.0 9.0 0.0
-7.0634484 6.501362 0.0
-7.0634484 6.501362 0.0
-7.2748494 -0.017549753 7.0392337
-7.0634484 6.501362 0.0
-9.126745 1.8991067 5.1971145
-9.126745 1.8991067 5.1971145
-9.126745 2.0191066 5.1971145
-9.126745 1.8991067 5.1971145
-3.7292786 0.22916102 10.234856
0.0 9.0 0.0
0.0 12.0 0.0
0.0 12.0 0.0
-9.565085 8.803927 0.0
0.0 12.0 0.0
0.0 15.0 0.0
0.0 15.0 0.0
11.478104 10.564713 0.0
0.0 15.0 0.0
0.0 18.0 0.0
0.0 18.0 0.0
13.979741 12.867278 0.0
13.979741 12.867278 0.0
13.979741 13.617278 0.0
13.979741 12.867278 0.0
16.982681 2.7639737 10.285955
16.982681 2.7639737 10.285955
4.05099 11.359502 16.073483
16.982681 2.7639737 10.285955
5.1386185 -0.6155963 19.461353
0.0 18.0 0.0
0.0 21.0 0.0
0.0 21.0 0.0
-15.892758 14.628064 0.0
0.0 21.0 0.0
0.0 24.0 0.0
0.0 24.0 0.0
18.762283 17.269241 0.0
0.0 24.0 0.0
0.0 27.0 0.0
