0.0 0.0 0.0
0.0 3.0 0.0
0.0 3.0 0.0
-2.8110476 2.8457005 0.0
0.0 3.0 0.0
0.0 6.0 0.0
0.0 6.0 0.0
4.9193335 4.9799757 0.0
0.0 6.0 0.0
0.0 9.0 0.0
0.0 9.0 0.0
-7.027619 7.114251 0.0
-7.027619 7.114251 0.0
-7.8647156 0.010256365 7.0270915
-7.027619 7.114251 0.0
-8.97814 1.9745662 4.9387426
-8.97814 1.9745662 4.9387426
-8.97814 2.7245662 4.9387426
-8.97814 1.9745662 4.9387426
-4.516674 0.42227888 9.82304
0.0 9.0 0.0
0.0 12.0 0.0
0.0 12.0 0.0
-9.487286 9.604239 0.0
0.0 12.0 0.0
0.0 15.0 0.0
0.0 15.0 0.0
11.5955715 11.738515 0.0
0.0 15.0 0.0
0.0 18.0 0.0
0.0 18.0 0.0
13.352476 13.517077 0.0
13.352476 13.517077 0.0
13.352476 14.267077 0.0
13.352476 13.517077 0.0
16.678976 3.367507 9.383612
16.678976 3.367507 9.383612
3.374795 9.220605 16.792686
16.678976 3.367507 9.383612
6.538418 -0.8819535 18.397085
0.0 18.0 0.0
0.0 21.0 0.0
0.0 21.0 0.0
-15.460762 15.651353 0.0
0.0 21.0 0.0
0.0 24.0 0.0
0.0 24.0 0.0
17.569048 17.785627 0.0
0.0 24.0 0.0
0.0 27.0 0.0
