0.0 0.0 0.0
0.0 3.0 0.0
0.0 3.0 0.0
-3.094419 2.5346737 0.0
0.0 3.0 0.0
0.0 6.0 0.0
0.0 6.0 0.0
5.415233 4.435679 0.0
0.0 6.0 0.0
0.0 9.0 0.0
0.0 9.0 0.0
-7.7360477 6.336684 0.0
-7.7360477 6.336684 0.0
-6.839415 0.18009949 7.5845594
-7.7360477 6.336684 0.0
-9.168796 1.1735799 5.9846435
-9.168796 1.1735799 5.9846435
-9.168796 1.5069133 5.9846435
-9.168796 1.1735799 5.9846435
-2.8161669 0.7811338 10.8853035
0.0 9.0 0.0
0.0 12.0 0.0
0.0 12.0 0.0
-9.74742 7.9842224 0.0
0.0 12.0 0.0
0.0 15.0 0.0
0.0 15.0 0.0
12.764479 10.455529 0.0
0.0 15.0 0.0
0.0 18.0 0.0
0.0 18.0 0.0
14.69849 12.0397 0.0
14.69849 12.0397 0.0
14.69849 12.373033 0.0
14.69849 12.0397 0.0
16.376343 1.3743501 11.370822
16.376343 1.3743501 11.370822
4.504724 13.755379 13.816418
16.376343 1.3743501 11.370822
2.838416 0.28175282 19.874147
0.0 18.0 0.0
0.0 21.0 0.0
0.0 21.0 0.0
-17.019304 13.940705 0.0
0.0 21.0 0.0
0.0 24.0 0.0
0.0 24.0 0.0
19.340118 15.841711 0.0
0.0 24.0 0.0
0.0 27.0 0.0
