0.0 0.0 0.0
0.0 3.0 0.0
0.0 3.0 0.0
-1.3457305 4.294067 0.0
0.0 3.0 0.0
0.0 6.0 0.0
0.0 6.0 0.0
1.9737381 6.2979646 0.0
0.0 6.0 0.0
0.0 9.0 0.0
0.0 9.0 0.0
-3.1400378 10.019489 0.0
-3.1400378 10.019489 0.0
-8.025901 7.029508 1.7921185
-3.1400378 10.019489 0.0
-6.1546106 9.619145 0.93903214
-6.1546106 9.619145 0.93903214
-6.1546106 9.739145 0.93903214
-6.1546106 9.619145 0.93903214
-8.392274 8.079152 2.7366033
0.0 9.0 0.0
0.0 12.0 0.0
0.0 12.0 0.0
-3.887666 12.405082 0.0
0.0 12.0 0.0
0.0 15.0 0.0
0.0 15.0 0.0
4.9343452 15.744911 0.0
0.0 15.0 0.0
0.0 18.0 0.0
0.0 18.0 0.0
5.831499 18.607622 0.0
5.831499 18.607622 0.0
5.831499 19.357622 0.0
5.831499 18.607622 0.0
11.173662 17.04621 1.743917
11.173662 17.04621 1.743917
16.635784 9.602513 7.8091555
11.173662 17.04621 1.743917
15.073469 14.187742 5.0056076
0.0 18.0 0.0
0.0 21.0 0.0
0.0 21.0 0.0
-6.7286525 21.470333 0.0
0.0 21.0 0.0
0.0 24.0 0.0
0.0 24.0 0.0
7.3566604 23.474232 0.0
0.0 24.0 0.0
0.0 27.0 0.0
