0.0 0.0 0.0
0.0 3.0 0.0
0.0 3.0 0.0
-1.5208544 3.6995947 0.0
0.0 3.0 0.0
0.0 6.0 0.0
0.0 6.0 0.0
2.8516018 6.93674 0.0
0.0 6.0 0.0
0.0 9.0 0.0
0.0 9.0 0.0
-3.9922426 9.711436 0.0
-3.9922426 9.711436 0.0
-9.082123 5.144571 2.8078165
-3.9922426 9.711436 0.0
-7.487748 8.503084 1.5179049
-7.487748 8.503084 1.5179049
-7.487748 9.253084 1.5179049
-7.487748 8.503084 1.5179049
-9.484718 6.375687 4.2508516
0.0 9.0 0.0
0.0 12.0 0.0
0.0 12.0 0.0
-4.9427767 12.023683 0.0
0.0 12.0 0.0
0.0 15.0 0.0
0.0 15.0 0.0
6.0834174 14.798379 0.0
0.0 15.0 0.0
0.0 18.0 0.0
0.0 18.0 0.0
7.414165 18.035524 0.0
7.414165 18.035524 0.0
7.414165 18.368858 0.0
7.414165 18.035524 0.0
13.57992 14.998674 2.8189664
13.57992 14.998674 2.8189664
16.08636 5.3523393 11.554937
13.57992 14.998674 2.8189664
16.708372 10.429167 7.7705283
0.0 18.0 0.0
0.0 21.0 0.0
0.0 21.0 0.0
-8.212614 19.977812 0.0
0.0 21.0 0.0
0.0 24.0 0.0
0.0 24.0 0.0
9.353254 22.752508 0.0
0.0 24.0 0.0
0.0 27.0 0.0
