0.0 0.0 0.0
0.0 3.0 0.0
0.0 3.0 0.0
-1.7630087 3.5905154 0.0
0.0 3.0 0.0
0.0 6.0 0.0
0.0 6.0 0.0
3.3056414 6.7322164 0.0
0.0 6.0 0.0
0.0 9.0 0.0
0.0 9.0 0.0
-4.6278977 9.425103 0.0
-4.6278977 9.425103 0.0
-9.451875 3.7278872 3.6618874
-4.6278977 9.425103 0.0
-8.544133 7.975744 2.039756
-8.544133 7.975744 2.039756
-8.544133 8.095744 2.039756
-8.544133 7.975744 2.039756
-10.253792 5.521618 5.5967894
0.0 9.0 0.0
0.0 12.0 0.0
0.0 12.0 0.0
-5.7297783 11.669175 0.0
0.0 12.0 0.0
0.0 15.0 0.0
0.0 15.0 0.0
7.052035 14.3620615 0.0
0.0 15.0 0.0
0.0 18.0 0.0
0.0 18.0 0.0
8.19799 16.695896 0.0
8.19799 16.695896 0.0
8.19799 16.815897 0.0
8.19799 16.695896 0.0
14.228633 12.281909 3.6132822
14.228633 12.281909 3.6132822
13.883544 3.3466039 13.468033
14.228633 12.281909 3.6132822
15.712745 6.6357975 9.514687
0.0 18.0 0.0
0.0 21.0 0.0
0.0 21.0 0.0
-9.520247 19.388783 0.0
0.0 21.0 0.0
0.0 24.0 0.0
0.0 24.0 0.0
11.239181 22.889536 0.0
0.0 24.0 0.0
0.0 27.0 0.0
