0.0 0.0 0.0
0.0 3.0 0.0
0.0 3.0 0.0
-2.1705585 2.8720508 0.0
0.0 3.0 0.0
0.0 6.0 0.0
0.0 6.0 0.0
4.2205305 5.584543 0.0
0.0 6.0 0.0
0.0 9.0 0.0
0.0 9.0 0.0
-6.0293293 7.977919 0.0
-6.0293293 7.977919 0.0
-8.845695 0.79904926 5.8003955
-6.0293293 7.977919 0.0
-9.552048 4.6612086 3.635281
-9.552048 4.6612086 3.635281
-9.552048 4.7812085 3.635281
-9.552048 4.6612086 3.635281
-7.5031414 0.92419815 8.659442
0.0 9.0 0.0
0.0 12.0 0.0
0.0 12.0 0.0
-7.838128 10.371295 0.0
0.0 12.0 0.0
0.0 15.0 0.0
0.0 15.0 0.0
9.948393 13.163567 0.0
0.0 15.0 0.0
0.0 18.0 0.0
0.0 18.0 0.0
11.757193 15.556942 0.0
11.757193 15.556942 0.0
11.757193 16.306942 0.0
11.757193 15.556942 0.0
17.767315 7.952504 7.0887985
17.767315 7.952504 7.0887985
7.2282486 4.098692 19.027533
17.767315 7.952504 7.0887985
13.055164 0.85375166 16.367886
0.0 18.0 0.0
0.0 21.0 0.0
0.0 21.0 0.0
-13.023352 17.232306 0.0
0.0 21.0 0.0
0.0 24.0 0.0
0.0 24.0 0.0
15.073323 19.944798 0.0
0.0 24.0 0.0
0.0 27.0 0.0
