0.0 0.0 0.0
0.0 3.0 0.0
0.0 3.0 0.0
-2.9630456 2.687073 0.0
0.0 3.0 0.0
0.0 6.0 0.0
0.0 6.0 0.0
4.889025 4.4336705 0.0
0.0 6.0 0.0
0.0 9.0 0.0
0.0 9.0 0.0
-7.7779946 7.0535665 0.0
-7.7779946 7.0535665 0.0
-7.425609 0.034505963 7.740971
-7.7779946 7.0535665 0.0
-9.475766 1.5396445 5.761638
-9.475766 1.5396445 5.761638
-9.475766 1.6596445 5.761638
-9.475766 1.5396445 5.761638
-3.6606984 0.48817492 10.889768
0.0 9.0 0.0
0.0 12.0 0.0
0.0 12.0 0.0
-10.000278 9.0688715 0.0
0.0 12.0 0.0
0.0 15.0 0.0
0.0 15.0 0.0
11.555878 10.479585 0.0
0.0 15.0 0.0
0.0 18.0 0.0
0.0 18.0 0.0
14.074467 12.763597 0.0
14.074467 12.763597 0.0
14.074467 12.883596 0.0
14.074467 12.763597 0.0
16.250658 1.9735045 10.425821
16.250658 1.9735045 10.425821
3.4614077 11.678158 15.157256
16.250658 1.9735045 10.425821
4.718418 -0.032328367 19.041595
0.0 18.0 0.0
0.0 21.0 0.0
0.0 21.0 0.0
-16.296751 14.778901 0.0
0.0 21.0 0.0
0.0 24.0 0.0
0.0 24.0 0.0
18.889416 17.13009 0.0
0.0 24.0 0.0
0.0 27.0 0.0
