0.0 0.0 0.0
0.0 3.0 0.0
0.0 3.0 0.0
-2.9909678 2.0035248 0.0
0.0 3.0 0.0
0.0 6.0 0.0
0.0 6.0 0.0
5.483441 3.6731286 0.0
0.0 6.0 0.0
0.0 9.0 0.0
0.0 9.0 0.0
-7.9759145 5.342733 0.0
-7.9759145 5.342733 0.0
-6.2067323 0.7280135 7.3758473
-7.9759145 5.342733 0.0
-7.407754 -0.38058686 6.626584
-7.407754 -0.38058686 6.626584
-7.407754 0.36941314 6.626584
-7.407754 -0.38058686 6.626584
-0.16042846 1.7719026 9.842466
0.0 9.0 0.0
0.0 12.0 0.0
0.0 12.0 0.0
-10.800716 7.2349505 0.0
0.0 12.0 0.0
0.0 15.0 0.0
0.0 15.0 0.0
12.96086 8.681941 0.0
0.0 15.0 0.0
0.0 18.0 0.0
0.0 18.0 0.0
15.785664 10.574159 0.0
15.785664 10.574159 0.0
15.785664 10.694159 0.0
15.785664 10.574159 0.0
14.173071 -1.0802088 13.115114
14.173071 -1.0802088 13.115114
5.7797484 16.568943 8.115957
14.173071 -1.0802088 13.115114
-1.3255905 2.7332063 19.074348
0.0 18.0 0.0
0.0 21.0 0.0
0.0 21.0 0.0
-17.945807 12.021149 0.0
0.0 21.0 0.0
0.0 24.0 0.0
0.0 24.0 0.0
21.186022 14.191633 0.0
0.0 24.0 0.0
0.0 27.0 0.0
