0.0 0.0 0.0
0.0 3.0 0.0
0.0 3.0 0.0
-1.9213758 3.0443907 0.0
0.0 3.0 0.0
0.0 6.0 0.0
0.0 6.0 0.0
4.0028663 6.3424807 0.0
0.0 6.0 0.0
0.0 9.0 0.0
0.0 9.0 0.0
-5.1236687 8.118376 0.0
-5.1236687 8.118376 0.0
-8.954046 1.8258735 4.625075
-5.1236687 8.118376 0.0
-8.530798 5.3985457 2.7345812
-8.530798 5.3985457 2.7345812
-8.530798 5.5185456 2.7345812
-8.530798 5.3985457 2.7345812
-8.068061 2.0013812 6.8655562
0.0 9.0 0.0
0.0 12.0 0.0
0.0 12.0 0.0
-6.938301 10.993633 0.0
0.0 12.0 0.0
0.0 15.0 0.0
0.0 15.0 0.0
8.539448 13.530625 0.0
0.0 15.0 0.0
0.0 18.0 0.0
0.0 18.0 0.0
10.1405945 16.067617 0.0
10.1405945 16.067617 0.0
10.1405945 16.817617 0.0
10.1405945 16.067617 0.0
16.361275 9.856574 5.4121923
16.361275 9.856574 5.4121923
9.932876 2.3478875 17.09797
16.361275 9.856574 5.4121923
15.319147 3.7609582 13.309162
0.0 18.0 0.0
0.0 21.0 0.0
0.0 21.0 0.0
-11.741741 18.60461 0.0
0.0 21.0 0.0
0.0 24.0 0.0
0.0 24.0 0.0
13.609745 21.564434 0.0
0.0 24.0 0.0
0.0 27.0 0.0
