0.0 0.0 0.0
0.0 3.0 0.0
0.0 3.0 0.0
-2.640789 3.6436565 0.0
0.0 3.0 0.0
0.0 6.0 0.0
0.0 6.0 0.0
4.401315 6.0727606 0.0
0.0 6.0 0.0
0.0 9.0 0.0
0.0 9.0 0.0
-5.86842 8.097014 0.0
-5.86842 8.097014 0.0
-8.976066 1.0177494 5.576957
-5.86842 8.097014 0.0
-9.479364 4.982238 3.4438355
-9.479364 4.982238 3.4438355
-9.479364 5.3155713 3.4438355
-9.479364 4.982238 3.4438355
-8.089059 1.5255477 8.351368
0.0 9.0 0.0
0.0 12.0 0.0
0.0 12.0 0.0
-7.628946 10.526119 0.0
0.0 12.0 0.0
0.0 15.0 0.0
0.0 15.0 0.0
9.154736 12.631343 0.0
0.0 15.0 0.0
0.0 18.0 0.0
0.0 18.0 0.0
10.915261 15.060447 0.0
10.915261 15.060447 0.0
10.915261 15.810447 0.0
10.915261 15.060447 0.0
16.874592 8.222448 6.405534
16.874592 8.222448 6.405534
7.8708224 3.4568121 18.030106
16.874592 8.222448 6.405534
13.431683 1.6551437 15.08929
0.0 18.0 0.0
0.0 21.0 0.0
0.0 21.0 0.0
-12.675787 17.489552 0.0
0.0 21.0 0.0
0.0 24.0 0.0
0.0 24.0 0.0
14.436314 19.918655 0.0
0.0 24.0 0.0
0.0 27.0 0.0
