0.0 0.0 0.0
0.0 3.0 0.0
0.0 3.0 0.0
-2.5344524 3.718407 0.0
0.0 3.0 0.0
0.0 6.0 0.0
0.0 6.0 0.0
4.2240877 6.197345 0.0
0.0 6.0 0.0
0.0 9.0 0.0
0.0 9.0 0.0
-5.632117 8.263126 0.0
-5.632117 8.263126 0.0
-8.555575 1.148258 5.2422495
-5.632117 8.263126 0.0
-9.3442745 5.4462705 3.1720738
-9.3442745 5.4462705 3.1720738
-9.3442745 5.779604 3.1720738
-9.3442745 5.4462705 3.1720738
-8.534569 1.984118 7.8839293
0.0 9.0 0.0
0.0 12.0 0.0
0.0 12.0 0.0
-7.603358 11.155221 0.0
0.0 12.0 0.0
0.0 15.0 0.0
0.0 15.0 0.0
9.292993 13.634159 0.0
0.0 15.0 0.0
0.0 18.0 0.0
0.0 18.0 0.0
10.475738 15.369416 0.0
10.475738 15.369416 0.0
10.475738 15.702749 0.0
10.475738 15.369416 0.0
16.372202 8.650963 5.900058
16.372202 8.650963 5.900058
8.930731 2.9772422 17.395857
16.372202 8.650963 5.900058
13.868532 2.2268133 14.096308
0.0 18.0 0.0
0.0 21.0 0.0
0.0 21.0 0.0
-12.165373 17.848354 0.0
0.0 21.0 0.0
0.0 24.0 0.0
0.0 24.0 0.0
13.855007 20.327291 0.0
0.0 24.0 0.0
0.0 27.0 0.0
