0.0 0.0 0.0
0.0 3.0 0.0
0.0 3.0 0.0
-2.9284205 2.0938847 0.0
0.0 3.0 0.0
0.0 6.0 0.0
0.0 6.0 0.0
6.1008763 4.36226 0.0
0.0 6.0 0.0
0.0 9.0 0.0
0.0 9.0 0.0
-8.541226 6.107164 0.0
-8.541226 6.107164 0.0
-7.3819895 0.3961904 8.082234
-8.541226 6.107164 0.0
-9.077536 0.38347292 6.947862
-9.077536 0.38347292 6.947862
-9.077536 0.5034729 6.947862
-9.077536 0.38347292 6.947862
-0.9090585 1.1072228 11.42524
0.0 9.0 0.0
0.0 12.0 0.0
0.0 12.0 0.0
-10.981577 7.8520675 0.0
0.0 12.0 0.0
0.0 15.0 0.0
0.0 15.0 0.0
12.689823 9.073501 0.0
0.0 15.0 0.0
0.0 18.0 0.0
0.0 18.0 0.0
15.862278 11.341875 0.0
15.862278 11.341875 0.0
15.862278 11.675208 0.0
15.862278 11.341875 0.0
15.080311 -0.5591235 12.9031725
15.080311 -0.5591235 12.9031725
5.7065253 16.106836 10.097001
15.080311 -0.5591235 12.9031725
-0.9699858 1.4268607 19.772013
0.0 18.0 0.0
0.0 21.0 0.0
0.0 21.0 0.0
-17.895903 12.795962 0.0
0.0 21.0 0.0
0.0 24.0 0.0
0.0 24.0 0.0
20.010874 14.308212 0.0
0.0 24.0 0.0
0.0 27.0 0.0
