0.0 0.0 0.0
0.0 3.0 0.0
0.0 3.0 0.0
-2.5561976 2.5349264 0.0
0.0 3.0 0.0
0.0 6.0 0.0
0.0 6.0 0.0
4.9703846 4.9290237 0.0
0.0 6.0 0.0
0.0 9.0 0.0
0.0 9.0 0.0
-7.455577 7.3935356 0.0
-7.455577 7.3935356 0.0
-8.143772 -0.005750783 7.4553165
-7.455577 7.3935356 0.0
-10.011538 2.534692 5.293869
-10.011538 2.534692 5.293869
-10.011538 2.654692 5.293869
-10.011538 2.534692 5.293869
-4.542902 -0.12925959 10.8364
0.0 9.0 0.0
0.0 12.0 0.0
0.0 12.0 0.0
-9.585742 9.505975 0.0
0.0 12.0 0.0
0.0 15.0 0.0
0.0 15.0 0.0
11.360879 11.26634 0.0
0.0 15.0 0.0
0.0 18.0 0.0
0.0 18.0 0.0
13.846071 13.730852 0.0
13.846071 13.730852 0.0
13.846071 13.850852 0.0
13.846071 13.730852 0.0
17.3249 3.449881 9.831471
17.3249 3.449881 9.831471
3.6531153 9.945718 17.242144
17.3249 3.449881 9.831471
7.189189 -0.21989512 19.224424
0.0 18.0 0.0
0.0 21.0 0.0
0.0 21.0 0.0
-15.621208 15.491218 0.0
0.0 21.0 0.0
0.0 24.0 0.0
0.0 24.0 0.0
17.751373 17.603657 0.0
0.0 24.0 0.0
0.0 27.0 0.0
