0.0 0.0 0.0
0.0 3.0 0.0
0.0 3.0 0.0
-3.0496325 2.5883858 0.0
0.0 3.0 0.0
0.0 6.0 0.0
0.0 6.0 0.0
5.336857 4.529675 0.0
0.0 6.0 0.0
0.0 9.0 0.0
0.0 9.0 0.0
-7.6240816 6.4709644 0.0
-7.6240816 6.4709644 0.0
-7.3263526 0.0490427 7.522706
-7.6240816 6.4709644 0.0
-8.888385 1.0730817 5.8126616
-8.888385 1.0730817 5.8126616
-8.888385 1.4064151 5.8126616
-8.888385 1.0730817 5.8126616
-2.8159199 0.6586368 10.53793
0.0 9.0 0.0
0.0 12.0 0.0
0.0 12.0 0.0
-9.606343 8.153416 0.0
0.0 12.0 0.0
0.0 15.0 0.0
0.0 15.0 0.0
12.579734 10.677092 0.0
0.0 15.0 0.0
0.0 18.0 0.0
0.0 18.0 0.0
14.866959 12.618381 0.0
14.866959 12.618381 0.0
14.866959 13.368381 0.0
14.866959 12.618381 0.0
16.608063 1.4777675 11.33469
16.608063 1.4777675 11.33469
3.833011 13.439029 14.544974
16.608063 1.4777675 11.33469
2.9464772 -0.26062703 19.99676
0.0 18.0 0.0
0.0 21.0 0.0
0.0 21.0 0.0
-16.468016 13.9772835 0.0
0.0 21.0 0.0
0.0 24.0 0.0
0.0 24.0 0.0
19.060204 16.177412 0.0
0.0 24.0 0.0
0.0 27.0 0.0
