0.0 0.0 0.0
0.0 3.0 0.0
0.0 3.0 0.0
-1.2048846 4.3356953 0.0
0.0 3.0 0.0
0.0 6.0 0.0
0.0 6.0 0.0
2.008141 7.2261586 0.0
0.0 6.0 0.0
0.0 9.0 0.0
0.0 9.0 0.0
-2.5704207 9.249483 0.0
-2.5704207 9.249483 0.0
-6.7203603 6.890006 1.3262132
-2.5704207 9.249483 0.0
-5.2643414 9.693889 0.68823564
-5.2643414 9.693889 0.68823564
-5.2643414 10.443889 0.68823564
-5.2643414 9.693889 0.68823564
-7.5726976 8.994699 2.0726452
0.0 9.0 0.0
0.0 12.0 0.0
0.0 12.0 0.0
-3.6146538 13.007086 0.0
0.0 12.0 0.0
0.0 15.0 0.0
0.0 15.0 0.0
4.41791 15.897549 0.0
0.0 15.0 0.0
0.0 18.0 0.0
0.0 18.0 0.0
5.2211666 18.788012 0.0
5.2211666 18.788012 0.0
5.2211666 18.908012 0.0
5.2211666 18.788012 0.0
10.145138 17.718573 1.3979785
10.145138 17.718573 1.3979785
16.355461 11.708775 6.4319353
10.145138 17.718573 1.3979785
14.20299 15.999883 4.0633173
0.0 18.0 0.0
0.0 21.0 0.0
0.0 21.0 0.0
-6.024423 21.678476 0.0
0.0 21.0 0.0
0.0 24.0 0.0
0.0 24.0 0.0
6.8276796 24.56894 0.0
0.0 24.0 0.0
0.0 27.0 0.0
