0.0 0.0 0.0
0.0 3.0 0.0
0.0 3.0 0.0
-2.964403 2.6855755 0.0
0.0 3.0 0.0
0.0 6.0 0.0
0.0 6.0 0.0
5.5582557 5.035454 0.0
0.0 6.0 0.0
0.0 9.0 0.0
0.0 9.0 0.0
-7.1145673 6.4453816 0.0
-7.1145673 6.4453816 0.0
-6.8147492 0.029664397 7.0799975
-7.1145673 6.4453816 0.0
-8.72481 1.458785 5.272611
-8.72481 1.458785 5.272611
-8.72481 1.7921184 5.272611
-8.72481 1.458785 5.272611
-3.5021422 0.54118013 10.005961
0.0 9.0 0.0
0.0 12.0 0.0
0.0 12.0 0.0
-9.33787 8.459563 0.0
0.0 12.0 0.0
0.0 15.0 0.0
0.0 15.0 0.0
12.228162 11.077999 0.0
0.0 15.0 0.0
0.0 18.0 0.0
0.0 18.0 0.0
14.080914 12.756483 0.0
14.080914 12.756483 0.0
14.080914 13.506483 0.0
14.080914 12.756483 0.0
16.912739 2.5654683 10.435375
16.912739 2.5654683 10.435375
4.0711565 11.705938 15.803086
16.912739 2.5654683 10.435375
5.444338 0.0456748 19.54029
0.0 18.0 0.0
0.0 21.0 0.0
0.0 21.0 0.0
-16.007776 14.502108 0.0
0.0 21.0 0.0
0.0 24.0 0.0
0.0 24.0 0.0
18.23108 16.516289 0.0
0.0 24.0 0.0
0.0 27.0 0.0
