0.0 0.0 0.0
0.0 3.0 0.0
0.0 3.0 0.0
-1.9679447 3.482412 0.0
0.0 3.0 0.0
0.0 6.0 0.0
0.0 6.0 0.0
3.2471087 5.74598 0.0
0.0 6.0 0.0
0.0 9.0 0.0
0.0 9.0 0.0
-5.165855 9.141332 0.0
-5.165855 9.141332 0.0
-9.308616 2.4948916 4.425326
-5.165855 9.141332 0.0
-8.904853 6.616411 2.5415292
-8.904853 6.616411 2.5415292
-8.904853 6.9497447 2.5415292
-8.904853 6.616411 2.5415292
-9.211205 3.0836396 6.593727
0.0 9.0 0.0
0.0 12.0 0.0
0.0 12.0 0.0
-6.3958206 11.31784 0.0
0.0 12.0 0.0
0.0 15.0 0.0
0.0 15.0 0.0
7.871779 13.929648 0.0
0.0 15.0 0.0
0.0 18.0 0.0
0.0 18.0 0.0
9.347737 16.541458 0.0
9.347737 16.541458 0.0
9.347737 16.874792 0.0
9.347737 16.541458 0.0
15.715269 11.26778 4.5989575
15.715269 11.26778 4.5989575
12.4451885 2.6296194 15.8350725
15.715269 11.26778 4.5989575
15.977114 5.062309 11.735561
0.0 18.0 0.0
0.0 21.0 0.0
0.0 21.0 0.0
-10.626902 18.805025 0.0
0.0 21.0 0.0
0.0 24.0 0.0
0.0 24.0 0.0
12.299655 21.765076 0.0
0.0 24.0 0.0
0.0 27.0 0.0
