0.0 0.0 0.0
0.0 3.0 0.0
0.0 3.0 0.0
-2.8077688 3.5165942 0.0
0.0 3.0 0.0
0.0 6.0 0.0
0.0 6.0 0.0
4.118061 5.1576715 0.0
0.0 6.0 0.0
0.0 9.0 0.0
0.0 9.0 0.0
-6.5514607 8.205386 0.0
-6.5514607 8.205386 0.0
-8.64793 0.47591674 6.3889093
-6.5514607 8.205386 0.0
-9.4950075 3.68665 4.0877748
-9.4950075 3.68665 4.0877748
-9.4950075 4.0199833 4.0877748
-9.4950075 3.68665 4.0877748
-6.729542 0.6241634 9.118852
0.0 9.0 0.0
0.0 12.0 0.0
0.0 12.0 0.0
-8.423306 10.549782 0.0
0.0 12.0 0.0
0.0 15.0 0.0
0.0 15.0 0.0
10.295153 12.894178 0.0
0.0 15.0 0.0
0.0 18.0 0.0
0.0 18.0 0.0
12.166998 15.238574 0.0
12.166998 15.238574 0.0
12.166998 15.988574 0.0
12.166998 15.238574 0.0
17.562277 6.757325 7.591582
17.562277 6.757325 7.591582
6.136513 4.997835 18.807125
17.562277 6.757325 7.591582
11.863634 0.454309 16.890516
0.0 18.0 0.0
0.0 21.0 0.0
0.0 21.0 0.0
-14.038844 17.58297 0.0
0.0 21.0 0.0
0.0 24.0 0.0
0.0 24.0 0.0
15.598716 19.536634 0.0
0.0 24.0 0.0
0.0 27.0 0.0
