0.0 0.0 0.0
0.0 3.0 0.0
0.0 3.0 0.0
-2.7858748 3.5339642 0.0
0.0 3.0 0.0
0.0 6.0 0.0
0.0 6.0 0.0
4.333583 5.4972773 0.0
0.0 6.0 0.0
0.0 9.0 0.0
0.0 9.0 0.0
-5.9431996 7.5391235 0.0
-5.9431996 7.5391235 0.0
-7.978849 0.48877478 5.778951
-5.9431996 7.5391235 0.0
-8.70418 3.502385 3.6793356
-8.70418 3.502385 3.6793356
-8.70418 4.252385 3.6793356
-8.70418 3.502385 3.6793356
-6.366705 0.71418095 8.278088
0.0 9.0 0.0
0.0 12.0 0.0
0.0 12.0 0.0
-8.357624 10.601892 0.0
0.0 12.0 0.0
0.0 15.0 0.0
0.0 15.0 0.0
9.6577 12.251076 0.0
0.0 15.0 0.0
0.0 18.0 0.0
0.0 18.0 0.0
12.0721245 15.313845 0.0
12.0721245 15.313845 0.0
12.0721245 15.647178 0.0
12.0721245 15.313845 0.0
17.297308 6.628299 7.4736505
17.297308 6.628299 7.4736505
5.8079967 4.71498 18.56416
17.297308 6.628299 7.4736505
12.066412 0.8381057 16.57772
0.0 18.0 0.0
0.0 21.0 0.0
0.0 21.0 0.0
-13.372199 16.963028 0.0
0.0 21.0 0.0
0.0 24.0 0.0
0.0 24.0 0.0
15.786624 20.025797 0.0
0.0 24.0 0.0
0.0 27.0 0.0
