0.0 0.0 0.0
0.0 3.0 0.0
0.0 3.0 0.0
-1.5920222 3.2288487 0.0
0.0 3.0 0.0
0.0 6.0 0.0
0.0 6.0 0.0
3.095599 6.278317 0.0
0.0 6.0 0.0
0.0 9.0 0.0
0.0 9.0 0.0
-4.6433983 9.417476 0.0
-4.6433983 9.417476 0.0
-9.45644 3.6942055 3.6834755
-4.6433983 9.417476 0.0
-8.342211 7.5017214 2.0534427
-8.342211 7.5017214 2.0534427
-8.342211 7.6217213 2.0534427
-8.342211 7.5017214 2.0534427
-9.877106 5.1664305 5.5309
0.0 9.0 0.0
0.0 12.0 0.0
0.0 12.0 0.0
-5.9700837 12.108183 0.0
0.0 12.0 0.0
0.0 15.0 0.0
0.0 15.0 0.0
7.0756545 14.350439 0.0
0.0 15.0 0.0
0.0 18.0 0.0
0.0 18.0 0.0
8.40234 17.041147 0.0
8.40234 17.041147 0.0
8.40234 17.161148 0.0
8.40234 17.041147 0.0
14.737436 12.84848 3.7157533
14.737436 12.84848 3.7157533
13.956292 3.1161942 13.953192
14.737436 12.84848 3.7157533
16.505686 7.3020163 9.849981
0.0 18.0 0.0
0.0 21.0 0.0
0.0 21.0 0.0
-9.552134 19.373093 0.0
0.0 21.0 0.0
0.0 24.0 0.0
0.0 24.0 0.0
10.8788185 22.0638 0.0
0.0 24.0 0.0
0.0 27.0 0.0
