0.0 0.0 0.0
0.0 3.0 0.0
0.0 3.0 0.0
-2.3715813 3.2211182 0.0
0.0 3.0 0.0
0.0 6.0 0.0
0.0 6.0 0.0
3.913109 5.314845 0.0
0.0 6.0 0.0
0.0 9.0 0.0
0.0 9.0 0.0
-5.6917953 7.730684 0.0
-5.6917953 7.730684 0.0
-7.998462 0.71732175 5.4350553
-5.6917953 7.730684 0.0
-8.867371 4.3131137 3.3746388
-8.867371 4.3131137 3.3746388
-8.867371 5.0631137 3.3746388
-8.867371 4.3131137 3.3746388
-7.052023 0.9090042 7.97495
0.0 9.0 0.0
0.0 12.0 0.0
0.0 12.0 0.0
-7.4704814 10.1465225 0.0
0.0 12.0 0.0
0.0 15.0 0.0
0.0 15.0 0.0
9.486325 12.884473 0.0
0.0 15.0 0.0
0.0 18.0 0.0
0.0 18.0 0.0
11.561459 15.702951 0.0
11.561459 15.702951 0.0
11.561459 15.822951 0.0
11.561459 15.702951 0.0
17.696869 8.333206 6.854735
17.696869 8.333206 6.854735
8.290291 3.9294996 18.93413
17.696869 8.333206 6.854735
13.499667 1.1540303 16.01237
0.0 18.0 0.0
0.0 21.0 0.0
0.0 21.0 0.0
-13.340145 18.11879 0.0
0.0 21.0 0.0
0.0 24.0 0.0
0.0 24.0 0.0
15.118831 20.534628 0.0
0.0 24.0 0.0
0.0 27.0 0.0
