0.0 0.0 0.0
0.0 3.0 0.0
0.0 3.0 0.0
-1.6720593 4.1778245 0.0
0.0 3.0 0.0
0.0 6.0 0.0
0.0 6.0 0.0
2.6009812 6.4988384 0.0
0.0 6.0 0.0
0.0 9.0 0.0
0.0 9.0 0.0
-3.7156873 9.284055 0.0
-3.7156873 9.284055 0.0
-8.435159 4.951641 2.5635748
-3.7156873 9.284055 0.0
-6.8752933 7.8946233 1.3806332
-6.8752933 7.8946233 1.3806332
-6.8752933 8.014624 1.3806332
-6.8752933 7.8946233 1.3806332
-8.940544 6.5408883 3.8364315
0.0 9.0 0.0
0.0 12.0 0.0
0.0 12.0 0.0
-4.830394 12.069271 0.0
0.0 12.0 0.0
0.0 15.0 0.0
0.0 15.0 0.0
5.7964725 14.483126 0.0
0.0 15.0 0.0
0.0 18.0 0.0
0.0 18.0 0.0
7.24559 18.103907 0.0
7.24559 18.103907 0.0
7.24559 18.43724 0.0
7.24559 18.103907 0.0
13.343655 15.236687 2.6922348
13.343655 15.236687 2.6922348
16.242493 5.733678 11.155064
13.343655 15.236687 2.6922348
16.605701 10.8428135 7.4575706
0.0 18.0 0.0
0.0 21.0 0.0
0.0 21.0 0.0
-8.025885 20.053558 0.0
0.0 21.0 0.0
0.0 24.0 0.0
0.0 24.0 0.0
9.140591 22.838776 0.0
0.0 24.0 0.0
0.0 27.0 0.0
