0.0 0.0 0.0
0.0 3.0 0.0
0.0 3.0 0.0
-2.1054797 3.9770536 0.0
0.0 3.0 0.0
0.0 6.0 0.0
0.0 6.0 0.0
3.0880368 5.833012 0.0
0.0 6.0 0.0
0.0 9.0 0.0
0.0 9.0 0.0
-4.912786 9.279792 0.0
-4.912786 9.279792 0.0
-9.847471 3.3543496 4.062986
-4.912786 9.279792 0.0
-8.4599 6.7001657 2.2986157
-8.4599 6.7001657 2.2986157
-8.4599 7.0334992 2.2986157
-8.4599 6.7001657 2.2986157
-9.260178 3.8102655 5.989748
0.0 9.0 0.0
0.0 12.0 0.0
0.0 12.0 0.0
-5.8953433 11.135751 0.0
0.0 12.0 0.0
0.0 15.0 0.0
0.0 15.0 0.0
7.48615 14.1406355 0.0
0.0 15.0 0.0
0.0 18.0 0.0
0.0 18.0 0.0
8.702649 16.43849 0.0
8.702649 16.43849 0.0
8.702649 17.18849 0.0
8.702649 16.43849 0.0
15.190641 12.255209 4.0718336
15.190641 12.255209 4.0718336
13.663251 3.0335908 14.852062
15.190641 12.255209 4.0718336
16.383326 6.3247023 10.706108
0.0 18.0 0.0
0.0 21.0 0.0
0.0 21.0 0.0
-10.527398 19.88527 0.0
0.0 21.0 0.0
0.0 24.0 0.0
0.0 24.0 0.0
11.697109 22.094744 0.0
0.0 24.0 0.0
0.0 27.0 0.0
