0.0 0.0 0.0
0.0 3.0 0.0
0.0 3.0 0.0
-1.6818103 4.1739087 0.0
0.0 3.0 0.0
0.0 6.0 0.0
0.0 6.0 0.0
2.8030171 6.956515 0.0
0.0 6.0 0.0
0.0 9.0 0.0
0.0 9.0 0.0
-3.924224 9.7391205 0.0
-3.924224 9.7391205 0.0
-9.021247 5.2980013 2.7206876
-3.924224 9.7391205 0.0
-7.2401924 8.229555 1.4666222
-7.2401924 8.229555 1.4666222
-7.2401924 8.562888 1.4666222
-7.2401924 8.229555 1.4666222
-9.169899 6.2557597 4.0662613
0.0 9.0 0.0
0.0 12.0 0.0
0.0 12.0 0.0
-4.709069 11.686945 0.0
0.0 12.0 0.0
0.0 15.0 0.0
0.0 15.0 0.0
5.9797697 14.840565 0.0
0.0 15.0 0.0
0.0 18.0 0.0
0.0 18.0 0.0
7.287844 18.086939 0.0
7.287844 18.086939 0.0
7.287844 18.420273 0.0
7.287844 18.086939 0.0
13.590227 15.641225 2.7237267
13.590227 15.641225 2.7237267
16.624275 5.8774095 11.38502
13.590227 15.641225 2.7237267
16.967197 11.104675 7.605504
0.0 18.0 0.0
0.0 21.0 0.0
0.0 21.0 0.0
-8.222183 20.405777 0.0
0.0 21.0 0.0
0.0 24.0 0.0
0.0 24.0 0.0
9.34339 23.188383 0.0
0.0 24.0 0.0
0.0 27.0 0.0
