0.0 0.0 0.0
0.0 3.0 0.0
0.0 3.0 0.0
-3.384619 2.131749 0.0
0.0 3.0 0.0
0.0 6.0 0.0
0.0 6.0 0.0
6.3461604 3.9970293 0.0
0.0 6.0 0.0
0.0 9.0 0.0
0.0 9.0 0.0
-8.461548 5.3293724 0.0
-8.461548 5.3293724 0.0
-6.493565 0.94255066 7.6314254
-8.461548 5.3293724 0.0
-7.758895 -0.44255447 7.159779
-7.758895 -0.44255447 7.159779
-7.758895 0.30744553 7.159779
-7.758895 -0.44255447 7.159779
0.55330074 1.9244734 10.380939
0.0 9.0 0.0
0.0 12.0 0.0
0.0 12.0 0.0
-10.6615505 6.715009 0.0
0.0 12.0 0.0
0.0 15.0 0.0
0.0 15.0 0.0
13.200014 8.313821 0.0
0.0 15.0 0.0
0.0 18.0 0.0
0.0 18.0 0.0
16.500017 10.392276 0.0
16.500017 10.392276 0.0
16.500017 10.725609 0.0
16.500017 10.392276 0.0
14.325998 -1.3692713 13.961568
14.325998 -1.3692713 13.961568
6.9854465 17.477272 6.8897624
14.325998 -1.3692713 13.961568
-2.5394933 3.3391044 19.56265
0.0 18.0 0.0
0.0 21.0 0.0
0.0 21.0 0.0
-19.038483 11.991088 0.0
0.0 21.0 0.0
0.0 24.0 0.0
0.0 24.0 0.0
21.576946 13.589899 0.0
0.0 24.0 0.0
0.0 27.0 0.0
