0.0 0.0 0.0
0.0 3.0 0.0
0.0 3.0 0.0
-2.9598136 3.389617 0.0
0.0 3.0 0.0
0.0 6.0 0.0
0.0 6.0 0.0
4.3410597 4.971438 0.0
0.0 6.0 0.0
0.0 9.0 0.0
0.0 9.0 0.0
-6.5773635 7.532482 0.0
-6.5773635 7.532482 0.0
-7.9135165 0.1817255 6.5173616
-6.5773635 7.532482 0.0
-9.672875 3.5450203 4.326171
-9.672875 3.5450203 4.326171
-9.672875 3.8783536 4.326171
-9.672875 3.5450203 4.326171
-6.071202 0.20148778 9.620882
0.0 9.0 0.0
0.0 12.0 0.0
0.0 12.0 0.0
-8.879441 10.168851 0.0
0.0 12.0 0.0
0.0 15.0 0.0
0.0 15.0 0.0
10.260688 11.750672 0.0
0.0 15.0 0.0
0.0 18.0 0.0
0.0 18.0 0.0
12.496991 14.311716 0.0
12.496991 14.311716 0.0
12.496991 14.431716 0.0
12.496991 14.311716 0.0
16.898556 5.0407295 8.219726
16.898556 5.0407295 8.219726
4.534314 6.5381083 17.852137
16.898556 5.0407295 8.219726
9.225693 -0.5673351 17.306288
0.0 18.0 0.0
0.0 21.0 0.0
0.0 21.0 0.0
-14.207106 16.270163 0.0
0.0 21.0 0.0
0.0 24.0 0.0
0.0 24.0 0.0
16.180315 18.529907 0.0
0.0 24.0 0.0
0.0 27.0 0.0
