0.0 0.0 0.0
0.0 3.0 0.0
0.0 3.0 0.0
-2.3569539 3.8333755 0.0
0.0 3.0 0.0
0.0 6.0 0.0
0.0 6.0 0.0
3.4568655 5.622284 0.0
0.0 6.0 0.0
0.0 9.0 0.0
0.0 9.0 0.0
-5.237675 8.518612 0.0
-5.237675 8.518612 0.0
-8.966005 1.885715 4.6738634
-5.237675 8.518612 0.0
-9.048235 6.1975355 2.7433243
-9.048235 6.1975355 2.7433243
-9.048235 6.3175354 2.7433243
-9.048235 6.1975355 2.7433243
-9.111837 2.8467677 7.076103
0.0 9.0 0.0
0.0 12.0 0.0
0.0 12.0 0.0
-6.808978 11.074196 0.0
0.0 12.0 0.0
0.0 15.0 0.0
0.0 15.0 0.0
8.642164 14.055711 0.0
0.0 15.0 0.0
0.0 18.0 0.0
0.0 18.0 0.0
9.951583 16.185364 0.0
9.951583 16.185364 0.0
9.951583 16.518698 0.0
9.951583 16.185364 0.0
16.01317 9.858631 5.212316
16.01317 9.858631 5.212316
10.067149 2.2049372 16.641926
16.01317 9.858631 5.212316
14.982019 3.5352416 12.827349
0.0 18.0 0.0
0.0 21.0 0.0
0.0 21.0 0.0
-11.784769 19.166878 0.0
0.0 21.0 0.0
0.0 24.0 0.0
0.0 24.0 0.0
13.094189 21.296532 0.0
0.0 24.0 0.0
0.0 27.0 0.0
