0.0 0.0 0.0
0.0 3.0 0.0
0.0 3.0 0.0
-3.1269279 3.2360966 0.0
0.0 3.0 0.0
0.0 6.0 0.0
0.0 6.0 0.0
5.2115464 5.3934946 0.0
0.0 6.0 0.0
0.0 9.0 0.0
0.0 9.0 0.0
-6.9487286 7.191326 0.0
-6.9487286 7.191326 0.0
-7.528408 0.019896701 6.944639
-6.9487286 7.191326 0.0
-9.007528 2.1306767 4.8284826
-9.007528 2.1306767 4.8284826
-9.007528 2.46401 4.8284826
-9.007528 2.1306767 4.8284826
-4.7682967 0.44124913 9.731406
0.0 9.0 0.0
0.0 12.0 0.0
0.0 12.0 0.0
-8.755398 9.061071 0.0
0.0 12.0 0.0
0.0 15.0 0.0
0.0 15.0 0.0
10.840016 11.218469 0.0
0.0 15.0 0.0
0.0 18.0 0.0
0.0 18.0 0.0
12.924635 13.375867 0.0
12.924635 13.375867 0.0
12.924635 13.495867 0.0
12.924635 13.375867 0.0
16.395447 3.591988 8.980978
16.395447 3.591988 8.980978
3.6344068 8.5429735 16.693876
16.395447 3.591988 8.980978
7.1819353 -0.5542009 17.851265
0.0 18.0 0.0
0.0 21.0 0.0
0.0 21.0 0.0
-15.63464 16.180483 0.0
0.0 21.0 0.0
0.0 24.0 0.0
0.0 24.0 0.0
17.093872 17.690662 0.0
0.0 24.0 0.0
0.0 27.0 0.0
