0.0 0.0 0.0
0.0 3.0 0.0
0.0 3.0 0.0
-1.378787 3.3254995 0.0
0.0 3.0 0.0
0.0 6.0 0.0
0.0 6.0 0.0
2.680975 6.466249 0.0
0.0 6.0 0.0
0.0 9.0 0.0
0.0 9.0 0.0
-3.8299642 9.237498 0.0
-3.8299642 9.237498 0.0
-8.68457 4.8480325 2.710028
-3.8299642 9.237498 0.0
-7.1890864 8.101873 1.4668626
-7.1890864 8.101873 1.4668626
-7.1890864 8.435206 1.4668626
-7.1890864 8.101873 1.4668626
-9.293064 6.5414495 4.1084085
0.0 9.0 0.0
0.0 12.0 0.0
0.0 12.0 0.0
-5.1704516 12.470623 0.0
0.0 12.0 0.0
0.0 15.0 0.0
0.0 15.0 0.0
6.1279426 14.779998 0.0
0.0 15.0 0.0
0.0 18.0 0.0
0.0 18.0 0.0
7.276932 17.551247 0.0
7.276932 17.551247 0.0
7.276932 17.88458 0.0
7.276932 17.551247 0.0
13.314568 14.562184 2.7870388
13.314568 14.562184 2.7870388
15.643648 5.1129656 11.390596
13.314568 14.562184 2.7870388
16.335732 10.073787 7.6739583
0.0 18.0 0.0
0.0 21.0 0.0
0.0 21.0 0.0
-8.425921 20.322496 0.0
0.0 21.0 0.0
0.0 24.0 0.0
0.0 24.0 0.0
9.421712 22.724247 0.0
0.0 24.0 0.0
0.0 27.0 0.0
