0.0 0.0 0.0
0.0 3.0 0.0
0.0 3.0 0.0
-2.0787468 3.4174275 0.0
0.0 3.0 0.0
0.0 6.0 0.0
0.0 6.0 0.0
3.8976502 6.4076767 0.0
0.0 6.0 0.0
0.0 9.0 0.0
0.0 9.0 0.0
-4.9889927 8.201826 0.0
-4.9889927 8.201826 0.0
-8.634175 1.8876688 4.430205
-4.9889927 8.201826 0.0
-8.42366 5.646541 2.592713
-8.42366 5.646541 2.592713
-8.42366 6.396541 2.592713
-8.42366 5.646541 2.592713
-8.2437315 2.2969127 6.5927663
0.0 9.0 0.0
0.0 12.0 0.0
0.0 12.0 0.0
-6.755927 11.10664 0.0
0.0 12.0 0.0
0.0 15.0 0.0
0.0 15.0 0.0
8.574831 14.096889 0.0
0.0 15.0 0.0
0.0 18.0 0.0
0.0 18.0 0.0
9.666173 15.891038 0.0
9.666173 15.891038 0.0
9.666173 16.641037 0.0
9.666173 15.891038 0.0
16.09348 10.566391 5.0233817
16.09348 10.566391 5.0233817
11.030812 2.4016638 16.600952
16.09348 10.566391 5.0233817
15.787416 4.520219 12.655329
0.0 18.0 0.0
0.0 21.0 0.0
0.0 21.0 0.0
-11.433107 18.79585 0.0
0.0 21.0 0.0
0.0 24.0 0.0
0.0 24.0 0.0
12.992167 21.358923 0.0
0.0 24.0 0.0
0.0 27.0 0.0
