0.0 0.0 0.0
0.0 3.0 0.0
0.0 3.0 0.0
-2.6285346 3.0150962 0.0
0.0 3.0 0.0
0.0 6.0 0.0
0.0 6.0 0.0
4.5999355 5.276418 0.0
0.0 6.0 0.0
0.0 9.0 0.0
0.0 9.0 0.0
-6.8999033 7.9146276 0.0
-6.8999033 7.9146276 0.0
-8.087869 0.16350704 6.8354626
-6.8999033 7.9146276 0.0
-9.778456 3.3018832 4.5341587
-9.778456 3.3018832 4.5341587
-9.778456 3.421883 4.5341587
-9.778456 3.3018832 4.5341587
-6.4654503 0.7339308 9.843483
0.0 9.0 0.0
0.0 12.0 0.0
0.0 12.0 0.0
-8.8713045 10.17595 0.0
0.0 12.0 0.0
0.0 15.0 0.0
0.0 15.0 0.0
10.514138 12.060385 0.0
0.0 15.0 0.0
0.0 18.0 0.0
0.0 18.0 0.0
12.485539 14.321707 0.0
12.485539 14.321707 0.0
12.485539 14.441707 0.0
12.485539 14.321707 0.0
16.89953 5.06313 8.204668
16.89953 5.06313 8.204668
4.551987 6.5052 17.86041
16.89953 5.06313 8.204668
9.259308 -0.5591512 17.289717
0.0 18.0 0.0
0.0 21.0 0.0
0.0 21.0 0.0
-14.45694 16.583029 0.0
0.0 21.0 0.0
0.0 24.0 0.0
0.0 24.0 0.0
16.42834 18.84435 0.0
0.0 24.0 0.0
0.0 27.0 0.0
