0.0 0.0 0.0
0.0 3.0 0.0
0.0 3.0 0.0
-3.0202916 1.9590402 0.0
0.0 3.0 0.0
0.0 6.0 0.0
0.0 6.0 0.0
6.292274 4.0813336 0.0
0.0 6.0 0.0
0.0 9.0 0.0
0.0 9.0 0.0
-8.809184 5.713867 0.0
-8.809184 5.713867 0.0
-6.9862356 0.8140321 8.043645
-8.809184 5.713867 0.0
-7.9058037 -0.58595586 7.3906403
-7.9058037 -0.58595586 7.3906403
-7.9058037 0.16404414 7.3906403
-7.9058037 -0.58595586 7.3906403
0.26619083 2.0900707 10.654554
0.0 9.0 0.0
0.0 12.0 0.0
0.0 12.0 0.0
-10.571021 6.856641 0.0
0.0 12.0 0.0
0.0 15.0 0.0
0.0 15.0 0.0
13.087931 8.489174 0.0
0.0 15.0 0.0
0.0 18.0 0.0
0.0 18.0 0.0
16.359913 10.611467 0.0
16.359913 10.611467 0.0
16.359913 10.9448 0.0
16.359913 10.611467 0.0
14.586325 -1.1503959 13.725474
14.586325 -1.1503959 13.725474
7.16951 17.03743 7.7222996
14.586325 -1.1503959 13.725474
-2.0730855 2.919745 19.706585
0.0 18.0 0.0
0.0 21.0 0.0
0.0 21.0 0.0
-18.12175 11.754241 0.0
0.0 21.0 0.0
0.0 24.0 0.0
0.0 24.0 0.0
21.393732 13.876534 0.0
0.0 24.0 0.0
0.0 27.0 0.0
