0.0 0.0 0.0
0.0 3.0 0.0
0.0 3.0 0.0
-2.2844462 3.877023 0.0
0.0 3.0 0.0
0.0 6.0 0.0
0.0 6.0 0.0
3.350521 5.6863003 0.0
0.0 6.0 0.0
0.0 9.0 0.0
0.0 9.0 0.0
-4.8734856 8.270983 0.0
-4.8734856 8.270983 0.0
-8.67098 2.1036453 4.2630844
-4.8734856 8.270983 0.0
-8.12092 5.511348 2.474048
-8.12092 5.511348 2.474048
-8.12092 6.261348 2.474048
-8.12092 5.511348 2.474048
-8.505307 3.1264067 6.2541656
0.0 9.0 0.0
0.0 12.0 0.0
0.0 12.0 0.0
-6.8533387 11.631068 0.0
0.0 12.0 0.0
0.0 15.0 0.0
0.0 15.0 0.0
8.122476 13.78497 0.0
0.0 15.0 0.0
0.0 18.0 0.0
0.0 18.0 0.0
9.442378 16.025028 0.0
9.442378 16.025028 0.0
9.442378 16.14503 0.0
9.442378 16.025028 0.0
15.448727 10.193607 4.793468
15.448727 10.193607 4.793468
10.617512 2.117187 15.836571
15.448727 10.193607 4.793468
15.053328 4.1224203 11.972483
0.0 18.0 0.0
0.0 21.0 0.0
0.0 21.0 0.0
-11.422232 19.385115 0.0
0.0 21.0 0.0
0.0 24.0 0.0
0.0 24.0 0.0
12.691368 21.539017 0.0
0.0 24.0 0.0
0.0 27.0 0.0
