0.0 0.0 0.0
0.0 3.0 0.0
0.0 3.0 0.0
-3.2307835 3.1324172 0.0
0.0 3.0 0.0
0.0 6.0 0.0
0.0 6.0 0.0
5.3846393 5.2206955 0.0
0.0 6.0 0.0
0.0 9.0 0.0
0.0 9.0 0.0
-7.1795187 6.960927 0.0
-7.1795187 6.960927 0.0
-7.297634 -0.0036526918 7.176088
-7.1795187 6.960927 0.0
-9.553339 2.3015459 5.154549
-9.553339 2.3015459 5.154549
-9.553339 2.4215457 5.154549
-9.553339 2.3015459 5.154549
-4.4233313 0.18073273 10.446882
0.0 9.0 0.0
0.0 12.0 0.0
0.0 12.0 0.0
-9.69235 9.397252 0.0
0.0 12.0 0.0
0.0 15.0 0.0
0.0 15.0 0.0
11.846207 11.48553 0.0
0.0 15.0 0.0
0.0 18.0 0.0
0.0 18.0 0.0
13.353906 12.947325 0.0
13.353906 12.947325 0.0
13.353906 13.697325 0.0
13.353906 12.947325 0.0
16.484077 3.0348687 9.587461
16.484077 3.0348687 9.587461
3.4653163 9.990062 16.179853
16.484077 3.0348687 9.587461
5.805499 -0.76599073 18.508537
0.0 18.0 0.0
0.0 21.0 0.0
0.0 21.0 0.0
-15.794942 15.31404 0.0
0.0 21.0 0.0
0.0 24.0 0.0
0.0 24.0 0.0
17.661617 17.12388 0.0
0.0 24.0 0.0
0.0 27.0 0.0
