0.0 0.0 0.0
0.0 3.0 0.0
0.0 3.0 0.0
-2.8322208 2.8246284 0.0
0.0 3.0 0.0
0.0 6.0 0.0
0.0 6.0 0.0
4.9563866 4.9430995 0.0
0.0 6.0 0.0
0.0 9.0 0.0
0.0 9.0 0.0
-7.4345794 7.4146495 0.0
-7.4345794 7.4146495 0.0
-7.5346756 -2.6869774E-4 7.4345527
-7.4345794 7.4146495 0.0
-9.665348 2.2247884 5.2640924
-9.665348 2.2247884 5.2640924
-9.665348 2.9747884 5.2640924
-9.665348 2.2247884 5.2640924
-4.470993 0.08366203 10.560876
0.0 9.0 0.0
0.0 12.0 0.0
0.0 12.0 0.0
-9.204718 9.180042 0.0
0.0 12.0 0.0
0.0 15.0 0.0
0.0 15.0 0.0
11.682911 11.651592 0.0
0.0 15.0 0.0
0.0 18.0 0.0
0.0 18.0 0.0
13.453049 13.416985 0.0
13.453049 13.416985 0.0
13.453049 14.166985 0.0
13.453049 13.416985 0.0
16.916489 3.4541554 9.525501
16.916489 3.4541554 9.525501
3.5998344 9.561248 16.890858
16.916489 3.4541554 9.525501
6.8265944 -0.5373452 18.704308
0.0 18.0 0.0
0.0 21.0 0.0
0.0 21.0 0.0
-15.293993 15.252994 0.0
0.0 21.0 0.0
0.0 24.0 0.0
0.0 24.0 0.0
17.418158 17.371464 0.0
0.0 24.0 0.0
0.0 27.0 0.0
