0.0 0.0 0.0
0.0 3.0 0.0
0.0 3.0 0.0
-1.1940588 3.81762 0.0
0.0 3.0 0.0
0.0 6.0 0.0
0.0 6.0 0.0
2.089603 6.6808352 0.0
0.0 6.0 0.0
0.0 9.0 0.0
0.0 9.0 0.0
-2.8657413 9.162289 0.0
-2.8657413 9.162289 0.0
-7.5833898 6.8038015 1.6329219
-2.8657413 9.162289 0.0
-5.524559 8.500717 0.8554659
-5.524559 8.500717 0.8554659
-5.524559 9.250717 0.8554659
-5.524559 8.500717 0.8554659
-7.7738953 8.046998 2.465623
0.0 9.0 0.0
0.0 12.0 0.0
0.0 12.0 0.0
-4.029948 12.884468 0.0
0.0 12.0 0.0
0.0 15.0 0.0
0.0 15.0 0.0
4.776235 15.27048 0.0
0.0 15.0 0.0
0.0 18.0 0.0
0.0 18.0 0.0
5.8210363 18.610897 0.0
5.8210363 18.610897 0.0
5.8210363 19.360897 0.0
5.8210363 18.610897 0.0
11.037052 16.67654 1.7376649
11.037052 16.67654 1.7376649
16.33222 9.374365 7.7169743
11.037052 16.67654 1.7376649
14.835169 13.880924 4.9531584
0.0 18.0 0.0
0.0 21.0 0.0
0.0 21.0 0.0
-6.567323 20.99691 0.0
0.0 21.0 0.0
0.0 24.0 0.0
0.0 24.0 0.0
7.3434615 23.478363 0.0
0.0 24.0 0.0
0.0 27.0 0.0
