0.0 0.0 0.0
0.0 3.0 0.0
0.0 3.0 0.0
-3.4049835 2.942123 0.0
0.0 3.0 0.0
0.0 6.0 0.0
0.0 6.0 0.0
5.6749725 4.903538 0.0
0.0 6.0 0.0
0.0 9.0 0.0
0.0 9.0 0.0
-7.263965 6.276529 0.0
-7.263965 6.276529 0.0
-6.6928205 0.08374649 7.1871142
-7.263965 6.276529 0.0
-8.989275 1.4907765 5.4963737
-8.989275 1.4907765 5.4963737
-8.989275 2.2407765 5.4963737
-8.989275 1.4907765 5.4963737
-3.3864636 0.65518737 10.395409
0.0 9.0 0.0
0.0 12.0 0.0
0.0 12.0 0.0
-9.533955 8.237945 0.0
0.0 12.0 0.0
0.0 15.0 0.0
0.0 15.0 0.0
12.48494 10.787784 0.0
0.0 15.0 0.0
0.0 18.0 0.0
0.0 18.0 0.0
14.754929 12.749199 0.0
14.754929 12.749199 0.0
14.754929 12.869199 0.0
14.754929 12.749199 0.0
16.710667 1.6898837 11.164509
16.710667 1.6898837 11.164509
3.9561176 13.034698 14.914149
16.710667 1.6898837 11.164509
3.3526344 -0.3776827 19.943756
0.0 18.0 0.0
0.0 21.0 0.0
0.0 21.0 0.0
-17.024918 14.710614 0.0
0.0 21.0 0.0
0.0 24.0 0.0
0.0 24.0 0.0
18.916576 16.345127 0.0
0.0 24.0 0.0
0.0 27.0 0.0
