0.0 0.0 0.0
0.0 3.0 0.0
0.0 3.0 0.0
-2.4985306 2.591784 0.0
0.0 3.0 0.0
0.0 6.0 0.0
0.0 6.0 0.0
4.5806394 4.751604 0.0
0.0 6.0 0.0
0.0 9.0 0.0
0.0 9.0 0.0
-6.940363 7.1994 0.0
-6.940363 7.1994 0.0
-7.5369897 0.021867454 6.9357057
-6.940363 7.1994 0.0
-9.287966 2.435223 4.816864
-9.287966 2.435223 4.816864
-9.287966 3.185223 4.816864
-9.287966 2.435223 4.816864
-5.1384506 0.5124757 9.914039
0.0 9.0 0.0
0.0 12.0 0.0
0.0 12.0 0.0
-9.36949 9.71919 0.0
0.0 12.0 0.0
0.0 15.0 0.0
0.0 15.0 0.0
11.104581 11.51904 0.0
0.0 15.0 0.0
0.0 18.0 0.0
0.0 18.0 0.0
13.533708 14.03883 0.0
13.533708 14.03883 0.0
13.533708 14.78883 0.0
13.533708 14.03883 0.0
17.4522 4.0647416 9.392884
17.4522 4.0647416 9.392884
4.0747333 8.9025755 17.784523
17.4522 4.0647416 9.392884
8.214555 -0.18954039 18.874773
0.0 18.0 0.0
0.0 21.0 0.0
0.0 21.0 0.0
-14.991184 15.550704 0.0
0.0 21.0 0.0
0.0 24.0 0.0
0.0 24.0 0.0
17.350908 17.9985 0.0
0.0 24.0 0.0
0.0 27.0 0.0
