0.0 0.0 0.0
0.0 3.0 0.0
0.0 3.0 0.0
-2.3285334 2.7455292 0.0
0.0 3.0 0.0
0.0 6.0 0.0
0.0 6.0 0.0
4.268978 5.03347 0.0
0.0 6.0 0.0
0.0 9.0 0.0
0.0 9.0 0.0
-6.4681487 7.6264706 0.0
-6.4681487 7.6264706 0.0
-8.02541 0.25769746 6.3813653
-6.4681487 7.6264706 0.0
-9.0830765 3.0832114 4.183695
-9.0830765 3.0832114 4.183695
-9.0830765 3.8332114 4.183695
-9.0830765 3.0832114 4.183695
-5.8602953 0.38377547 9.065752
0.0 9.0 0.0
0.0 12.0 0.0
0.0 12.0 0.0
-8.408593 9.914412 0.0
0.0 12.0 0.0
0.0 15.0 0.0
0.0 15.0 0.0
10.349038 12.202353 0.0
0.0 15.0 0.0
0.0 18.0 0.0
0.0 18.0 0.0
12.289483 14.4902935 0.0
12.289483 14.4902935 0.0
12.289483 14.610293 0.0
12.289483 14.4902935 0.0
17.16729 5.7513294 7.9490204
17.16729 5.7513294 7.9490204
4.9697804 5.9305606 18.23472
17.16729 5.7513294 7.9490204
10.17197 -0.29902697 17.166355
0.0 18.0 0.0
0.0 21.0 0.0
0.0 21.0 0.0
-14.229927 16.778234 0.0
0.0 21.0 0.0
0.0 24.0 0.0
0.0 24.0 0.0
15.911646 18.761118 0.0
0.0 24.0 0.0
0.0 27.0 0.0
