0.0 0.0 0.0
0.0 3.0 0.0
0.0 3.0 0.0
-2.8606136 2.7958703 0.0
0.0 3.0 0.0
0.0 6.0 0.0
0.0 6.0 0.0
4.720012 4.613186 0.0
0.0 6.0 0.0
0.0 9.0 0.0
0.0 9.0 0.0
-7.5091105 7.3391595 0.0
-7.5091105 7.3391595 0.0
-7.674417 -0.0037846416 7.5071435
-7.5091105 7.3391595 0.0
-9.989973 2.4247139 5.370166
-9.989973 2.4247139 5.370166
-9.989973 2.758047 5.370166
-9.989973 2.4247139 5.370166
-4.6454744 0.14662671 10.897935
0.0 9.0 0.0
0.0 12.0 0.0
0.0 12.0 0.0
-9.010933 8.806992 0.0
0.0 12.0 0.0
0.0 15.0 0.0
0.0 15.0 0.0
11.442454 11.183481 0.0
0.0 15.0 0.0
0.0 18.0 0.0
0.0 18.0 0.0
13.587914 13.280384 0.0
13.587914 13.280384 0.0
13.587914 13.400384 0.0
13.587914 13.280384 0.0
17.208694 3.5388312 9.717443
17.208694 3.5388312 9.717443
4.102527 10.017507 16.981766
17.208694 3.5388312 9.717443
6.5098553 -0.73925257 19.099033
0.0 18.0 0.0
0.0 21.0 0.0
0.0 21.0 0.0
-15.447313 15.0977 0.0
0.0 21.0 0.0
0.0 24.0 0.0
0.0 24.0 0.0
18.236412 17.823673 0.0
0.0 24.0 0.0
0.0 27.0 0.0
