0.0 0.0 0.0
0.0 3.0 0.0
0.0 3.0 0.0
-2.8350077 2.8218312 0.0
0.0 3.0 0.0
0.0 6.0 0.0
0.0 6.0 0.0
5.3156395 5.2909336 0.0
0.0 6.0 0.0
0.0 9.0 0.0
0.0 9.0 0.0
-7.087519 7.054578 0.0
-7.087519 7.054578 0.0
-7.174654 -4.059188E-4 7.0874424
-7.087519 7.054578 0.0
-9.235949 2.1384437 5.023293
-9.235949 2.1384437 5.023293
-9.235949 2.8884437 5.023293
-9.235949 2.1384437 5.023293
-4.025719 -0.16272044 10.089718
0.0 9.0 0.0
0.0 12.0 0.0
0.0 12.0 0.0
-9.213775 9.170952 0.0
0.0 12.0 0.0
0.0 15.0 0.0
0.0 15.0 0.0
11.05653 11.005142 0.0
0.0 15.0 0.0
0.0 18.0 0.0
0.0 18.0 0.0
13.182786 13.121515 0.0
13.182786 13.121515 0.0
13.182786 13.871515 0.0
13.182786 13.121515 0.0
16.569338 3.370812 9.343325
16.569338 3.370812 9.343325
3.7479897 9.403054 16.525633
16.569338 3.370812 9.343325
6.6722836 -0.50773 18.334871
0.0 18.0 0.0
0.0 21.0 0.0
0.0 21.0 0.0
-15.9469185 15.872801 0.0
0.0 21.0 0.0
0.0 24.0 0.0
0.0 24.0 0.0
17.435297 17.354261 0.0
0.0 24.0 0.0
0.0 27.0 0.0
