0.0 0.0 0.0
0.0 3.0 0.0
0.0 3.0 0.0
-3.1029634 1.825272 0.0
0.0 3.0 0.0
0.0 6.0 0.0
0.0 6.0 0.0
5.6887665 3.3463318 0.0
0.0 6.0 0.0
0.0 9.0 0.0
0.0 9.0 0.0
-8.619343 5.0702 0.0
-8.619343 5.0702 0.0
-6.757575 1.0349243 7.5336146
-8.619343 5.0702 0.0
-7.4478817 -0.68909454 7.4293075
-7.4478817 -0.68909454 7.4293075
-7.4478817 0.060905457 7.4293075
-7.4478817 -0.68909454 7.4293075
1.4089127 2.2194304 10.186392
0.0 9.0 0.0
0.0 12.0 0.0
0.0 12.0 0.0
-11.636113 6.84477 0.0
0.0 12.0 0.0
0.0 15.0 0.0
0.0 15.0 0.0
13.790949 8.11232 0.0
0.0 15.0 0.0
0.0 18.0 0.0
0.0 18.0 0.0
16.807718 9.88689 0.0
16.807718 9.88689 0.0
16.807718 10.63689 0.0
16.807718 9.88689 0.0
13.359759 -2.028211 14.487149
13.359759 -2.028211 14.487149
7.824455 17.564127 4.6381617
13.359759 -2.028211 14.487149
-3.3520436 4.6566806 18.86051
0.0 18.0 0.0
0.0 21.0 0.0
0.0 21.0 0.0
-19.393522 11.407949 0.0
0.0 21.0 0.0
0.0 24.0 0.0
0.0 24.0 0.0
21.548357 12.6755 0.0
0.0 24.0 0.0
0.0 27.0 0.0
