0.0 0.0 0.0
0.0 3.0 0.0
0.0 3.0 0.0
-1.4417142 3.2987056 0.0
0.0 3.0 0.0
0.0 6.0 0.0
0.0 6.0 0.0
3.0035713 6.8723035 0.0
0.0 6.0 0.0
0.0 9.0 0.0
0.0 9.0 0.0
-3.8445714 8.796549 0.0
-3.8445714 8.796549 0.0
-8.474335 4.2848215 2.8216016
-3.8445714 8.796549 0.0
-7.1512585 7.5658464 1.5396591
-7.1512585 7.5658464 1.5396591
-7.1512585 8.315846 1.5396591
-7.1512585 7.5658464 1.5396591
-8.709566 5.105136 4.274709
0.0 9.0 0.0
0.0 12.0 0.0
0.0 12.0 0.0
-5.20619 11.911993 0.0
0.0 12.0 0.0
0.0 15.0 0.0
0.0 15.0 0.0
6.2474284 14.294392 0.0
0.0 15.0 0.0
0.0 18.0 0.0
0.0 18.0 0.0
7.448857 17.043314 0.0
7.448857 17.043314 0.0
7.448857 17.793314 0.0
7.448857 17.043314 0.0
13.480118 13.799792 2.9830894
13.480118 13.799792 2.9830894
15.104713 4.4866457 11.919533
13.480118 13.799792 2.9830894
16.150452 9.092934 8.131891
0.0 18.0 0.0
0.0 21.0 0.0
0.0 21.0 0.0
-9.010714 20.61691 0.0
0.0 21.0 0.0
0.0 24.0 0.0
0.0 24.0 0.0
10.212142 23.365833 0.0
0.0 24.0 0.0
0.0 27.0 0.0
