0.0 0.0 0.0
0.0 3.0 0.0
0.0 3.0 0.0
-1.3428283 4.2949753 0.0
0.0 3.0 0.0
0.0 6.0 0.0
0.0 6.0 0.0
1.9694813 6.299297 0.0
0.0 6.0 0.0
0.0 9.0 0.0
0.0 9.0 0.0
-2.8647003 9.162614 0.0
-2.8647003 9.162614 0.0
-7.222769 6.288265 1.6317939
-2.8647003 9.162614 0.0
-5.522835 8.501922 0.85484457
-5.522835 8.501922 0.85484457
-5.522835 9.251922 0.85484457
-5.522835 8.501922 0.85484457
-7.5036483 7.190388 2.4639454
0.0 9.0 0.0
0.0 12.0 0.0
0.0 12.0 0.0
-3.8792815 12.407706 0.0
0.0 12.0 0.0
0.0 15.0 0.0
0.0 15.0 0.0
4.9237037 15.748242 0.0
0.0 15.0 0.0
0.0 18.0 0.0
0.0 18.0 0.0
5.669719 18.13434 0.0
5.669719 18.13434 0.0
5.669719 18.88434 0.0
5.669719 18.13434 0.0
10.755297 16.265987 1.6918797
10.755297 16.265987 1.6918797
15.807253 8.981356 7.5170126
10.755297 16.265987 1.6918797
14.348629 13.184989 4.824244
0.0 18.0 0.0
0.0 21.0 0.0
0.0 21.0 0.0
-6.7141414 21.474876 0.0
0.0 21.0 0.0
0.0 24.0 0.0
0.0 24.0 0.0
7.6093597 24.338192 0.0
0.0 24.0 0.0
0.0 27.0 0.0
