0.0 0.0 0.0
0.0 3.0 0.0
0.0 3.0 0.0
-3.2747927 2.2968965 0.0
0.0 3.0 0.0
0.0 6.0 0.0
0.0 6.0 0.0
5.7308874 4.019569 0.0
0.0 6.0 0.0
0.0 9.0 0.0
0.0 9.0 0.0
-7.859503 5.512552 0.0
-7.859503 5.512552 0.0
-6.207319 0.59838784 7.3897595
-7.859503 5.512552 0.0
-7.595875 -0.18490529 6.4345603
-7.595875 -0.18490529 6.4345603
-7.595875 -0.06490529 6.4345603
-7.595875 -0.18490529 6.4345603
-0.55628735 1.4970868 9.913609
0.0 9.0 0.0
0.0 12.0 0.0
0.0 12.0 0.0
-10.315598 7.2352242 0.0
0.0 12.0 0.0
0.0 15.0 0.0
0.0 15.0 0.0
13.50852 9.474698 0.0
0.0 15.0 0.0
0.0 18.0 0.0
0.0 18.0 0.0
15.227786 10.680569 0.0
15.227786 10.680569 0.0
15.227786 11.013902 0.0
15.227786 10.680569 0.0
14.25649 -0.6812544 12.466961
14.25649 -0.6812544 12.466961
5.709538 15.562495 9.1589985
14.25649 -0.6812544 12.466961
-0.48977524 2.124125 18.830593
0.0 18.0 0.0
0.0 21.0 0.0
0.0 21.0 0.0
-17.68388 12.403241 0.0
0.0 21.0 0.0
0.0 24.0 0.0
0.0 24.0 0.0
20.467455 14.355603 0.0
0.0 24.0 0.0
0.0 27.0 0.0
