0.0 0.0 0.0
0.0 3.0 0.0
0.0 3.0 0.0
-2.0499227 2.9593608 0.0
0.0 3.0 0.0
0.0 6.0 0.0
0.0 6.0 0.0
4.2706723 6.1653357 0.0
0.0 6.0 0.0
0.0 9.0 0.0
0.0 9.0 0.0
-5.6942296 8.220448 0.0
-5.6942296 8.220448 0.0
-8.711493 1.1329129 5.330837
-5.6942296 8.220448 0.0
-8.870484 4.585384 3.242425
-8.870484 4.585384 3.242425
-8.870484 4.705384 3.242425
-8.870484 4.585384 3.242425
-7.656992 1.4905722 7.7164755
0.0 9.0 0.0
0.0 12.0 0.0
0.0 12.0 0.0
-7.1747293 10.357764 0.0
0.0 12.0 0.0
0.0 15.0 0.0
0.0 15.0 0.0
9.395479 13.563738 0.0
0.0 15.0 0.0
0.0 18.0 0.0
0.0 18.0 0.0
10.8190365 15.61885 0.0
10.8190365 15.61885 0.0
10.8190365 15.73885 0.0
10.8190365 15.61885 0.0
17.058912 9.008165 6.160608
17.058912 9.008165 6.160608
9.215922 3.215745 18.135798
17.058912 9.008165 6.160608
14.115072 1.9107475 14.778032
0.0 18.0 0.0
0.0 21.0 0.0
0.0 21.0 0.0
-12.527306 18.084984 0.0
0.0 21.0 0.0
0.0 24.0 0.0
0.0 24.0 0.0
14.235574 20.551119 0.0
0.0 24.0 0.0
0.0 27.0 0.0
