0.0 0.0 0.0
0.0 3.0 0.0
0.0 3.0 0.0
-2.2528667 3.3052368 0.0
0.0 3.0 0.0
0.0 6.0 0.0
0.0 6.0 0.0
3.9425168 5.7841644 0.0
0.0 6.0 0.0
0.0 9.0 0.0
0.0 9.0 0.0
-5.9137754 8.676247 0.0
-5.9137754 8.676247 0.0
-8.977733 1.2033994 5.5044374
-5.9137754 8.676247 0.0
-9.487672 5.243353 3.330737
-9.487672 5.243353 3.330737
-9.487672 5.5766864 3.330737
-9.487672 5.243353 3.330737
-8.219036 1.469491 8.095834
0.0 9.0 0.0
0.0 12.0 0.0
0.0 12.0 0.0
-7.321817 10.74202 0.0
0.0 12.0 0.0
0.0 15.0 0.0
0.0 15.0 0.0
9.011467 13.220947 0.0
0.0 15.0 0.0
0.0 18.0 0.0
0.0 18.0 0.0
10.982725 16.11303 0.0
10.982725 16.11303 0.0
10.982725 16.446363 0.0
10.982725 16.11303 0.0
17.137205 9.02939 6.185654
17.137205 9.02939 6.185654
8.900156 2.950472 18.212322
17.137205 9.02939 6.185654
14.245744 1.9435215 14.763222
0.0 18.0 0.0
0.0 21.0 0.0
0.0 21.0 0.0
-12.390767 18.178802 0.0
0.0 21.0 0.0
0.0 24.0 0.0
0.0 24.0 0.0
14.080418 20.65773 0.0
0.0 24.0 0.0
0.0 27.0 0.0
