0.0 0.0 0.0
0.0 3.0 0.0
0.0 3.0 0.0
-1.6138986 3.6599634 0.0
0.0 3.0 0.0
0.0 6.0 0.0
0.0 6.0 0.0
3.0260599 6.8624315 0.0
0.0 6.0 0.0
0.0 9.0 0.0
0.0 9.0 0.0
-4.236484 9.607404 0.0
-4.236484 9.607404 0.0
-9.109152 4.4507375 3.1280131
-4.236484 9.607404 0.0
-8.028376 8.599166 1.709314
-8.028376 8.599166 1.709314
-8.028376 8.719166 1.709314
-8.028376 8.599166 1.709314
-10.165142 6.555026 4.8032527
0.0 9.0 0.0
0.0 12.0 0.0
0.0 12.0 0.0
-5.083781 11.528885 0.0
0.0 12.0 0.0
0.0 15.0 0.0
0.0 15.0 0.0
6.4555945 14.6398535 0.0
0.0 15.0 0.0
0.0 18.0 0.0
0.0 18.0 0.0
7.867756 17.842321 0.0
7.867756 17.842321 0.0
7.867756 18.592321 0.0
7.867756 17.842321 0.0
14.02796 13.969972 3.1744401
14.02796 13.969972 3.1744401
15.360573 4.3916597 12.498456
14.02796 13.969972 3.1744401
16.451012 8.669384 8.56451
0.0 18.0 0.0
0.0 21.0 0.0
0.0 21.0 0.0
-9.078179 20.587294 0.0
0.0 21.0 0.0
0.0 24.0 0.0
0.0 24.0 0.0
10.086866 22.874771 0.0
0.0 24.0 0.0
0.0 27.0 0.0
