0.0 0.0 0.0
0.0 3.0 0.0
0.0 3.0 0.0
-3.0489814 3.3096392 0.0
0.0 3.0 0.0
0.0 6.0 0.0
0.0 6.0 0.0
4.4718394 4.8541374 0.0
0.0 6.0 0.0
0.0 9.0 0.0
0.0 9.0 0.0
-6.7755146 7.3547535 0.0
-6.7755146 7.3547535 0.0
-7.7076817 0.07655293 6.7527814
-6.7755146 7.3547535 0.0
-9.054793 2.4741342 4.5907598
-9.054793 2.4741342 4.5907598
-9.054793 2.594134 4.5907598
-9.054793 2.4741342 4.5907598
-5.302957 0.51817894 9.511479
0.0 9.0 0.0
0.0 12.0 0.0
0.0 12.0 0.0
-8.537148 9.26699 0.0
0.0 12.0 0.0
0.0 15.0 0.0
0.0 15.0 0.0
10.569803 11.473416 0.0
0.0 15.0 0.0
0.0 18.0 0.0
0.0 18.0 0.0
12.602457 13.679842 0.0
12.602457 13.679842 0.0
12.602457 14.013175 0.0
12.602457 13.679842 0.0
17.102097 4.884313 8.538813
17.102097 4.884313 8.538813
5.0334377 7.547692 17.7436
17.102097 4.884313 8.538813
8.711758 -0.56881714 17.867638
0.0 18.0 0.0
0.0 21.0 0.0
0.0 21.0 0.0
-15.244907 16.548195 0.0
0.0 21.0 0.0
0.0 24.0 0.0
0.0 24.0 0.0
16.667767 18.092693 0.0
0.0 24.0 0.0
0.0 27.0 0.0
