0.0 0.0 0.0
0.0 3.0 0.0
0.0 3.0 0.0
-2.3222256 3.8545127 0.0
0.0 3.0 0.0
0.0 6.0 0.0
0.0 6.0 0.0
3.6123507 5.9959087 0.0
0.0 6.0 0.0
0.0 9.0 0.0
0.0 9.0 0.0
-5.418526 8.993863 0.0
-5.418526 8.993863 0.0
-9.240816 2.0207806 4.7902703
-5.418526 8.993863 0.0
-8.926445 5.822569 2.796231
-8.926445 5.822569 2.796231
-8.926445 5.942569 2.796231
-8.926445 5.822569 2.796231
-9.092066 3.0711358 7.001628
0.0 9.0 0.0
0.0 12.0 0.0
0.0 12.0 0.0
-6.7086515 11.135259 0.0
0.0 12.0 0.0
0.0 15.0 0.0
0.0 15.0 0.0
8.514827 14.133213 0.0
0.0 15.0 0.0
0.0 18.0 0.0
0.0 18.0 0.0
9.598532 15.931986 0.0
9.598532 15.931986 0.0
9.598532 16.681986 0.0
9.598532 15.931986 0.0
15.780121 10.260425 4.9533234
15.780121 10.260425 4.9533234
11.134273 2.4971414 16.265587
15.780121 10.260425 4.9533234
15.457218 4.417358 12.386143
0.0 18.0 0.0
0.0 21.0 0.0
0.0 21.0 0.0
-11.611127 19.272564 0.0
0.0 21.0 0.0
0.0 24.0 0.0
0.0 24.0 0.0
13.159278 21.84224 0.0
0.0 24.0 0.0
0.0 27.0 0.0
