0.0 0.0 0.0
0.0 3.0 0.0
0.0 3.0 0.0
-2.9735956 3.377533 0.0
0.0 3.0 0.0
0.0 6.0 0.0
0.0 6.0 0.0
4.9559927 5.629222 0.0
0.0 6.0 0.0
0.0 9.0 0.0
0.0 9.0 0.0
-6.93839 7.8809104 0.0
-6.93839 7.8809104 0.0
-8.6727295 0.22150713 6.8824835
-6.93839 7.8809104 0.0
-9.777203 3.2244406 4.5848813
-9.777203 3.2244406 4.5848813
-9.777203 3.3444405 4.5848813
-9.777203 3.2244406 4.5848813
-5.7611523 0.023284674 9.902008
0.0 9.0 0.0
0.0 12.0 0.0
0.0 12.0 0.0
-8.920787 10.132599 0.0
0.0 12.0 0.0
0.0 15.0 0.0
0.0 15.0 0.0
10.308465 11.708781 0.0
0.0 15.0 0.0
0.0 18.0 0.0
0.0 18.0 0.0
12.290862 13.96047 0.0
12.290862 13.96047 0.0
12.290862 14.08047 0.0
12.290862 13.96047 0.0
16.545536 4.832635 8.12179
16.545536 4.832635 8.12179
4.782558 6.6194415 17.441164
16.545536 4.832635 8.12179
9.146865 -0.2819276 17.029188
0.0 18.0 0.0
0.0 21.0 0.0
0.0 21.0 0.0
-14.273259 16.212158 0.0
0.0 21.0 0.0
0.0 24.0 0.0
0.0 24.0 0.0
16.850376 19.139355 0.0
0.0 24.0 0.0
0.0 27.0 0.0
