0.0 0.0 0.0
0.0 3.0 0.0
0.0 3.0 0.0
-1.2855898 3.3626268 0.0
0.0 3.0 0.0
0.0 6.0 0.0
0.0 6.0 0.0
2.499758 6.538441 0.0
0.0 6.0 0.0
0.0 9.0 0.0
0.0 9.0 0.0
-3.571083 9.340631 0.0
-3.571083 9.340631 0.0
-8.435487 5.4318657 2.3823526
-3.571083 9.340631 0.0
-6.665558 8.093999 1.2752634
-6.665558 8.093999 1.2752634
-6.665558 8.427332 1.2752634
-6.665558 8.093999 1.2752634
-8.494844 6.059998 3.5715024
0.0 9.0 0.0
0.0 12.0 0.0
0.0 12.0 0.0
-4.4995646 11.769195 0.0
0.0 12.0 0.0
0.0 15.0 0.0
0.0 15.0 0.0
5.7137327 14.945008 0.0
0.0 15.0 0.0
0.0 18.0 0.0
0.0 18.0 0.0
6.6422143 17.373573 0.0
6.6422143 17.373573 0.0
6.6422143 17.493574 0.0
6.6422143 17.373573 0.0
12.21367 14.572863 2.3719897
12.21367 14.572863 2.3719897
15.82136 6.4005394 9.915031
12.21367 14.572863 2.3719897
15.283257 10.400889 6.5771904
0.0 18.0 0.0
0.0 21.0 0.0
0.0 21.0 0.0
-7.713539 20.175762 0.0
0.0 21.0 0.0
0.0 24.0 0.0
0.0 24.0 0.0
8.927708 23.351576 0.0
0.0 24.0 0.0
0.0 27.0 0.0
