0.0 0.0 0.0
0.0 3.0 0.0
0.0 3.0 0.0
-1.9230337 4.0684075 0.0
0.0 3.0 0.0
0.0 6.0 0.0
0.0 6.0 0.0
2.8204496 5.9669976 0.0
0.0 6.0 0.0
0.0 9.0 0.0
0.0 9.0 0.0
-4.4870787 9.492951 0.0
-4.4870787 9.492951 0.0
-9.72276 4.3009677 3.467209
-4.4870787 9.492951 0.0
-8.151714 7.7529745 1.9175119
-8.151714 7.7529745 1.9175119
-8.151714 7.8729744 1.9175119
-8.151714 7.7529745 1.9175119
-9.491774 4.7525682 5.217165
0.0 9.0 0.0
0.0 12.0 0.0
0.0 12.0 0.0
-5.769101 12.205223 0.0
0.0 12.0 0.0
0.0 15.0 0.0
0.0 15.0 0.0
6.8374534 14.465449 0.0
0.0 15.0 0.0
0.0 18.0 0.0
0.0 18.0 0.0
7.9485397 16.816086 0.0
7.9485397 16.816086 0.0
7.9485397 17.14942 0.0
7.9485397 16.816086 0.0
14.324187 13.488443 3.3967357
14.324187 13.488443 3.3967357
14.785671 3.7758312 13.224548
14.324187 13.488443 3.3967357
16.416523 7.823323 9.192266
0.0 18.0 0.0
0.0 21.0 0.0
0.0 21.0 0.0
-9.230562 19.528357 0.0
0.0 21.0 0.0
0.0 24.0 0.0
0.0 24.0 0.0
10.512585 22.24063 0.0
0.0 24.0 0.0
0.0 27.0 0.0
