0.0 0.0 0.0
0.0 3.0 0.0
0.0 3.0 0.0
-1.1875148 3.819661 0.0
0.0 3.0 0.0
0.0 6.0 0.0
0.0 6.0 0.0
1.9593993 6.30244 0.0
0.0 6.0 0.0
0.0 9.0 0.0
0.0 9.0 0.0
-3.1172264 10.026609 0.0
-3.1172264 10.026609 0.0
-8.225323 7.421096 1.76743
-3.1172264 10.026609 0.0
-6.1160493 9.645762 0.9254381
-6.1160493 9.645762 0.9254381
-6.1160493 9.979095 0.9254381
-6.1160493 9.645762 0.9254381
-8.356392 8.1315365 2.6994395
0.0 9.0 0.0
0.0 12.0 0.0
0.0 12.0 0.0
-3.7406716 12.031932 0.0
0.0 12.0 0.0
0.0 15.0 0.0
0.0 15.0 0.0
4.750059 15.278644 0.0
0.0 15.0 0.0
0.0 18.0 0.0
0.0 18.0 0.0
5.7891345 18.620848 0.0
5.7891345 18.620848 0.0
5.7891345 18.954182 0.0
5.7891345 18.620848 0.0
11.25235 17.572517 1.7186707
11.25235 17.572517 1.7186707
17.220951 10.389916 7.795661
11.25235 17.572517 1.7186707
15.287155 14.696685 4.9817677
0.0 18.0 0.0
0.0 21.0 0.0
0.0 21.0 0.0
-6.41258 20.62617 0.0
0.0 21.0 0.0
0.0 24.0 0.0
0.0 24.0 0.0
7.303216 23.490915 0.0
0.0 24.0 0.0
0.0 27.0 0.0
