0.0 0.0 0.0
0.0 3.0 0.0
0.0 3.0 0.0
-1.8406031 4.1063585 0.0
0.0 3.0 0.0
0.0 6.0 0.0
0.0 6.0 0.0
3.067672 6.8439307 0.0
0.0 6.0 0.0
0.0 9.0 0.0
0.0 9.0 0.0
-4.2947407 9.581503 0.0
-4.2947407 9.581503 0.0
-9.143572 4.322133 3.2059665
-4.2947407 9.581503 0.0
-8.10882 8.509155 1.7566473
-8.10882 8.509155 1.7566473
-8.10882 8.842488 1.7566473
-8.10882 8.509155 1.7566473
-10.190534 6.40092 4.9196763
0.0 9.0 0.0
0.0 12.0 0.0
0.0 12.0 0.0
-5.153689 11.497804 0.0
0.0 12.0 0.0
0.0 15.0 0.0
0.0 15.0 0.0
6.380758 14.235376 0.0
0.0 15.0 0.0
0.0 18.0 0.0
0.0 18.0 0.0
7.7714357 17.337957 0.0
7.7714357 17.337957 0.0
7.7714357 17.457958 0.0
7.7714357 17.337957 0.0
13.808312 13.468182 3.1786954
13.808312 13.468182 3.1786954
14.837485 4.0960755 12.422826
13.808312 13.468182 3.1786954
16.434088 9.036762 8.5485525
0.0 18.0 0.0
0.0 21.0 0.0
0.0 21.0 0.0
-9.203016 20.531792 0.0
0.0 21.0 0.0
0.0 24.0 0.0
0.0 24.0 0.0
10.430084 23.269365 0.0
0.0 24.0 0.0
0.0 27.0 0.0
