0.0 0.0 0.0
0.0 3.0 0.0
0.0 3.0 0.0
-1.465578 3.288173 0.0
0.0 3.0 0.0
0.0 6.0 0.0
0.0 6.0 0.0
3.0532875 6.8503604 0.0
0.0 6.0 0.0
0.0 9.0 0.0
0.0 9.0 0.0
-4.07105 9.133814 0.0
-4.07105 9.133814 0.0
-8.860058 4.3050528 3.0275757
-4.07105 9.133814 0.0
-7.5218635 7.7422485 1.6573448
-7.5218635 7.7422485 1.6573448
-7.5218635 7.8622484 1.6573448
-7.5218635 7.7422485 1.6573448
-9.055133 5.0973883 4.5759764
0.0 9.0 0.0
0.0 12.0 0.0
0.0 12.0 0.0
-5.292365 11.873959 0.0
0.0 12.0 0.0
0.0 15.0 0.0
0.0 15.0 0.0
6.51368 14.614102 0.0
0.0 15.0 0.0
0.0 18.0 0.0
0.0 18.0 0.0
7.572153 16.988894 0.0
7.572153 16.988894 0.0
7.572153 17.322227 0.0
7.572153 16.988894 0.0
13.640554 13.615076 3.0826614
13.640554 13.615076 3.0826614
15.24688 4.5266595 12.20512
13.640554 13.615076 3.0826614
16.02061 8.422558 8.368783
0.0 18.0 0.0
0.0 21.0 0.0
0.0 21.0 0.0
-8.793468 19.729038 0.0
0.0 21.0 0.0
0.0 24.0 0.0
0.0 24.0 0.0
10.381178 23.291225 0.0
0.0 24.0 0.0
0.0 27.0 0.0
