0.0 0.0 0.0
0.0 3.0 0.0
0.0 3.0 0.0
-1.4147637 3.310354 0.0
0.0 3.0 0.0
0.0 6.0 0.0
0.0 6.0 0.0
2.9474244 6.896571 0.0
0.0 6.0 0.0
0.0 9.0 0.0
0.0 9.0 0.0
-3.7727034 8.827611 0.0
-3.7727034 8.827611 0.0
-8.724152 4.734792 2.7266917
-3.7727034 8.827611 0.0
-7.2486906 8.133334 1.4826344
-7.2486906 8.133334 1.4826344
-7.2486906 8.466667 1.4826344
-7.2486906 8.133334 1.4826344
-9.379217 6.4677753 4.212008
0.0 9.0 0.0
0.0 12.0 0.0
0.0 12.0 0.0
-5.108869 11.954056 0.0
0.0 12.0 0.0
0.0 15.0 0.0
0.0 15.0 0.0
6.130643 14.344868 0.0
0.0 15.0 0.0
0.0 18.0 0.0
0.0 18.0 0.0
7.466809 17.471313 0.0
7.466809 17.471313 0.0
7.466809 17.804647 0.0
7.466809 17.471313 0.0
13.572667 14.286874 2.9343808
13.572667 14.286874 2.9343808
15.88496 5.1454973 11.837542
13.572667 14.286874 2.9343808
16.423677 9.605354 8.03221
0.0 18.0 0.0
0.0 21.0 0.0
0.0 21.0 0.0
-8.488583 19.862125 0.0
0.0 21.0 0.0
0.0 24.0 0.0
0.0 24.0 0.0
9.667553 22.620752 0.0
0.0 24.0 0.0
0.0 27.0 0.0
