0.0 0.0 0.0
0.0 3.0 0.0
0.0 3.0 0.0
-2.7730646 2.8827264 0.0
0.0 3.0 0.0
0.0 6.0 0.0
0.0 6.0 0.0
4.5755568 4.7564983 0.0
0.0 6.0 0.0
0.0 9.0 0.0
0.0 9.0 0.0
-6.6553555 6.918544 0.0
-6.6553555 6.918544 0.0
-7.6727805 0.039469123 6.650353
-6.6553555 6.918544 0.0
-8.6690235 2.0932996 4.6139326
-8.6690235 2.0932996 4.6139326
-8.6690235 2.2132995 4.6139326
-8.6690235 2.0932996 4.6139326
-4.3417826 0.11556935 9.335117
0.0 9.0 0.0
0.0 12.0 0.0
0.0 12.0 0.0
-9.359093 9.729201 0.0
0.0 12.0 0.0
0.0 15.0 0.0
0.0 15.0 0.0
11.438891 11.891247 0.0
0.0 15.0 0.0
0.0 18.0 0.0
0.0 18.0 0.0
13.51869 14.053291 0.0
13.51869 14.053291 0.0
13.51869 14.803291 0.0
13.51869 14.053291 0.0
17.179995 3.8060942 9.37205
17.179995 3.8060942 9.37205
3.5859334 8.844694 17.53038
17.179995 3.8060942 9.37205
7.295072 -0.90377355 18.664574
0.0 18.0 0.0
0.0 21.0 0.0
0.0 21.0 0.0
-15.251856 15.854996 0.0
0.0 21.0 0.0
0.0 24.0 0.0
0.0 24.0 0.0
17.678288 18.37738 0.0
0.0 24.0 0.0
0.0 27.0 0.0
