0.0 0.0 0.0
0.0 3.0 0.0
0.0 3.0 0.0
-2.5878987 3.050046 0.0
0.0 3.0 0.0
0.0 6.0 0.0
0.0 6.0 0.0
4.528823 5.3375807 0.0
0.0 6.0 0.0
0.0 9.0 0.0
0.0 9.0 0.0
-6.7932343 8.006371 0.0
-6.7932343 8.006371 0.0
-8.198046 0.23186517 6.7025533
-6.7932343 8.006371 0.0
-10.100129 3.8974402 4.3950505
-10.100129 3.8974402 4.3950505
-10.100129 4.64744 4.3950505
-10.100129 3.8974402 4.3950505
-6.872784 0.59136534 9.885804
0.0 9.0 0.0
0.0 12.0 0.0
0.0 12.0 0.0
-8.410671 9.912649 0.0
0.0 12.0 0.0
0.0 15.0 0.0
0.0 15.0 0.0
10.675082 12.58144 0.0
0.0 15.0 0.0
0.0 18.0 0.0
0.0 18.0 0.0
12.03373 14.182714 0.0
12.03373 14.182714 0.0
12.03373 14.302714 0.0
12.03373 14.182714 0.0
16.819529 5.640446 7.785518
16.819529 5.640446 7.785518
5.5002556 5.917263 17.862862
16.819529 5.640446 7.785518
9.975889 -0.2802596 16.818356
0.0 18.0 0.0
0.0 21.0 0.0
0.0 21.0 0.0
-14.556931 17.15651 0.0
0.0 21.0 0.0
0.0 24.0 0.0
0.0 24.0 0.0
16.174368 19.062788 0.0
0.0 24.0 0.0
0.0 27.0 0.0
