0.0 0.0 0.0
0.0 3.0 0.0
0.0 3.0 0.0
-1.3108923 3.3528435 0.0
0.0 3.0 0.0
0.0 6.0 0.0
0.0 6.0 0.0
2.5489573 6.5194182 0.0
0.0 6.0 0.0
0.0 9.0 0.0
0.0 9.0 0.0
-3.6413674 9.313455 0.0
-3.6413674 9.313455 0.0
-8.791917 5.579851 2.4698458
-3.6413674 9.313455 0.0
-7.096114 8.83614 1.3259557
-7.096114 8.83614 1.3259557
-7.096114 8.95614 1.3259557
-7.096114 8.83614 1.3259557
-9.469289 7.3957767 3.818879
0.0 9.0 0.0
0.0 12.0 0.0
0.0 12.0 0.0
-4.733778 12.107491 0.0
0.0 12.0 0.0
0.0 15.0 0.0
0.0 15.0 0.0
5.826188 14.901527 0.0
0.0 15.0 0.0
0.0 18.0 0.0
0.0 18.0 0.0
6.918598 17.695564 0.0
6.918598 17.695564 0.0
6.918598 17.815565 0.0
6.918598 17.695564 0.0
12.808964 15.065676 2.519316
12.808964 15.065676 2.519316
15.960545 5.9335833 10.539206
12.808964 15.065676 2.519316
16.28833 11.418422 7.010568
0.0 18.0 0.0
0.0 21.0 0.0
0.0 21.0 0.0
-7.865354 20.117062 0.0
0.0 21.0 0.0
0.0 24.0 0.0
0.0 24.0 0.0
9.285487 23.74931 0.0
0.0 24.0 0.0
0.0 27.0 0.0
