0.0 0.0 0.0
0.0 3.0 0.0
0.0 3.0 0.0
-2.8906136 3.4488192 0.0
0.0 3.0 0.0
0.0 6.0 0.0
0.0 6.0 0.0
4.4965096 5.36483 0.0
0.0 6.0 0.0
0.0 9.0 0.0
0.0 9.0 0.0
-6.744765 8.047245 0.0
-6.744765 8.047245 0.0
-8.247543 0.26671612 6.6409807
-6.744765 8.047245 0.0
-10.094464 3.9965591 4.332557
-10.094464 3.9965591 4.332557
-10.094464 4.116559 4.332557
-10.094464 3.9965591 4.332557
-6.7489347 0.3409729 9.804756
0.0 9.0 0.0
0.0 12.0 0.0
0.0 12.0 0.0
-8.093718 9.656694 0.0
0.0 12.0 0.0
0.0 15.0 0.0
0.0 15.0 0.0
10.020794 11.955907 0.0
0.0 15.0 0.0
0.0 18.0 0.0
0.0 18.0 0.0
12.204812 14.561681 0.0
12.204812 14.561681 0.0
12.204812 15.311681 0.0
12.204812 14.561681 0.0
17.486164 6.301234 7.839865
17.486164 6.301234 7.839865
5.7175264 5.7511444 18.587122
17.486164 6.301234 7.839865
11.101339 0.22206783 17.240892
0.0 18.0 0.0
0.0 21.0 0.0
0.0 21.0 0.0
-14.131887 16.860893 0.0
0.0 21.0 0.0
0.0 24.0 0.0
0.0 24.0 0.0
16.058964 19.160107 0.0
0.0 24.0 0.0
0.0 27.0 0.0
