0.0 0.0 0.0
0.0 3.0 0.0
0.0 3.0 0.0
-3.8583004 2.315927 0.0
0.0 3.0 0.0
0.0 6.0 0.0
0.0 6.0 0.0
5.6588407 3.396693 0.0
0.0 6.0 0.0
0.0 9.0 0.0
0.0 9.0 0.0
-8.574001 5.1465044 0.0
-8.574001 5.1465044 0.0
-7.0999713 0.78546643 7.5667505
-8.574001 5.1465044 0.0
-7.9696674 -0.3627491 7.35135
-7.9696674 -0.3627491 7.35135
-7.9696674 0.3872509 7.35135
-7.9696674 -0.3627491 7.35135
0.9295609 2.009629 10.6165695
0.0 9.0 0.0
0.0 12.0 0.0
0.0 12.0 0.0
-10.803242 6.4845963 0.0
0.0 12.0 0.0
0.0 15.0 0.0
0.0 15.0 0.0
13.3754425 8.028547 0.0
0.0 15.0 0.0
0.0 18.0 0.0
0.0 18.0 0.0
16.719303 10.035684 0.0
16.719303 10.035684 0.0
16.719303 10.785684 0.0
16.719303 10.035684 0.0
13.890356 -1.6980629 14.335133
13.890356 -1.6980629 14.335133
7.8169203 17.571482 5.517173
13.890356 -1.6980629 14.335133
-2.8162887 4.3070464 19.287174
0.0 18.0 0.0
0.0 21.0 0.0
0.0 21.0 0.0
-18.519842 11.11645 0.0
0.0 21.0 0.0
0.0 24.0 0.0
0.0 24.0 0.0
21.092043 12.660401 0.0
0.0 24.0 0.0
0.0 27.0 0.0
