0.0 0.0 0.0
0.0 3.0 0.0
0.0 3.0 0.0
-3.1843467 2.4207304 0.0
0.0 3.0 0.0
0.0 6.0 0.0
0.0 6.0 0.0
5.97065 4.5388694 0.0
0.0 6.0 0.0
0.0 9.0 0.0
0.0 9.0 0.0
-7.960867 6.051826 0.0
-7.960867 6.051826 0.0
-6.7221403 0.3439026 7.670738
-7.960867 6.051826 0.0
-8.211065 0.19020057 6.33754
-8.211065 0.19020057 6.33754
-8.211065 0.52353394 6.33754
-8.211065 0.19020057 6.33754
-0.9014863 0.780821 10.372088
0.0 9.0 0.0
0.0 12.0 0.0
0.0 12.0 0.0
-10.030692 7.625301 0.0
0.0 12.0 0.0
0.0 15.0 0.0
0.0 15.0 0.0
12.737387 9.682921 0.0
0.0 15.0 0.0
0.0 18.0 0.0
0.0 18.0 0.0
14.807212 11.256396 0.0
14.807212 11.256396 0.0
14.807212 11.589729 0.0
14.807212 11.256396 0.0
14.861801 0.04149866 11.787824
14.861801 0.04149866 11.787824
4.463106 14.674772 11.166835
14.861801 0.04149866 11.787824
0.27465153 0.6987184 18.965067
0.0 18.0 0.0
0.0 21.0 0.0
0.0 21.0 0.0
-17.195473 13.071944 0.0
0.0 21.0 0.0
0.0 24.0 0.0
0.0 24.0 0.0
20.30021 15.432156 0.0
0.0 24.0 0.0
0.0 27.0 0.0
