0.0 0.0 0.0
0.0 3.0 0.0
0.0 3.0 0.0
-1.8412117 4.106086 0.0
0.0 3.0 0.0
0.0 6.0 0.0
0.0 6.0 0.0
2.864107 6.387244 0.0
0.0 6.0 0.0
0.0 9.0 0.0
0.0 9.0 0.0
-4.2961607 9.580867 0.0
-4.2961607 9.580867 0.0
-9.614784 4.738067 3.2078733
-4.2961607 9.580867 0.0
-7.9061866 8.050718 1.7578092
-7.9061866 8.050718 1.7578092
-7.9061866 8.800718 1.7578092
-7.9061866 8.050718 1.7578092
-9.62952 5.6010146 4.8388176
0.0 9.0 0.0
0.0 12.0 0.0
0.0 12.0 0.0
-5.523635 12.318257 0.0
0.0 12.0 0.0
0.0 15.0 0.0
0.0 15.0 0.0
6.5465302 14.599416 0.0
0.0 15.0 0.0
0.0 18.0 0.0
0.0 18.0 0.0
7.7740045 17.336805 0.0
7.7740045 17.336805 0.0
7.7740045 18.086805 0.0
7.7740045 17.336805 0.0
14.179789 14.285536 3.180797
14.179789 14.285536 3.180797
15.920993 4.7319407 12.703617
14.179789 14.285536 3.180797
16.872622 9.186083 8.704137
0.0 18.0 0.0
0.0 21.0 0.0
0.0 21.0 0.0
-9.001479 20.074196 0.0
0.0 21.0 0.0
0.0 24.0 0.0
0.0 24.0 0.0
10.228953 22.811586 0.0
0.0 24.0 0.0
0.0 27.0 0.0
