0.0 0.0 0.0
0.0 3.0 0.0
0.0 3.0 0.0
-1.1597522 3.4080749 0.0
0.0 3.0 0.0
0.0 6.0 0.0
0.0 6.0 0.0
2.1262126 6.248137 0.0
0.0 6.0 0.0
0.0 9.0 0.0
0.0 9.0 0.0
-3.3826108 9.940218 0.0
-3.3826108 9.940218 0.0
-8.390545 6.506126 2.063248
-3.3826108 9.940218 0.0
-6.717059 9.798687 1.0897197
-6.717059 9.798687 1.0897197
-6.717059 10.13202 1.0897197
-6.717059 9.798687 1.0897197
-9.327513 8.76086 3.1955476
0.0 9.0 0.0
0.0 12.0 0.0
0.0 12.0 0.0
-4.1879945 12.306937 0.0
0.0 12.0 0.0
0.0 15.0 0.0
0.0 15.0 0.0
5.0255933 14.768325 0.0
0.0 15.0 0.0
0.0 18.0 0.0
0.0 18.0 0.0
6.120915 17.987062 0.0
6.120915 17.987062 0.0
6.120915 18.320396 0.0
6.120915 17.987062 0.0
11.473555 15.729392 1.9718736
11.473555 15.729392 1.9718736
15.919187 7.74748 8.560958
11.473555 15.729392 1.9718736
15.231924 13.016308 5.562993
0.0 18.0 0.0
0.0 21.0 0.0
0.0 21.0 0.0
-7.087375 20.827124 0.0
0.0 21.0 0.0
0.0 24.0 0.0
0.0 24.0 0.0
8.053836 23.667187 0.0
0.0 24.0 0.0
0.0 27.0 0.0
