0.0 0.0 0.0
0.0 3.0 0.0
0.0 3.0 0.0
-3.5321457 2.7881796 0.0
0.0 3.0 0.0
0.0 6.0 0.0
0.0 6.0 0.0
5.1804805 4.08933 0.0
0.0 6.0 0.0
0.0 9.0 0.0
0.0 9.0 0.0
-8.241673 6.5057526 0.0
-8.241673 6.5057526 0.0
-7.5018096 0.17662609 8.016407
-8.241673 6.5057526 0.0
-9.447852 0.9521246 6.469065
-9.447852 0.9521246 6.469065
-9.447852 1.285458 6.469065
-9.447852 0.9521246 6.469065
-1.6991884 0.35248077 11.424024
0.0 9.0 0.0
0.0 12.0 0.0
0.0 12.0 0.0
-10.203977 8.054741 0.0
0.0 12.0 0.0
0.0 15.0 0.0
0.0 15.0 0.0
12.951201 10.223325 0.0
0.0 15.0 0.0
0.0 18.0 0.0
0.0 18.0 0.0
15.305965 12.082111 0.0
15.305965 12.082111 0.0
15.305965 12.202111 0.0
15.305965 12.082111 0.0
16.536827 0.97160816 12.013978
16.536827 0.97160816 12.013978
5.2796197 14.701388 13.295151
16.536827 0.97160816 12.013978
2.0532193 0.58101237 20.423914
0.0 18.0 0.0
0.0 21.0 0.0
0.0 21.0 0.0
-17.660728 13.940898 0.0
0.0 21.0 0.0
0.0 24.0 0.0
0.0 24.0 0.0
19.623032 15.489886 0.0
0.0 24.0 0.0
0.0 27.0 0.0
