0.0 0.0 0.0
0.0 3.0 0.0
0.0 3.0 0.0
-3.7870946 2.43062 0.0
0.0 3.0 0.0
0.0 6.0 0.0
0.0 6.0 0.0
6.3118243 4.051033 0.0
0.0 6.0 0.0
0.0 9.0 0.0
0.0 9.0 0.0
-8.836554 5.671447 0.0
-8.836554 5.671447 0.0
-6.798119 0.93386936 8.033617
-8.836554 5.671447 0.0
-8.192587 -0.41330814 7.4366364
-8.192587 -0.41330814 7.4366364
-8.192587 -0.29330814 7.4366364
-8.192587 -0.41330814 7.4366364
0.07573992 2.1298876 10.911497
0.0 9.0 0.0
0.0 12.0 0.0
0.0 12.0 0.0
-11.361284 7.2918596 0.0
0.0 12.0 0.0
0.0 15.0 0.0
0.0 15.0 0.0
13.128595 8.426149 0.0
0.0 15.0 0.0
0.0 18.0 0.0
0.0 18.0 0.0
16.410744 10.532686 0.0
16.410744 10.532686 0.0
16.410744 10.652686 0.0
16.410744 10.532686 0.0
14.493454 -1.2305479 13.810898
14.493454 -1.2305479 13.810898
6.928141 17.276798 7.4242296
14.493454 -1.2305479 13.810898
-2.5801888 2.8527508 19.657139
0.0 18.0 0.0
0.0 21.0 0.0
0.0 21.0 0.0
-18.178055 11.666976 0.0
0.0 21.0 0.0
0.0 24.0 0.0
0.0 24.0 0.0
21.460203 13.773513 0.0
0.0 24.0 0.0
0.0 27.0 0.0
