0.0 0.0 0.0
0.0 3.0 0.0
0.0 3.0 0.0
-3.1078155 1.8169982 0.0
0.0 3.0 0.0
0.0 6.0 0.0
0.0 6.0 0.0
5.697662 3.3311636 0.0
0.0 6.0 0.0
0.0 9.0 0.0
0.0 9.0 0.0
-8.287508 4.8453293 0.0
-8.287508 4.8453293 0.0
-6.3209496 1.1069341 7.22202
-8.287508 4.8453293 0.0
-7.157361 -0.6607454 7.154457
-7.157361 -0.6607454 7.154457
-7.157361 -0.5407454 7.154457
-7.157361 -0.6607454 7.154457
1.0011529 2.3845453 9.789831
0.0 9.0 0.0
0.0 12.0 0.0
0.0 12.0 0.0
-10.877355 6.359494 0.0
0.0 12.0 0.0
0.0 15.0 0.0
0.0 15.0 0.0
14.244154 8.327909 0.0
0.0 15.0 0.0
0.0 18.0 0.0
0.0 18.0 0.0
16.834002 9.842074 0.0
16.834002 9.842074 0.0
16.834002 9.962074 0.0
16.834002 9.842074 0.0
14.079771 -1.6102729 14.532492
14.079771 -1.6102729 14.532492
8.486751 17.680683 5.1412377
14.079771 -1.6102729 14.532492
-3.2721572 4.387609 19.489677
0.0 18.0 0.0
0.0 21.0 0.0
0.0 21.0 0.0
-19.423847 11.356239 0.0
0.0 21.0 0.0
0.0 24.0 0.0
0.0 24.0 0.0
21.582052 12.618044 0.0
0.0 24.0 0.0
0.0 27.0 0.0
