0.0 0.0 0.0
0.0 3.0 0.0
0.0 3.0 0.0
-1.3499283 4.292749 0.0
0.0 3.0 0.0
0.0 6.0 0.0
0.0 6.0 0.0
1.9798949 6.2960315 0.0
0.0 6.0 0.0
0.0 9.0 0.0
0.0 9.0 0.0
-2.879847 9.157865 0.0
-2.879847 9.157865 0.0
-7.6071286 6.77305 1.6482406
-2.879847 9.157865 0.0
-5.667886 8.865915 0.86390823
-5.667886 8.865915 0.86390823
-5.667886 8.985915 0.86390823
-5.667886 8.865915 0.86390823
-7.7502313 7.485731 2.5243957
0.0 9.0 0.0
0.0 12.0 0.0
0.0 12.0 0.0
-4.049785 12.878246 0.0
0.0 12.0 0.0
0.0 15.0 0.0
0.0 15.0 0.0
4.949737 15.74008 0.0
0.0 15.0 0.0
0.0 18.0 0.0
0.0 18.0 0.0
5.579704 17.743362 0.0
5.579704 17.743362 0.0
5.579704 18.076696 0.0
5.579704 17.743362 0.0
10.7002945 16.283388 1.6738223
10.7002945 16.283388 1.6738223
15.919995 9.152389 7.4967313
10.7002945 16.283388 1.6738223
14.443117 13.575933 4.806651
0.0 18.0 0.0
0.0 21.0 0.0
0.0 21.0 0.0
-6.7496414 21.463745 0.0
0.0 21.0 0.0
0.0 24.0 0.0
0.0 24.0 0.0
7.499602 23.848606 0.0
0.0 24.0 0.0
0.0 27.0 0.0
