0.0 0.0 0.0
0.0 3.0 0.0
0.0 3.0 0.0
-2.742038 3.5680845 0.0
0.0 3.0 0.0
0.0 6.0 0.0
0.0 6.0 0.0
4.5700636 5.9468074 0.0
0.0 6.0 0.0
0.0 9.0 0.0
0.0 9.0 0.0
-6.093418 7.9290767 0.0
-6.093418 7.9290767 0.0
-8.387731 0.6111616 5.8880916
-6.093418 7.9290767 0.0
-9.576479 4.532342 3.7129743
-9.576479 4.532342 3.7129743
-9.576479 4.652342 3.7129743
-9.576479 4.532342 3.7129743
-7.354177 0.821198 8.779395
0.0 9.0 0.0
0.0 12.0 0.0
0.0 12.0 0.0
-7.9214435 10.307799 0.0
0.0 12.0 0.0
0.0 15.0 0.0
0.0 15.0 0.0
10.05414 13.082976 0.0
0.0 15.0 0.0
0.0 18.0 0.0
0.0 18.0 0.0
11.882165 15.4616995 0.0
11.882165 15.4616995 0.0
11.882165 15.581699 0.0
11.882165 15.4616995 0.0
17.80582 7.7081733 7.2402997
17.80582 7.7081733 7.2402997
6.9432683 4.3467197 19.069517
17.80582 7.7081733 7.2402997
13.307326 1.386622 16.59072
0.0 18.0 0.0
0.0 21.0 0.0
0.0 21.0 0.0
-13.710191 17.840422 0.0
0.0 21.0 0.0
0.0 24.0 0.0
0.0 24.0 0.0
15.538216 20.219145 0.0
0.0 24.0 0.0
0.0 27.0 0.0
