0.0 0.0 0.0
0.0 3.0 0.0
0.0 3.0 0.0
-1.3383204 3.34199 0.0
0.0 3.0 0.0
0.0 6.0 0.0
0.0 6.0 0.0
2.4535873 6.1269817 0.0
0.0 6.0 0.0
0.0 9.0 0.0
0.0 9.0 0.0
-3.5688546 8.911974 0.0
-3.5688546 8.911974 0.0
-8.102706 4.753055 2.4633102
-3.5688546 8.911974 0.0
-6.7604628 7.9699335 1.3267419
-6.7604628 7.9699335 1.3267419
-6.7604628 8.303267 1.3267419
-6.7604628 7.9699335 1.3267419
-8.888778 6.64147 3.7448955
0.0 9.0 0.0
0.0 12.0 0.0
0.0 12.0 0.0
-5.0187016 12.532463 0.0
0.0 12.0 0.0
0.0 15.0 0.0
0.0 15.0 0.0
6.1339684 15.317455 0.0
0.0 15.0 0.0
0.0 18.0 0.0
0.0 18.0 0.0
6.914655 17.266949 0.0
6.914655 17.266949 0.0
6.914655 18.016949 0.0
6.914655 17.266949 0.0
12.935753 15.035601 2.5705621
12.935753 15.035601 2.5705621
15.949951 5.73049 10.788619
12.935753 15.035601 2.5705621
16.222195 10.777311 7.195271
0.0 18.0 0.0
0.0 21.0 0.0
0.0 21.0 0.0
-8.0299225 20.05194 0.0
0.0 21.0 0.0
0.0 24.0 0.0
0.0 24.0 0.0
9.293892 23.208265 0.0
0.0 24.0 0.0
0.0 27.0 0.0
