0.0 0.0 0.0
0.0 3.0 0.0
0.0 3.0 0.0
-1.7771063 3.5835588 0.0
0.0 3.0 0.0
0.0 6.0 0.0
0.0 6.0 0.0
3.109936 6.271228 0.0
0.0 6.0 0.0
0.0 9.0 0.0
0.0 9.0 0.0
-4.265055 8.600541 0.0
-4.265055 8.600541 0.0
-8.504287 3.2231045 3.3951783
-4.265055 8.600541 0.0
-7.688507 6.9034367 1.8948641
-7.688507 6.9034367 1.8948641
-7.688507 7.0234365 1.8948641
-7.688507 6.9034367 1.8948641
-8.92805 4.394418 5.113413
0.0 9.0 0.0
0.0 12.0 0.0
0.0 12.0 0.0
-5.597885 11.288211 0.0
0.0 12.0 0.0
0.0 15.0 0.0
0.0 15.0 0.0
7.108425 14.334235 0.0
0.0 15.0 0.0
0.0 18.0 0.0
0.0 18.0 0.0
8.263544 16.66355 0.0
8.263544 16.66355 0.0
8.263544 17.41355 0.0
8.263544 16.66355 0.0
14.479973 12.535513 3.671299
14.479973 12.535513 3.671299
13.779551 3.1387653 13.748724
14.479973 12.535513 3.671299
15.996431 6.7292585 9.722192
0.0 18.0 0.0
0.0 21.0 0.0
0.0 21.0 0.0
-9.9962225 20.157518 0.0
0.0 21.0 0.0
0.0 24.0 0.0
0.0 24.0 0.0
11.329053 22.845188 0.0
0.0 24.0 0.0
0.0 27.0 0.0
