0.0 0.0 0.0
0.0 3.0 0.0
0.0 3.0 0.0
-2.0066268 3.4602673 0.0
0.0 3.0 0.0
0.0 6.0 0.0
0.0 6.0 0.0
3.511597 6.0554676 0.0
0.0 6.0 0.0
0.0 9.0 0.0
0.0 9.0 0.0
-4.8159046 8.304642 0.0
-4.8159046 8.304642 0.0
-9.046869 2.4212005 4.179883
-4.8159046 8.304642 0.0
-8.522501 6.3917284 2.415931
-8.522501 6.3917284 2.415931
-8.522501 6.725062 2.415931
-8.522501 6.3917284 2.415931
-9.288239 3.7363837 6.3653116
0.0 9.0 0.0
0.0 12.0 0.0
0.0 12.0 0.0
-6.5215373 11.245869 0.0
0.0 12.0 0.0
0.0 15.0 0.0
0.0 15.0 0.0
8.277336 14.2736025 0.0
0.0 15.0 0.0
0.0 18.0 0.0
0.0 18.0 0.0
9.330815 16.090242 0.0
9.330815 16.090242 0.0
9.330815 16.210243 0.0
9.330815 16.090242 0.0
15.556063 10.73494 4.6808662
15.556063 10.73494 4.6808662
11.426222 2.317535 15.826519
15.556063 10.73494 4.6808662
15.747635 5.0112133 11.8530655
0.0 18.0 0.0
0.0 21.0 0.0
0.0 21.0 0.0
-11.287276 19.464005 0.0
0.0 21.0 0.0
0.0 24.0 0.0
0.0 24.0 0.0
12.792246 22.059204 0.0
0.0 24.0 0.0
0.0 27.0 0.0
