0.0 0.0 0.0
0.0 3.0 0.0
0.0 3.0 0.0
-2.676814 3.6172733 0.0
0.0 3.0 0.0
0.0 6.0 0.0
0.0 6.0 0.0
3.925994 5.305334 0.0
0.0 6.0 0.0
0.0 9.0 0.0
0.0 9.0 0.0
-6.245899 8.440304 0.0
-6.245899 8.440304 0.0
-8.720105 0.7562736 5.973096
-6.245899 8.440304 0.0
-9.948792 5.003851 3.7153578
-9.948792 5.003851 3.7153578
-9.948792 5.753851 3.7153578
-9.948792 5.003851 3.7153578
-8.520735 1.7855735 8.904563
0.0 9.0 0.0
0.0 12.0 0.0
0.0 12.0 0.0
-7.7330184 10.449901 0.0
0.0 12.0 0.0
0.0 15.0 0.0
0.0 15.0 0.0
9.517561 12.861416 0.0
0.0 15.0 0.0
0.0 18.0 0.0
0.0 18.0 0.0
11.064165 14.951396 0.0
11.064165 14.951396 0.0
11.064165 15.071396 0.0
11.064165 14.951396 0.0
16.39989 7.2103543 6.5814915
16.39989 7.2103543 6.5814915
7.17416 3.7615247 17.607443
16.39989 7.2103543 6.5814915
12.095848 0.7652879 15.045891
0.0 18.0 0.0
0.0 21.0 0.0
0.0 21.0 0.0
-13.38407 18.086367 0.0
0.0 21.0 0.0
0.0 24.0 0.0
0.0 24.0 0.0
14.871189 20.095963 0.0
0.0 24.0 0.0
0.0 27.0 0.0
