0.0 0.0 0.0
0.0 3.0 0.0
0.0 3.0 0.0
-3.7068658 2.551303 0.0
0.0 3.0 0.0
0.0 6.0 0.0
0.0 6.0 0.0
6.1781096 4.2521715 0.0
0.0 6.0 0.0
0.0 9.0 0.0
0.0 9.0 0.0
-7.9079804 5.44278 0.0
-7.9079804 5.44278 0.0
-6.4037743 0.5751076 7.3865123
-7.9079804 5.44278 0.0
-8.261037 0.24299622 6.5141826
-8.261037 0.24299622 6.5141826
-8.261037 0.36299622 6.5141826
-8.261037 0.24299622 6.5141826
-1.0488997 1.5503268 10.498268
0.0 9.0 0.0
0.0 12.0 0.0
0.0 12.0 0.0
-10.379224 7.1436486 0.0
0.0 12.0 0.0
0.0 15.0 0.0
0.0 15.0 0.0
13.591841 9.354777 0.0
0.0 15.0 0.0
0.0 18.0 0.0
0.0 18.0 0.0
15.321712 10.545386 0.0
15.321712 10.545386 0.0
15.321712 11.295386 0.0
15.321712 10.545386 0.0
14.10599 -0.83673763 12.621228
14.10599 -0.83673763 12.621228
5.339629 15.972897 8.668505
14.10599 -0.83673763 12.621228
-0.81389815 2.3524027 18.775465
0.0 18.0 0.0
0.0 21.0 0.0
0.0 21.0 0.0
-17.792955 12.246255 0.0
0.0 21.0 0.0
0.0 24.0 0.0
0.0 24.0 0.0
20.593699 14.173905 0.0
0.0 24.0 0.0
0.0 27.0 0.0
