0.0 0.0 0.0
0.0 3.0 0.0
0.0 3.0 0.0
-2.5428483 2.5483177 0.0
0.0 3.0 0.0
0.0 6.0 0.0
0.0 6.0 0.0
4.9444275 4.955062 0.0
0.0 6.0 0.0
0.0 9.0 0.0
0.0 9.0 0.0
-7.0634675 7.07866 0.0
-7.0634675 7.07866 0.0
-7.1986756 2.9050745E-4 7.0634513
-7.0634675 7.07866 0.0
-9.245657 2.1868832 4.9892573
-9.245657 2.1868832 4.9892573
-9.245657 2.5202165 4.9892573
-9.245657 2.1868832 4.9892573
-4.7423563 0.4762702 10.062366
0.0 9.0 0.0
0.0 12.0 0.0
0.0 12.0 0.0
-8.899969 8.919112 0.0
0.0 12.0 0.0
0.0 15.0 0.0
0.0 15.0 0.0
11.654721 11.67979 0.0
0.0 15.0 0.0
0.0 18.0 0.0
0.0 18.0 0.0
13.4205885 13.449454 0.0
13.4205885 13.449454 0.0
13.4205885 13.569454 0.0
13.4205885 13.449454 0.0
16.648499 3.2348528 9.479589
16.648499 3.2348528 9.479589
3.5478868 9.451442 16.668829
16.648499 3.2348528 9.479589
6.946799 -0.24297786 18.469893
0.0 18.0 0.0
0.0 21.0 0.0
0.0 21.0 0.0
-15.25709 15.2899065 0.0
0.0 21.0 0.0
0.0 24.0 0.0
0.0 24.0 0.0
17.376131 17.413504 0.0
0.0 24.0 0.0
0.0 27.0 0.0
