0.0 0.0 0.0
0.0 3.0 0.0
0.0 3.0 0.0
-2.517806 3.108159 0.0
0.0 3.0 0.0
0.0 6.0 0.0
0.0 6.0 0.0
4.720886 5.8277984 0.0
0.0 6.0 0.0
0.0 9.0 0.0
0.0 9.0 0.0
-6.294515 7.7703977 0.0
-6.294515 7.7703977 0.0
-7.989758 0.35973692 6.1574063
-6.294515 7.7703977 0.0
-9.635836 4.1247644 3.9620922
-9.635836 4.1247644 3.9620922
-9.635836 4.458098 3.9620922
-9.635836 4.1247644 3.9620922
-6.8541446 0.52817464 9.143994
0.0 9.0 0.0
0.0 12.0 0.0
0.0 12.0 0.0
-8.18287 10.101517 0.0
0.0 12.0 0.0
0.0 15.0 0.0
0.0 15.0 0.0
9.819444 12.12182 0.0
0.0 15.0 0.0
0.0 18.0 0.0
0.0 18.0 0.0
11.707798 14.45294 0.0
11.707798 14.45294 0.0
11.707798 15.20294 0.0
11.707798 14.45294 0.0
16.795937 6.281162 7.369491
16.795937 6.281162 7.369491
5.48902 4.9701204 17.959852
16.795937 6.281162 7.369491
11.434612 0.7510915 16.298615
0.0 18.0 0.0
0.0 21.0 0.0
0.0 21.0 0.0
-14.162659 17.483395 0.0
0.0 21.0 0.0
0.0 24.0 0.0
0.0 24.0 0.0
16.051014 19.814514 0.0
0.0 24.0 0.0
0.0 27.0 0.0
