0.0 0.0 0.0
0.0 3.0 0.0
0.0 3.0 0.0
-1.7255913 4.156 0.0
0.0 3.0 0.0
0.0 6.0 0.0
0.0 6.0 0.0
2.684253 6.464889 0.0
0.0 6.0 0.0
0.0 9.0 0.0
0.0 9.0 0.0
-3.6812615 8.866134 0.0
-3.6812615 8.866134 0.0
-8.645529 4.947501 2.6074445
-3.6812615 8.866134 0.0
-7.114997 8.269978 1.411634
-7.114997 8.269978 1.411634
-7.114997 8.603311 1.411634
-7.114997 8.269978 1.411634
-9.315282 6.710908 4.032073
0.0 9.0 0.0
0.0 12.0 0.0
0.0 12.0 0.0
-5.1767735 12.468 0.0
0.0 12.0 0.0
0.0 15.0 0.0
0.0 15.0 0.0
5.98205 14.407467 0.0
0.0 15.0 0.0
0.0 18.0 0.0
0.0 18.0 0.0
7.477562 18.009333 0.0
7.477562 18.009333 0.0
7.477562 18.342667 0.0
7.477562 18.009333 0.0
13.859163 15.369766 2.8673813
13.859163 15.369766 2.8673813
16.443886 5.443374 11.840584
13.859163 15.369766 2.8673813
16.929596 10.262365 7.9626865
0.0 18.0 0.0
0.0 21.0 0.0
0.0 21.0 0.0
-8.282838 19.948801 0.0
0.0 21.0 0.0
0.0 24.0 0.0
0.0 24.0 0.0
9.778351 23.550667 0.0
0.0 24.0 0.0
0.0 27.0 0.0
