0.0 0.0 0.0
0.0 3.0 0.0
0.0 3.0 0.0
-1.4678895 4.253857 0.0
0.0 3.0 0.0
0.0 6.0 0.0
0.0 6.0 0.0
2.2833838 6.617111 0.0
0.0 6.0 0.0
0.0 9.0 0.0
0.0 9.0 0.0
-3.1314979 9.074896 0.0
-3.1314979 9.074896 0.0
-7.6110773 5.717888 1.9312272
-3.1314979 9.074896 0.0
-6.0846987 8.558202 1.0214874
-6.0846987 8.558202 1.0214874
-6.0846987 9.308202 1.0214874
-6.0846987 8.558202 1.0214874
-8.240139 7.267826 2.9504282
0.0 9.0 0.0
0.0 12.0 0.0
0.0 12.0 0.0
-4.1100907 11.9108 0.0
0.0 12.0 0.0
0.0 15.0 0.0
0.0 15.0 0.0
5.219163 15.1248255 0.0
0.0 15.0 0.0
0.0 18.0 0.0
0.0 18.0 0.0
6.197756 17.96073 0.0
6.197756 17.96073 0.0
6.197756 18.71073 0.0
6.197756 17.96073 0.0
11.88633 16.48515 2.0216937
11.88633 16.48515 2.0216937
16.756247 8.237823 8.921881
11.88633 16.48515 2.0216937
15.86488 13.551297 5.7884035
0.0 18.0 0.0
0.0 21.0 0.0
0.0 21.0 0.0
-7.339448 21.269285 0.0
0.0 21.0 0.0
0.0 24.0 0.0
0.0 24.0 0.0
8.318041 24.10519 0.0
0.0 24.0 0.0
0.0 27.0 0.0
