0.0 0.0 0.0
0.0 3.0 0.0
0.0 3.0 0.0
-2.5098152 3.735081 0.0
0.0 3.0 0.0
0.0 6.0 0.0
0.0 6.0 0.0
3.6810622 5.4781184 0.0
0.0 6.0 0.0
0.0 9.0 0.0
0.0 9.0 0.0
-5.3542724 7.968173 0.0
-5.3542724 7.968173 0.0
-8.253011 1.1830221 4.957322
-5.3542724 7.968173 0.0
-8.467503 4.6330767 2.9862742
-8.467503 4.6330767 2.9862742
-8.467503 4.7530766 2.9862742
-8.467503 4.6330767 2.9862742
-7.592849 1.684622 7.2012978
0.0 9.0 0.0
0.0 12.0 0.0
0.0 12.0 0.0
-7.0274825 10.458227 0.0
0.0 12.0 0.0
0.0 15.0 0.0
0.0 15.0 0.0
8.923787 13.280288 0.0
0.0 15.0 0.0
0.0 18.0 0.0
0.0 18.0 0.0
10.596997 15.770342 0.0
10.596997 15.770342 0.0
10.596997 15.890342 0.0
10.596997 15.770342 0.0
16.430927 8.681995 5.910334
16.430927 8.681995 5.910334
8.625223 2.7247 17.446062
16.430927 8.681995 5.910334
14.262548 2.683375 14.069815
0.0 18.0 0.0
0.0 21.0 0.0
0.0 21.0 0.0
-12.549076 18.675406 0.0
0.0 21.0 0.0
0.0 24.0 0.0
0.0 24.0 0.0
14.222285 21.165459 0.0
0.0 24.0 0.0
0.0 27.0 0.0
