0.0 0.0 0.0
0.0 3.0 0.0
0.0 3.0 0.0
-2.9611058 3.3884883 0.0
0.0 3.0 0.0
0.0 6.0 0.0
0.0 6.0 0.0
4.606165 5.270982 0.0
0.0 6.0 0.0
0.0 9.0 0.0
0.0 9.0 0.0
-6.317026 7.2287755 0.0
-6.317026 7.2287755 0.0
-7.395935 0.14590073 6.2600465
-6.317026 7.2287755 0.0
-8.996513 3.0662227 4.156752
-8.996513 3.0662227 4.156752
-8.996513 3.1862226 4.156752
-8.996513 3.0662227 4.156752
-5.4539003 0.102826595 9.049941
0.0 9.0 0.0
0.0 12.0 0.0
0.0 12.0 0.0
-8.554306 9.788966 0.0
0.0 12.0 0.0
0.0 15.0 0.0
0.0 15.0 0.0
10.8573885 12.424458 0.0
0.0 15.0 0.0
0.0 18.0 0.0
0.0 18.0 0.0
12.831459 14.683449 0.0
12.831459 14.683449 0.0
12.831459 15.433449 0.0
12.831459 14.683449 0.0
17.33237 5.1505375 8.443402
17.33237 5.1505375 8.443402
5.0372863 6.78074 18.307535
17.33237 5.1505375 8.443402
10.020132 0.07577133 17.762968
0.0 18.0 0.0
0.0 21.0 0.0
0.0 21.0 0.0
-14.213308 16.264744 0.0
0.0 21.0 0.0
0.0 24.0 0.0
0.0 24.0 0.0
16.450588 18.824936 0.0
0.0 24.0 0.0
0.0 27.0 0.0
