0.0 0.0 0.0
0.0 3.0 0.0
0.0 3.0 0.0
-1.2297318 4.3287134 0.0
0.0 3.0 0.0
0.0 6.0 0.0
0.0 6.0 0.0
1.8036066 6.3487797 0.0
0.0 6.0 0.0
0.0 9.0 0.0
0.0 9.0 0.0
-2.8693743 10.100331 0.0
-2.8693743 10.100331 0.0
-7.780755 7.946515 1.5085559
-2.8693743 10.100331 0.0
-5.579213 9.538759 0.7841246
-5.579213 9.538759 0.7841246
-5.579213 9.658759 0.7841246
-5.579213 9.538759 0.7841246
-7.7270975 8.34478 2.2789302
0.0 9.0 0.0
0.0 12.0 0.0
0.0 12.0 0.0
-3.4432492 12.120398 0.0
0.0 12.0 0.0
0.0 15.0 0.0
0.0 15.0 0.0
4.37238 15.390981 0.0
0.0 15.0 0.0
0.0 18.0 0.0
0.0 18.0 0.0
5.328838 18.757757 0.0
5.328838 18.757757 0.0
5.328838 19.091091 0.0
5.328838 18.757757 0.0
10.330164 17.6049 1.4562315
10.330164 17.6049 1.4562315
16.14234 10.860214 6.669753
10.330164 17.6049 1.4562315
14.26015 15.289968 4.2237644
0.0 18.0 0.0
0.0 21.0 0.0
0.0 21.0 0.0
-5.902713 20.777824 0.0
0.0 21.0 0.0
0.0 24.0 0.0
0.0 24.0 0.0
6.722534 23.663633 0.0
0.0 24.0 0.0
0.0 27.0 0.0
