0.0 0.0 0.0
0.0 3.0 0.0
0.0 3.0 0.0
-2.212322 2.8400054 0.0
0.0 3.0 0.0
0.0 6.0 0.0
0.0 6.0 0.0
4.0559235 5.2066765 0.0
0.0 6.0 0.0
0.0 9.0 0.0
0.0 9.0 0.0
-5.8995256 7.5733485 0.0
-5.8995256 7.5733485 0.0
-8.423559 0.63698566 5.720179
-5.8995256 7.5733485 0.0
-9.247439 4.2977886 3.6254585
-9.247439 4.2977886 3.6254585
-9.247439 4.4177885 3.6254585
-9.247439 4.2977886 3.6254585
-7.0073614 0.7498219 8.542954
0.0 9.0 0.0
0.0 12.0 0.0
0.0 12.0 0.0
-7.9889407 10.255575 0.0
0.0 12.0 0.0
0.0 15.0 0.0
0.0 15.0 0.0
9.586729 12.306691 0.0
0.0 15.0 0.0
0.0 18.0 0.0
0.0 18.0 0.0
11.983411 15.383363 0.0
11.983411 15.383363 0.0
11.983411 15.503363 0.0
11.983411 15.383363 0.0
17.525984 7.1151204 7.364212
17.525984 7.1151204 7.364212
6.3173475 4.535509 18.795185
17.525984 7.1151204 7.364212
12.631376 1.0808997 16.579868
0.0 18.0 0.0
0.0 21.0 0.0
0.0 21.0 0.0
-13.519746 17.355589 0.0
0.0 21.0 0.0
0.0 24.0 0.0
0.0 24.0 0.0
15.117535 19.406704 0.0
0.0 24.0 0.0
0.0 27.0 0.0
