0.0 0.0 0.0
0.0 3.0 0.0
0.0 3.0 0.0
-2.7743948 2.8814464 0.0
0.0 3.0 0.0
0.0 6.0 0.0
0.0 6.0 0.0
4.8551908 5.042531 0.0
0.0 6.0 0.0
0.0 9.0 0.0
0.0 9.0 0.0
-7.2827864 7.5637965 0.0
-7.2827864 7.5637965 0.0
-7.9019027 0.023445189 7.27757
-7.2827864 7.5637965 0.0
-9.441587 2.2421007 5.051331
-9.441587 2.2421007 5.051331
-9.441587 2.9921007 5.051331
-9.441587 2.2421007 5.051331
-4.346857 -0.23998213 10.187458
0.0 9.0 0.0
0.0 12.0 0.0
0.0 12.0 0.0
-8.739344 9.076556 0.0
0.0 12.0 0.0
0.0 15.0 0.0
0.0 15.0 0.0
11.097579 11.525785 0.0
0.0 15.0 0.0
0.0 18.0 0.0
0.0 18.0 0.0
13.178375 13.686871 0.0
13.178375 13.686871 0.0
13.178375 13.80687 0.0
13.178375 13.686871 0.0
16.747889 3.7072449 9.140504
16.747889 3.7072449 9.140504
3.5028422 8.638929 17.081785
16.747889 3.7072449 9.140504
7.1113496 -0.867867 18.200783
0.0 18.0 0.0
0.0 21.0 0.0
0.0 21.0 0.0
-14.981732 15.559811 0.0
0.0 21.0 0.0
0.0 24.0 0.0
0.0 24.0 0.0
17.686766 18.36922 0.0
0.0 24.0 0.0
0.0 27.0 0.0
