0.0 0.0 0.0
0.0 3.0 0.0
0.0 3.0 0.0
-3.2212355 2.3714218 0.0
0.0 3.0 0.0
0.0 6.0 0.0
0.0 6.0 0.0
6.0398164 4.446416 0.0
0.0 6.0 0.0
0.0 9.0 0.0
0.0 9.0 0.0
-8.455743 6.2249823 0.0
-8.455743 6.2249823 0.0
-7.0083947 0.45025003 8.07408
-8.455743 6.2249823 0.0
-8.468223 0.009187698 6.809485
-8.468223 0.009187698 6.809485
-8.468223 0.34252104 6.809485
-8.468223 0.009187698 6.809485
-0.53803384 0.9714076 10.856575
0.0 9.0 0.0
0.0 12.0 0.0
0.0 12.0 0.0
-10.469015 7.707121 0.0
0.0 12.0 0.0
0.0 15.0 0.0
0.0 15.0 0.0
12.562819 9.248546 0.0
0.0 15.0 0.0
0.0 18.0 0.0
0.0 18.0 0.0
15.703523 11.560681 0.0
15.703523 11.560681 0.0
15.703523 12.310681 0.0
15.703523 11.560681 0.0
15.634665 -0.05069208 12.646186
15.634665 -0.05069208 12.646186
5.236349 15.88096 11.172486
15.634665 -0.05069208 12.646186
0.22202957 1.2996515 20.088095
0.0 18.0 0.0
0.0 21.0 0.0
0.0 21.0 0.0
-18.11945 13.339248 0.0
0.0 21.0 0.0
0.0 24.0 0.0
0.0 24.0 0.0
20.132723 14.821386 0.0
0.0 24.0 0.0
0.0 27.0 0.0
