0.0 0.0 0.0
0.0 3.0 0.0
0.0 3.0 0.0
-3.4613361 2.0047824 0.0
0.0 3.0 0.0
0.0 6.0 0.0
0.0 6.0 0.0
6.057338 3.5083692 0.0
0.0 6.0 0.0
0.0 9.0 0.0
0.0 9.0 0.0
-8.65334 5.011956 0.0
-8.65334 5.011956 0.0
-6.594143 1.1813064 7.505935
-8.65334 5.011956 0.0
-7.3760433 -0.73980165 7.48803
-7.3760433 -0.73980165 7.48803
-7.3760433 0.010198355 7.48803
-7.3760433 -0.73980165 7.48803
0.7369049 2.7890654 10.13571
0.0 9.0 0.0
0.0 12.0 0.0
0.0 12.0 0.0
-11.249342 6.515543 0.0
0.0 12.0 0.0
0.0 15.0 0.0
0.0 15.0 0.0
13.845345 8.01913 0.0
0.0 15.0 0.0
0.0 18.0 0.0
0.0 18.0 0.0
16.874014 9.773314 0.0
16.874014 9.773314 0.0
16.874014 9.893314 0.0
16.874014 9.773314 0.0
13.215084 -2.1192274 14.601659
13.215084 -2.1192274 14.601659
8.025558 17.578749 4.1969347
13.215084 -2.1192274 14.601659
-4.327812 4.440932 18.75375
0.0 18.0 0.0
0.0 21.0 0.0
0.0 21.0 0.0
-18.691216 10.825826 0.0
0.0 21.0 0.0
0.0 24.0 0.0
0.0 24.0 0.0
22.066017 12.780488 0.0
0.0 24.0 0.0
0.0 27.0 0.0
