0.0 0.0 0.0
0.0 3.0 0.0
0.0 3.0 0.0
-3.258956 2.3193116 0.0
0.0 3.0 0.0
0.0 6.0 0.0
0.0 6.0 0.0
5.3772774 3.826864 0.0
0.0 6.0 0.0
0.0 9.0 0.0
0.0 9.0 0.0
-7.8214946 5.566348 0.0
-7.8214946 5.566348 0.0
-6.8072042 0.3516879 7.389879
-7.8214946 5.566348 0.0
-7.653554 -0.11951923 6.3724766
-7.653554 -0.11951923 6.3724766
-7.653554 0.63048077 6.3724766
-7.653554 -0.11951923 6.3724766
-0.687448 1.4148855 9.930589
0.0 9.0 0.0
0.0 12.0 0.0
0.0 12.0 0.0
-10.591607 7.5377626 0.0
0.0 12.0 0.0
0.0 15.0 0.0
0.0 15.0 0.0
13.035824 9.277246 0.0
0.0 15.0 0.0
0.0 18.0 0.0
0.0 18.0 0.0
15.88741 11.306644 0.0
15.88741 11.306644 0.0
15.88741 11.426644 0.0
15.88741 11.306644 0.0
15.042161 -0.60154104 12.944093
15.042161 -0.60154104 12.944093
5.761082 16.16215 9.971611
15.042161 -0.60154104 12.944093
-1.058973 1.4853469 19.76078
0.0 18.0 0.0
0.0 21.0 0.0
0.0 21.0 0.0
-18.331627 13.046128 0.0
0.0 21.0 0.0
0.0 24.0 0.0
0.0 24.0 0.0
20.775845 14.785611 0.0
0.0 24.0 0.0
0.0 27.0 0.0
