0.0 0.0 0.0
0.0 3.0 0.0
0.0 3.0 0.0
-2.6629734 2.4225137 0.0
0.0 3.0 0.0
0.0 6.0 0.0
0.0 6.0 0.0
4.882118 4.441275 0.0
0.0 6.0 0.0
0.0 9.0 0.0
0.0 9.0 0.0
-7.3971486 6.7292047 0.0
-7.3971486 6.7292047 0.0
-6.8845043 0.04858792 7.3641467
-7.3971486 6.7292047 0.0
-9.066999 1.5190668 5.471781
-9.066999 1.5190668 5.471781
-9.066999 2.2690668 5.471781
-9.066999 1.5190668 5.471781
-3.2454433 0.1758964 10.389068
0.0 9.0 0.0
0.0 12.0 0.0
0.0 12.0 0.0
-9.320408 8.478798 0.0
0.0 12.0 0.0
0.0 15.0 0.0
0.0 15.0 0.0
11.835438 10.766727 0.0
0.0 15.0 0.0
0.0 18.0 0.0
0.0 18.0 0.0
13.758697 12.516321 0.0
13.758697 12.516321 0.0
13.758697 13.266321 0.0
13.758697 12.516321 0.0
15.932578 1.9775848 10.177512
15.932578 1.9775848 10.177512
3.3984823 11.36548 14.901185
15.932578 1.9775848 10.177512
4.3511324 -0.3581586 18.63422
0.0 18.0 0.0
0.0 21.0 0.0
0.0 21.0 0.0
-16.273727 14.804251 0.0
0.0 21.0 0.0
0.0 24.0 0.0
0.0 24.0 0.0
18.196985 16.553844 0.0
0.0 24.0 0.0
0.0 27.0 0.0
