0.0 0.0 0.0
0.0 3.0 0.0
0.0 3.0 0.0
-1.7159574 4.159987 0.0
0.0 3.0 0.0
0.0 6.0 0.0
0.0 6.0 0.0
2.859929 6.9333115 0.0
0.0 6.0 0.0
0.0 9.0 0.0
0.0 9.0 0.0
-3.6607094 8.874639 0.0
-3.6607094 8.874639 0.0
-8.332959 4.6998243 2.5808852
-3.6607094 8.874639 0.0
-6.741319 7.4683075 1.3959159
-6.741319 7.4683075 1.3959159
-6.741319 7.801641 1.3959159
-6.741319 7.4683075 1.3959159
-8.688831 6.11726 3.8610687
0.0 9.0 0.0
0.0 12.0 0.0
0.0 12.0 0.0
-4.804681 11.647964 0.0
0.0 12.0 0.0
0.0 15.0 0.0
0.0 15.0 0.0
6.291844 15.253285 0.0
0.0 15.0 0.0
0.0 18.0 0.0
0.0 18.0 0.0
7.2451534 17.564388 0.0
7.2451534 17.564388 0.0
7.2451534 17.897722 0.0
7.2451534 17.564388 0.0
13.461357 15.069912 2.76275
13.461357 15.069912 2.76275
16.098175 5.4151297 11.449867
13.461357 15.069912 2.76275
16.65791 10.512135 7.6871376
0.0 18.0 0.0
0.0 21.0 0.0
0.0 21.0 0.0
-8.236596 19.967937 0.0
0.0 21.0 0.0
0.0 24.0 0.0
0.0 24.0 0.0
9.533097 23.111038 0.0
0.0 24.0 0.0
0.0 27.0 0.0
