0.0 0.0 0.0
0.0 3.0 0.0
0.0 3.0 0.0
-3.6382577 2.6482222 0.0
0.0 3.0 0.0
0.0 6.0 0.0
0.0 6.0 0.0
6.0637627 4.413704 0.0
0.0 6.0 0.0
0.0 9.0 0.0
0.0 9.0 0.0
-7.7616167 5.649541 0.0
-7.7616167 5.649541 0.0
-6.426476 0.43122816 7.385927
-7.7616167 5.649541 0.0
-7.7408066 -0.015147686 6.2752805
-7.7408066 -0.015147686 6.2752805
-7.7408066 0.10485231 6.2752805
-7.7408066 -0.015147686 6.2752805
-0.89557284 1.292758 9.951419
0.0 9.0 0.0
0.0 12.0 0.0
0.0 12.0 0.0
-10.914773 7.944667 0.0
0.0 12.0 0.0
0.0 15.0 0.0
0.0 15.0 0.0
13.340279 9.710148 0.0
0.0 15.0 0.0
0.0 18.0 0.0
0.0 18.0 0.0
15.765783 11.47563 0.0
15.765783 11.47563 0.0
15.765783 12.22563 0.0
15.765783 11.47563 0.0
15.546652 -0.15950108 12.746663
15.546652 -0.15950108 12.746663
5.7585745 15.908051 10.8764515
15.546652 -0.15950108 12.746663
-0.0011015534 1.4297338 20.070827
0.0 18.0 0.0
0.0 21.0 0.0
0.0 21.0 0.0
-17.787037 12.946864 0.0
0.0 21.0 0.0
0.0 24.0 0.0
0.0 24.0 0.0
20.616795 15.006593 0.0
0.0 24.0 0.0
0.0 27.0 0.0
