0.0 0.0 0.0
0.0 3.0 0.0
0.0 3.0 0.0
-1.9430285 3.030617 0.0
0.0 3.0 0.0
0.0 6.0 0.0
0.0 6.0 0.0
3.562219 5.5561314 0.0
0.0 6.0 0.0
0.0 9.0 0.0
0.0 9.0 0.0
-5.667166 8.839299 0.0
-5.667166 8.839299 0.0
-9.701359 1.8529167 5.1499286
-5.667166 8.839299 0.0
-9.596703 6.1290517 3.0587404
-9.596703 6.1290517 3.0587404
-9.596703 6.462385 3.0587404
-9.596703 6.1290517 3.0587404
-9.528944 2.9530542 7.7545934
0.0 9.0 0.0
0.0 12.0 0.0
0.0 12.0 0.0
-7.286357 11.364814 0.0
0.0 12.0 0.0
0.0 15.0 0.0
0.0 15.0 0.0
8.905547 13.890328 0.0
0.0 15.0 0.0
0.0 18.0 0.0
0.0 18.0 0.0
10.254872 15.994924 0.0
10.254872 15.994924 0.0
10.254872 16.744923 0.0
10.254872 15.994924 0.0
16.22432 9.310779 5.5348635
16.22432 9.310779 5.5348635
9.491003 2.4422312 17.053696
16.22432 9.310779 5.5348635
14.818088 3.3415089 13.416212
0.0 18.0 0.0
0.0 21.0 0.0
0.0 21.0 0.0
-11.874063 18.520437 0.0
0.0 21.0 0.0
0.0 24.0 0.0
0.0 24.0 0.0
13.763119 21.466871 0.0
0.0 24.0 0.0
0.0 27.0 0.0
