0.0 0.0 0.0
0.0 3.0 0.0
0.0 3.0 0.0
-3.0842295 1.856752 0.0
0.0 3.0 0.0
0.0 6.0 0.0
0.0 6.0 0.0
5.9971128 3.6103513 0.0
0.0 6.0 0.0
0.0 9.0 0.0
0.0 9.0 0.0
-8.567304 5.1576447 0.0
-8.567304 5.1576447 0.0
-6.5403137 1.0733654 7.5712886
-8.567304 5.1576447 0.0
-7.982821 -0.3518672 7.3398695
-7.982821 -0.3518672 7.3398695
-7.982821 -0.2318672 7.3398695
-7.982821 -0.3518672 7.3398695
0.9071592 1.9879688 10.624769
0.0 9.0 0.0
0.0 12.0 0.0
0.0 12.0 0.0
-11.137495 6.704938 0.0
0.0 12.0 0.0
0.0 15.0 0.0
0.0 15.0 0.0
13.707686 8.252232 0.0
0.0 15.0 0.0
0.0 18.0 0.0
0.0 18.0 0.0
16.706244 10.057407 0.0
16.706244 10.057407 0.0
16.706244 10.177407 0.0
16.706244 10.057407 0.0
13.574603 -1.885294 14.312747
13.574603 -1.885294 14.312747
7.332068 17.618399 5.2984576
13.574603 -1.885294 14.312747
-3.814519 3.844236 19.011782
0.0 18.0 0.0
0.0 21.0 0.0
0.0 21.0 0.0
-19.276434 11.604701 0.0
0.0 21.0 0.0
0.0 24.0 0.0
0.0 24.0 0.0
21.846624 13.151994 0.0
0.0 24.0 0.0
0.0 27.0 0.0
