0.0 0.0 0.0
0.0 3.0 0.0
0.0 3.0 0.0
-2.5393476 3.7150657 0.0
0.0 3.0 0.0
0.0 6.0 0.0
0.0 6.0 0.0
4.232246 6.1917763 0.0
0.0 6.0 0.0
0.0 9.0 0.0
0.0 9.0 0.0
-5.417275 7.9254737 0.0
-5.417275 7.9254737 0.0
-8.21062 1.0886688 5.0474787
-5.417275 7.9254737 0.0
-8.503151 4.5146375 3.0569654
-8.503151 4.5146375 3.0569654
-8.503151 5.2646375 3.0569654
-8.503151 4.5146375 3.0569654
-7.7653713 1.9775937 7.322063
0.0 9.0 0.0
0.0 12.0 0.0
0.0 12.0 0.0
-7.618043 11.145197 0.0
0.0 12.0 0.0
0.0 15.0 0.0
0.0 15.0 0.0
9.310941 13.621908 0.0
0.0 15.0 0.0
0.0 18.0 0.0
0.0 18.0 0.0
10.72169 15.685833 0.0
10.72169 15.685833 0.0
10.72169 16.019167 0.0
10.72169 15.685833 0.0
17.005497 9.193211 6.050244
17.005497 9.193211 6.050244
9.071606 2.9581163 18.041698
17.005497 9.193211 6.050244
14.805923 2.8322673 14.591093
0.0 18.0 0.0
0.0 21.0 0.0
0.0 21.0 0.0
-12.414588 18.162544 0.0
0.0 21.0 0.0
0.0 24.0 0.0
0.0 24.0 0.0
14.389636 21.05204 0.0
0.0 24.0 0.0
0.0 27.0 0.0
