0.0 0.0 0.0
0.0 3.0 0.0
0.0 3.0 0.0
-1.2622398 3.3714612 0.0
0.0 3.0 0.0
0.0 6.0 0.0
0.0 6.0 0.0
2.3141062 6.181012 0.0
0.0 6.0 0.0
0.0 9.0 0.0
0.0 9.0 0.0
-3.6815329 9.833428 0.0
-3.6815329 9.833428 0.0
-8.770512 5.8437376 2.417763
-3.6815329 9.833428 0.0
-7.0273805 8.936809 1.290827
-7.0273805 8.936809 1.290827
-7.0273805 9.270142 1.290827
-7.0273805 8.936809 1.290827
-9.398979 7.625402 3.6728368
0.0 9.0 0.0
0.0 12.0 0.0
0.0 12.0 0.0
-4.4178395 11.800115 0.0
0.0 12.0 0.0
0.0 15.0 0.0
0.0 15.0 0.0
5.785266 15.452531 0.0
0.0 15.0 0.0
0.0 18.0 0.0
0.0 18.0 0.0
6.5215726 17.419216 0.0
6.5215726 17.419216 0.0
6.5215726 18.169216 0.0
6.5215726 17.419216 0.0
12.353334 15.576721 2.286608
12.353334 15.576721 2.286608
16.615202 7.1805634 9.837167
12.353334 15.576721 2.286608
15.895993 11.749102 6.4728003
0.0 18.0 0.0
0.0 21.0 0.0
0.0 21.0 0.0
-7.888999 21.071632 0.0
0.0 21.0 0.0
0.0 24.0 0.0
0.0 24.0 0.0
8.9408655 23.881184 0.0
0.0 24.0 0.0
0.0 27.0 0.0
