0.0 0.0 0.0
0.0 3.0 0.0
0.0 3.0 0.0
-1.3477556 4.2934318 0.0
0.0 3.0 0.0
0.0 6.0 0.0
0.0 6.0 0.0
2.0965087 6.6786714 0.0
0.0 6.0 0.0
0.0 9.0 0.0
0.0 9.0 0.0
-2.9950123 9.540959 0.0
-2.9950123 9.540959 0.0
-7.6600003 6.6982336 1.7116671
-2.9950123 9.540959 0.0
-5.883387 9.201253 0.8970099
-5.883387 9.201253 0.8970099
-5.883387 9.951253 0.8970099
-5.883387 9.201253 0.8970099
-8.034805 7.750603 2.6179152
0.0 9.0 0.0
0.0 12.0 0.0
0.0 12.0 0.0
-3.893516 12.403247 0.0
0.0 12.0 0.0
0.0 15.0 0.0
0.0 15.0 0.0
4.9417706 15.742582 0.0
0.0 15.0 0.0
0.0 18.0 0.0
0.0 18.0 0.0
5.8402743 18.60487 0.0
5.8402743 18.60487 0.0
5.8402743 18.938204 0.0
5.8402743 18.60487 0.0
11.068278 16.654413 1.7491693
11.068278 16.654413 1.7491693
16.579575 9.662576 7.7609506
11.068278 16.654413 1.7491693
14.863131 13.838113 4.9838386
0.0 18.0 0.0
0.0 21.0 0.0
0.0 21.0 0.0
-6.5890274 20.99011 0.0
0.0 21.0 0.0
0.0 24.0 0.0
0.0 24.0 0.0
7.487531 23.852398 0.0
0.0 24.0 0.0
0.0 27.0 0.0
