0.0 0.0 0.0
0.0 3.0 0.0
0.0 3.0 0.0
-3.7653472 2.4641752 0.0
0.0 3.0 0.0
0.0 6.0 0.0
0.0 6.0 0.0
5.522509 3.6141236 0.0
0.0 6.0 0.0
0.0 9.0 0.0
0.0 9.0 0.0
-8.78581 5.749742 0.0
-8.78581 5.749742 0.0
-7.3640175 0.62103915 8.051252
-8.78581 5.749742 0.0
-8.282316 -0.32950425 7.351473
-8.282316 -0.32950425 7.351473
-8.282316 0.42049575 7.351473
-8.282316 -0.32950425 7.351473
0.65854895 1.500257 10.955803
0.0 9.0 0.0
0.0 12.0 0.0
0.0 12.0 0.0
-10.87767 7.118728 0.0
0.0 12.0 0.0
0.0 15.0 0.0
0.0 15.0 0.0
13.053205 8.542474 0.0
0.0 15.0 0.0
0.0 18.0 0.0
0.0 18.0 0.0
15.563436 10.185258 0.0
15.563436 10.185258 0.0
15.563436 10.935258 0.0
15.563436 10.185258 0.0
13.691345 -1.2251606 13.022609
13.691345 -1.2251606 13.022609
6.1533017 16.315228 7.333951
13.691345 -1.2251606 13.022609
-1.6314578 2.9948287 18.587257
0.0 18.0 0.0
0.0 21.0 0.0
0.0 21.0 0.0
-18.408363 12.047079 0.0
0.0 21.0 0.0
0.0 24.0 0.0
0.0 24.0 0.0
20.918596 13.689862 0.0
0.0 24.0 0.0
0.0 27.0 0.0
