0.0 0.0 0.0
0.0 3.0 0.0
0.0 3.0 0.0
-3.389592 2.123833 0.0
0.0 3.0 0.0
0.0 6.0 0.0
0.0 6.0 0.0
5.592827 3.5043242 0.0
0.0 6.0 0.0
0.0 9.0 0.0
0.0 9.0 0.0
-8.897678 5.5750613 0.0
-8.897678 5.5750613 0.0
-7.0094695 0.9152181 8.006717
-8.897678 5.5750613 0.0
-8.503797 -0.24679637 7.5398746
-8.503797 -0.24679637 7.5398746
-8.503797 -0.12679636 7.5398746
-8.503797 -0.24679637 7.5398746
-0.066886246 2.2535188 11.209458
0.0 9.0 0.0
0.0 12.0 0.0
0.0 12.0 0.0
-11.016173 6.902457 0.0
0.0 12.0 0.0
0.0 15.0 0.0
0.0 15.0 0.0
13.558368 8.495332 0.0
0.0 15.0 0.0
0.0 18.0 0.0
0.0 18.0 0.0
16.524261 10.353685 0.0
16.524261 10.353685 0.0
16.524261 11.103685 0.0
16.524261 10.353685 0.0
14.703254 -1.1409979 14.002625
14.703254 -1.1409979 14.002625
7.9412336 17.280188 7.123477
14.703254 -1.1409979 14.002625
-2.6135912 3.152327 19.894318
0.0 18.0 0.0
0.0 21.0 0.0
0.0 21.0 0.0
-19.066454 11.94656 0.0
0.0 21.0 0.0
0.0 24.0 0.0
0.0 24.0 0.0
21.608648 13.539435 0.0
0.0 24.0 0.0
0.0 27.0 0.0
