0.0 0.0 0.0
0.0 3.0 0.0
0.0 3.0 0.0
-1.0265591 3.4505327 0.0
0.0 3.0 0.0
0.0 6.0 0.0
0.0 6.0 0.0
2.138665 7.18861 0.0
0.0 6.0 0.0
0.0 9.0 0.0
0.0 9.0 0.0
-2.8515532 9.584813 0.0
-2.8515532 9.584813 0.0
-7.421067 6.999932 1.5587505
-2.8515532 9.584813 0.0
-5.7805767 9.845211 0.81313556
-5.7805767 9.845211 0.81313556
-5.7805767 10.595211 0.81313556
-5.7805767 9.845211 0.81313556
-8.066802 8.497734 2.4277375
0.0 9.0 0.0
0.0 12.0 0.0
0.0 12.0 0.0
-3.7070193 12.460257 0.0
0.0 12.0 0.0
0.0 15.0 0.0
0.0 15.0 0.0
4.4484234 14.952309 0.0
0.0 15.0 0.0
0.0 18.0 0.0
0.0 18.0 0.0
5.5605288 18.690386 0.0
5.5605288 18.690386 0.0
5.5605288 18.810387 0.0
5.5605288 18.690386 0.0
10.6091385 16.969694 1.5856144
10.6091385 16.969694 1.5856144
16.055042 9.928066 7.1270466
10.6091385 16.969694 1.5856144
14.57983 14.93214 4.5450344
0.0 18.0 0.0
0.0 21.0 0.0
0.0 21.0 0.0
-6.159355 20.703197 0.0
0.0 21.0 0.0
0.0 24.0 0.0
0.0 24.0 0.0
7.1288834 23.962032 0.0
0.0 24.0 0.0
0.0 27.0 0.0
