0.0 0.0 0.0
0.0 3.0 0.0
0.0 3.0 0.0
-3.2946393 2.2683368 0.0
0.0 3.0 0.0
0.0 6.0 0.0
0.0 6.0 0.0
5.436155 3.7427557 0.0
0.0 6.0 0.0
0.0 9.0 0.0
0.0 9.0 0.0
-7.9071345 5.4440084 0.0
-7.9071345 5.4440084 0.0
-6.793053 0.42555356 7.3866
-7.9071345 5.4440084 0.0
-7.850483 -0.039004803 6.5127892
-7.850483 -0.039004803 6.5127892
-7.850483 0.29432854 6.5127892
-7.850483 -0.039004803 6.5127892
0.05536017 1.0696704 10.159428
0.0 9.0 0.0
0.0 12.0 0.0
0.0 12.0 0.0
-10.707578 7.3720946 0.0
0.0 12.0 0.0
0.0 15.0 0.0
0.0 15.0 0.0
13.590387 9.356889 0.0
0.0 15.0 0.0
0.0 18.0 0.0
0.0 18.0 0.0
15.649537 10.7746 0.0
15.649537 10.7746 0.0
15.649537 10.8946 0.0
15.649537 10.7746 0.0
15.142743 -0.34892416 12.889895
15.142743 -0.34892416 12.889895
6.5994964 16.15322 9.546367
15.142743 -0.34892416 12.889895
-0.61473346 2.0409794 19.782125
0.0 18.0 0.0
0.0 21.0 0.0
0.0 21.0 0.0
-18.532347 12.759395 0.0
0.0 21.0 0.0
0.0 24.0 0.0
0.0 24.0 0.0
20.591496 14.177105 0.0
0.0 24.0 0.0
0.0 27.0 0.0
