0.0 0.0 0.0
0.0 3.0 0.0
0.0 3.0 0.0
-2.3846762 2.6969092 0.0
0.0 3.0 0.0
0.0 6.0 0.0
0.0 6.0 0.0
4.9680758 5.618561 0.0
0.0 6.0 0.0
0.0 9.0 0.0
0.0 9.0 0.0
-6.359137 7.191758 0.0
-6.359137 7.191758 0.0
-7.5637965 0.14859927 6.311301
-6.359137 7.191758 0.0
-8.730169 2.6814783 4.2123566
-8.730169 2.6814783 4.2123566
-8.730169 2.8014781 4.2123566
-8.730169 2.6814783 4.2123566
-5.247797 0.27402663 8.938603
0.0 9.0 0.0
0.0 12.0 0.0
0.0 12.0 0.0
-8.346367 9.439182 0.0
0.0 12.0 0.0
0.0 15.0 0.0
0.0 15.0 0.0
10.598561 11.986263 0.0
0.0 15.0 0.0
0.0 18.0 0.0
0.0 18.0 0.0
12.3208275 13.9340315 0.0
12.3208275 13.9340315 0.0
12.3208275 14.6840315 0.0
12.3208275 13.9340315 0.0
17.138266 5.4481997 8.16144
17.138266 5.4481997 8.16144
4.7915287 6.6384244 18.008516
17.138266 5.4481997 8.16144
9.574581 -0.39258146 17.466633
0.0 18.0 0.0
0.0 21.0 0.0
0.0 21.0 0.0
-14.573022 16.481112 0.0
0.0 21.0 0.0
0.0 24.0 0.0
0.0 24.0 0.0
16.560251 18.728537 0.0
0.0 24.0 0.0
0.0 27.0 0.0
