0.0 0.0 0.0
0.0 3.0 0.0
0.0 3.0 0.0
-1.564872 4.219144 0.0
0.0 3.0 0.0
0.0 6.0 0.0
0.0 6.0 0.0
2.6081202 7.0319066 0.0
0.0 6.0 0.0
0.0 9.0 0.0
0.0 9.0 0.0
-3.338394 9.000841 0.0
-3.338394 9.000841 0.0
-8.277268 5.7420864 2.1769364
-3.338394 9.000841 0.0
-6.586344 8.7569895 1.1609243
-6.586344 8.7569895 1.1609243
-6.586344 9.5069895 1.1609243
-6.586344 8.7569895 1.1609243
-8.804333 7.140975 3.3788648
0.0 9.0 0.0
0.0 12.0 0.0
0.0 12.0 0.0
-4.5207415 12.188639 0.0
0.0 12.0 0.0
0.0 15.0 0.0
0.0 15.0 0.0
5.42489 14.626367 0.0
0.0 15.0 0.0
0.0 18.0 0.0
0.0 18.0 0.0
6.468138 17.439129 0.0
6.468138 17.439129 0.0
6.468138 17.55913 0.0
6.468138 17.439129 0.0
11.959045 14.804356 2.249291
11.959045 14.804356 2.249291
15.632942 6.520675 9.503664
11.959045 14.804356 2.249291
15.275427 11.190781 6.2676578
0.0 18.0 0.0
0.0 21.0 0.0
0.0 21.0 0.0
-7.650486 20.626926 0.0
0.0 21.0 0.0
0.0 24.0 0.0
0.0 24.0 0.0
8.693734 23.43969 0.0
0.0 24.0 0.0
0.0 27.0 0.0
