0.0 0.0 0.0
0.0 3.0 0.0
0.0 3.0 0.0
-2.3113813 3.264585 0.0
0.0 3.0 0.0
0.0 6.0 0.0
0.0 6.0 0.0
4.33384 6.121097 0.0
0.0 6.0 0.0
0.0 9.0 0.0
0.0 9.0 0.0
-6.067376 8.569535 0.0
-6.067376 8.569535 0.0
-8.865614 0.98550963 5.722826
-6.067376 8.569535 0.0
-9.860081 5.3568 3.506005
-9.860081 5.3568 3.506005
-9.860081 6.1068 3.506005
-9.860081 5.3568 3.506005
-8.356403 1.3822172 8.559015
0.0 9.0 0.0
0.0 12.0 0.0
0.0 12.0 0.0
-7.800912 11.017975 0.0
0.0 12.0 0.0
0.0 15.0 0.0
0.0 15.0 0.0
9.534448 13.4664135 0.0
0.0 15.0 0.0
0.0 18.0 0.0
0.0 18.0 0.0
10.979061 15.506779 0.0
10.979061 15.506779 0.0
10.979061 15.626779 0.0
10.979061 15.506779 0.0
16.620321 7.9676933 6.344199
16.620321 7.9676933 6.344199
8.068891 3.3324761 17.783974
16.620321 7.9676933 6.344199
13.549606 2.0071354 14.78177
0.0 18.0 0.0
0.0 21.0 0.0
0.0 21.0 0.0
-12.712597 17.955217 0.0
0.0 21.0 0.0
0.0 24.0 0.0
0.0 24.0 0.0
14.214995 20.077198 0.0
0.0 24.0 0.0
0.0 27.0 0.0
