0.0 0.0 0.0
0.0 3.0 0.0
0.0 3.0 0.0
-3.2386465 2.3475878 0.0
0.0 3.0 0.0
0.0 6.0 0.0
0.0 6.0 0.0
5.667631 4.1082788 0.0
0.0 6.0 0.0
0.0 9.0 0.0
0.0 9.0 0.0
-8.501447 6.162418 0.0
-8.501447 6.162418 0.0
-6.793476 0.559101 8.07957
-8.501447 6.162418 0.0
-8.727442 0.16381645 6.883295
-8.727442 0.16381645 6.883295
-8.727442 0.28381646 6.883295
-8.727442 0.16381645 6.883295
-0.67758894 1.0482225 11.10606
0.0 9.0 0.0
0.0 12.0 0.0
0.0 12.0 0.0
-10.201736 7.3949018 0.0
0.0 12.0 0.0
0.0 15.0 0.0
0.0 15.0 0.0
12.630722 9.155593 0.0
0.0 15.0 0.0
0.0 18.0 0.0
0.0 18.0 0.0
15.059707 10.916284 0.0
15.059707 10.916284 0.0
15.059707 11.666284 0.0
15.059707 10.916284 0.0
15.240274 0.13088751 12.193267
15.240274 0.13088751 12.193267
5.3186073 15.441108 10.690617
15.240274 0.13088751 12.193267
0.047160625 1.1802812 19.495657
0.0 18.0 0.0
0.0 21.0 0.0
0.0 21.0 0.0
-18.217386 13.205181 0.0
0.0 21.0 0.0
0.0 24.0 0.0
0.0 24.0 0.0
20.646372 14.965873 0.0
0.0 24.0 0.0
0.0 27.0 0.0
