0.0 0.0 0.0
0.0 3.0 0.0
0.0 3.0 0.0
-1.9063411 3.5165129 0.0
0.0 3.0 0.0
0.0 6.0 0.0
0.0 6.0 0.0
3.3360968 6.1538973 0.0
0.0 6.0 0.0
0.0 9.0 0.0
0.0 9.0 0.0
-4.5752187 8.439631 0.0
-4.5752187 8.439631 0.0
-8.713998 2.6954396 3.8338463
-4.5752187 8.439631 0.0
-7.8441887 6.030072 2.180482
-7.8441887 6.030072 2.180482
-7.8441887 6.780072 2.180482
-7.8441887 6.030072 2.180482
-8.499362 3.389041 5.655348
0.0 9.0 0.0
0.0 12.0 0.0
0.0 12.0 0.0
-6.1956086 11.428667 0.0
0.0 12.0 0.0
0.0 15.0 0.0
0.0 15.0 0.0
7.863657 14.505615 0.0
0.0 15.0 0.0
0.0 18.0 0.0
0.0 18.0 0.0
9.05512 16.703436 0.0
9.05512 16.703436 0.0
9.05512 16.823437 0.0
9.05512 16.703436 0.0
15.673887 12.209245 4.315537
15.673887 12.209245 4.315537
13.204732 2.7074642 15.489209
15.673887 12.209245 4.315537
16.60103 6.025784 11.263854
0.0 18.0 0.0
0.0 21.0 0.0
0.0 21.0 0.0
-10.294242 18.98917 0.0
0.0 21.0 0.0
0.0 24.0 0.0
0.0 24.0 0.0
12.152925 22.41777 0.0
0.0 24.0 0.0
0.0 27.0 0.0
