0.0 0.0 0.0
0.0 3.0 0.0
0.0 3.0 0.0
-2.9922616 2.6545 0.0
0.0 3.0 0.0
0.0 6.0 0.0
0.0 6.0 0.0
4.9372315 4.379925 0.0
0.0 6.0 0.0
0.0 9.0 0.0
0.0 9.0 0.0
-7.8546867 6.9680624 0.0
-7.8546867 6.9680624 0.0
-7.7746425 0.009610057 7.7986813
-7.8546867 6.9680624 0.0
-9.120595 1.1230149 5.8758197
-9.120595 1.1230149 5.8758197
-9.120595 1.8730149 5.8758197
-9.120595 1.1230149 5.8758197
-3.0619178 0.50103617 10.722142
0.0 9.0 0.0
0.0 12.0 0.0
0.0 12.0 0.0
-10.098883 8.958938 0.0
0.0 12.0 0.0
0.0 15.0 0.0
0.0 15.0 0.0
12.34308 10.949813 0.0
0.0 15.0 0.0
0.0 18.0 0.0
0.0 18.0 0.0
13.914017 12.343426 0.0
13.914017 12.343426 0.0
13.914017 13.093426 0.0
13.914017 12.343426 0.0
16.109463 1.9476275 10.408595
16.109463 1.9476275 10.408595
3.5136886 11.920839 14.753857
16.109463 1.9476275 10.408595
4.5064383 0.11530137 18.958336
0.0 18.0 0.0
0.0 21.0 0.0
0.0 21.0 0.0
-16.158213 14.3343 0.0
0.0 21.0 0.0
0.0 24.0 0.0
0.0 24.0 0.0
18.701635 16.590626 0.0
0.0 24.0 0.0
0.0 27.0 0.0
