0.0 0.0 0.0
0.0 3.0 0.0
0.0 3.0 0.0
-2.6743808 2.9745064 0.0
0.0 3.0 0.0
0.0 6.0 0.0
0.0 6.0 0.0
4.6801662 5.205386 0.0
0.0 6.0 0.0
0.0 9.0 0.0
0.0 9.0 0.0
-6.4185143 7.1388154 0.0
-6.4185143 7.1388154 0.0
-7.502148 0.11547291 6.38238
-6.4185143 7.1388154 0.0
-9.325184 3.2328627 4.2913876
-9.325184 3.2328627 4.2913876
-9.325184 3.9828627 4.2913876
-9.325184 3.2328627 4.2913876
-5.5856647 0.13220978 9.425963
0.0 9.0 0.0
0.0 12.0 0.0
0.0 12.0 0.0
-8.691737 9.667146 0.0
0.0 12.0 0.0
0.0 15.0 0.0
0.0 15.0 0.0
10.697523 11.8980255 0.0
0.0 15.0 0.0
0.0 18.0 0.0
0.0 18.0 0.0
13.037606 14.500719 0.0
13.037606 14.500719 0.0
13.037606 14.620719 0.0
13.037606 14.500719 0.0
17.30581 4.7471924 8.716881
17.30581 4.7471924 8.716881
4.3277793 7.3339305 18.132032
17.30581 4.7471924 8.716881
9.412716 -0.061998367 18.052687
0.0 18.0 0.0
0.0 21.0 0.0
0.0 21.0 0.0
-14.709094 16.359785 0.0
0.0 21.0 0.0
0.0 24.0 0.0
0.0 24.0 0.0
17.049177 18.962479 0.0
0.0 24.0 0.0
0.0 27.0 0.0
