0.0 0.0 0.0
0.0 3.0 0.0
0.0 3.0 0.0
-3.094621 1.8393807 0.0
0.0 3.0 0.0
0.0 6.0 0.0
0.0 6.0 0.0
6.0173187 3.5765738 0.0
0.0 6.0 0.0
0.0 9.0 0.0
0.0 9.0 0.0
-9.025978 5.3648605 0.0
-9.025978 5.3648605 0.0
-6.8793097 1.1678364 7.9286337
-9.025978 5.3648605 0.0
-7.4838057 -0.91663647 7.7588835
-7.4838057 -0.91663647 7.7588835
-7.4838057 -0.16663647 7.7588835
-7.4838057 -0.91663647 7.7588835
1.3824202 2.4889765 10.397523
0.0 9.0 0.0
0.0 12.0 0.0
0.0 12.0 0.0
-11.17502 6.6422086 0.0
0.0 12.0 0.0
0.0 15.0 0.0
0.0 15.0 0.0
14.18368 8.430495 0.0
0.0 15.0 0.0
0.0 18.0 0.0
0.0 18.0 0.0
16.76253 9.963313 0.0
16.76253 9.963313 0.0
16.76253 10.296646 0.0
16.76253 9.963313 0.0
13.800255 -1.7607179 14.409354
13.800255 -1.7607179 14.409354
7.759148 17.695852 5.236494
13.800255 -1.7607179 14.409354
-3.3800082 4.1977496 19.225235
0.0 18.0 0.0
0.0 21.0 0.0
0.0 21.0 0.0
-19.341381 11.49613 0.0
0.0 21.0 0.0
0.0 24.0 0.0
0.0 24.0 0.0
21.490423 12.773478 0.0
0.0 24.0 0.0
0.0 27.0 0.0
