0.0 0.0 0.0
0.0 3.0 0.0
0.0 3.0 0.0
-2.2964883 3.8699021 0.0
0.0 3.0 0.0
0.0 6.0 0.0
0.0 6.0 0.0
3.8274806 6.4498367 0.0
0.0 6.0 0.0
0.0 9.0 0.0
0.0 9.0 0.0
-5.1033072 8.599783 0.0
-5.1033072 8.599783 0.0
-8.825279 2.0316687 4.4794106
-5.1033072 8.599783 0.0
-8.673279 6.015899 2.6043746
-8.673279 6.015899 2.6043746
-8.673279 6.765899 2.6043746
-8.673279 6.015899 2.6043746
-9.107037 3.335316 6.6659465
0.0 9.0 0.0
0.0 12.0 0.0
0.0 12.0 0.0
-6.6342998 11.179717 0.0
0.0 12.0 0.0
0.0 15.0 0.0
0.0 15.0 0.0
8.165292 13.759652 0.0
0.0 15.0 0.0
0.0 18.0 0.0
0.0 18.0 0.0
9.951449 16.769575 0.0
9.951449 16.769575 0.0
9.951449 17.10291 0.0
9.951449 16.769575 0.0
16.683245 11.344011 5.0785303
16.683245 11.344011 5.0785303
12.30952 2.6910973 17.076914
16.683245 11.344011 5.0785303
16.204868 4.2723985 12.881397
0.0 18.0 0.0
0.0 21.0 0.0
0.0 21.0 0.0
-11.227276 18.919521 0.0
0.0 21.0 0.0
0.0 24.0 0.0
0.0 24.0 0.0
13.013433 21.929445 0.0
0.0 24.0 0.0
0.0 27.0 0.0
