0.0 0.0 0.0
0.0 3.0 0.0
0.0 3.0 0.0
-3.6488276 2.6336396 0.0
0.0 3.0 0.0
0.0 6.0 0.0
0.0 6.0 0.0
5.3516135 3.8626714 0.0
0.0 6.0 0.0
0.0 9.0 0.0
0.0 9.0 0.0
-8.513931 6.145159 0.0
-8.513931 6.145159 0.0
-7.388801 0.37337017 8.080622
-8.513931 6.145159 0.0
-9.115285 0.43404293 6.903526
-9.115285 0.43404293 6.903526
-9.115285 0.7673763 6.903526
-9.115285 0.43404293 6.903526
-1.008886 1.0525138 11.431444
0.0 9.0 0.0
0.0 12.0 0.0
0.0 12.0 0.0
-10.216718 7.374191 0.0
0.0 12.0 0.0
0.0 15.0 0.0
0.0 15.0 0.0
12.649269 9.129951 0.0
0.0 15.0 0.0
0.0 18.0 0.0
0.0 18.0 0.0
15.0818205 10.885711 0.0
15.0818205 10.885711 0.0
15.0818205 11.635711 0.0
15.0818205 10.885711 0.0
14.803381 -0.20097113 12.229102
14.803381 -0.20097113 12.229102
5.24971 15.399452 10.198332
14.803381 -0.20097113 12.229102
-0.40932927 1.2489188 19.160452
0.0 18.0 0.0
0.0 21.0 0.0
0.0 21.0 0.0
-17.514372 12.64147 0.0
0.0 21.0 0.0
0.0 24.0 0.0
0.0 24.0 0.0
19.946924 14.39723 0.0
0.0 24.0 0.0
0.0 27.0 0.0
