0.0 0.0 0.0
0.0 3.0 0.0
0.0 3.0 0.0
-2.2812684 3.8788934 0.0
0.0 3.0 0.0
0.0 6.0 0.0
0.0 6.0 0.0
3.802114 6.4648223 0.0
0.0 6.0 0.0
0.0 9.0 0.0
0.0 9.0 0.0
-4.866706 8.274973 0.0
-4.866706 8.274973 0.0
-8.6728 2.1165688 4.253283
-4.866706 8.274973 0.0
-8.571386 6.299154 2.4671693
-8.571386 6.299154 2.4671693
-8.571386 6.4191537 2.4671693
-8.571386 6.299154 2.4671693
-8.787985 2.8354578 6.4718933
0.0 9.0 0.0
0.0 12.0 0.0
0.0 12.0 0.0
-6.387552 10.860902 0.0
0.0 12.0 0.0
0.0 15.0 0.0
0.0 15.0 0.0
7.908397 13.446831 0.0
0.0 15.0 0.0
0.0 18.0 0.0
0.0 18.0 0.0
9.429243 16.03276 0.0
9.429243 16.03276 0.0
9.429243 16.366095 0.0
9.429243 16.03276 0.0
15.894165 10.992456 4.780141
15.894165 10.992456 4.780141
11.622116 2.4044547 16.213968
15.894165 10.992456 4.780141
15.59738 4.27551 12.177893
0.0 18.0 0.0
0.0 21.0 0.0
0.0 21.0 0.0
-11.406342 19.394466 0.0
0.0 21.0 0.0
0.0 24.0 0.0
0.0 24.0 0.0
12.673714 21.549408 0.0
0.0 24.0 0.0
0.0 27.0 0.0
