0.0 0.0 0.0
0.0 3.0 0.0
0.0 3.0 0.0
-2.6269104 3.0165114 0.0
0.0 3.0 0.0
0.0 6.0 0.0
0.0 6.0 0.0
4.925457 5.655959 0.0
0.0 6.0 0.0
0.0 9.0 0.0
0.0 9.0 0.0
-6.89564 7.9183426 0.0
-6.89564 7.9183426 0.0
-8.716323 0.25259036 6.8302226
-6.89564 7.9183426 0.0
-10.106897 3.6875231 4.5285573
-10.106897 3.6875231 4.5285573
-10.106897 4.0208564 4.5285573
-10.106897 3.6875231 4.5285573
-6.320819 0.18095994 10.052589
0.0 9.0 0.0
0.0 12.0 0.0
0.0 12.0 0.0
-8.537459 9.803662 0.0
0.0 12.0 0.0
0.0 15.0 0.0
0.0 15.0 0.0
10.244951 11.764395 0.0
0.0 15.0 0.0
0.0 18.0 0.0
0.0 18.0 0.0
12.806189 14.705493 0.0
12.806189 14.705493 0.0
12.806189 14.825493 0.0
12.806189 14.705493 0.0
17.597223 5.501601 8.410177
17.597223 5.501601 8.410177
4.967136 6.657957 18.58599
17.597223 5.501601 8.410177
10.112282 -0.18486738 17.898932
0.0 18.0 0.0
0.0 21.0 0.0
0.0 21.0 0.0
-14.448008 16.590813 0.0
0.0 21.0 0.0
0.0 24.0 0.0
0.0 24.0 0.0
16.41819 18.853197 0.0
0.0 24.0 0.0
0.0 27.0 0.0
