0.0 0.0 0.0
0.0 3.0 0.0
0.0 3.0 0.0
-2.0845532 2.9350703 0.0
0.0 3.0 0.0
0.0 6.0 0.0
0.0 6.0 0.0
3.8216808 5.3809624 0.0
0.0 6.0 0.0
0.0 9.0 0.0
0.0 9.0 0.0
-5.7904253 8.152973 0.0
-5.7904253 8.152973 0.0
-8.640992 0.99454415 5.467225
-5.7904253 8.152973 0.0
-9.148912 4.7287817 3.3529027
-9.148912 4.7287817 3.3529027
-9.148912 5.062115 3.3529027
-9.148912 4.7287817 3.3529027
-7.815701 1.4757295 8.031222
0.0 9.0 0.0
0.0 12.0 0.0
0.0 12.0 0.0
-7.527553 10.598865 0.0
0.0 12.0 0.0
0.0 15.0 0.0
0.0 15.0 0.0
9.033064 12.718638 0.0
0.0 15.0 0.0
0.0 18.0 0.0
0.0 18.0 0.0
10.770192 15.16453 0.0
10.770192 15.16453 0.0
10.770192 15.497863 0.0
10.770192 15.16453 0.0
16.519001 8.0943775 6.2363997
16.519001 8.0943775 6.2363997
7.810179 3.197949 17.651361
16.519001 8.0943775 6.2363997
13.070602 1.3810215 14.649725
0.0 18.0 0.0
0.0 21.0 0.0
0.0 21.0 0.0
-13.028458 18.344189 0.0
0.0 21.0 0.0
0.0 24.0 0.0
0.0 24.0 0.0
14.765585 20.790081 0.0
0.0 24.0 0.0
0.0 27.0 0.0
