0.0 0.0 0.0
0.0 3.0 0.0
0.0 3.0 0.0
-1.4075803 3.3134146 0.0
0.0 3.0 0.0
0.0 6.0 0.0
0.0 6.0 0.0
2.5805638 6.0745935 0.0
0.0 6.0 0.0
0.0 9.0 0.0
0.0 9.0 0.0
-3.7535474 8.835773 0.0
-3.7535474 8.835773 0.0
-8.708366 4.7793365 2.701568
-3.7535474 8.835773 0.0
-7.220948 8.1621895 1.4676164
-7.220948 8.1621895 1.4676164
-7.220948 8.282189 1.4676164
-7.220948 8.1621895 1.4676164
-9.171249 6.058586 4.174135
0.0 9.0 0.0
0.0 12.0 0.0
0.0 12.0 0.0
-5.0829287 11.965109 0.0
0.0 12.0 0.0
0.0 15.0 0.0
0.0 15.0 0.0
6.4514093 15.186484 0.0
0.0 15.0 0.0
0.0 18.0 0.0
0.0 18.0 0.0
7.428896 17.487467 0.0
7.428896 17.487467 0.0
7.428896 17.607468 0.0
7.428896 17.487467 0.0
13.717186 14.802505 2.9046576
13.717186 14.802505 2.9046576
16.353718 5.447813 11.889318
13.717186 14.802505 2.9046576
16.753546 10.052184 8.036771
0.0 18.0 0.0
0.0 21.0 0.0
0.0 21.0 0.0
-8.445481 19.88049 0.0
0.0 21.0 0.0
0.0 24.0 0.0
0.0 24.0 0.0
9.774863 23.009825 0.0
0.0 24.0 0.0
0.0 27.0 0.0
