0.0 0.0 0.0
0.0 3.0 0.0
0.0 3.0 0.0
-2.4513288 3.1608522 0.0
0.0 3.0 0.0
0.0 6.0 0.0
0.0 6.0 0.0
4.0446925 5.215406 0.0
0.0 6.0 0.0
0.0 9.0 0.0
0.0 9.0 0.0
-6.434738 8.297237 0.0
-6.434738 8.297237 0.0
-8.550952 0.54377866 6.2322755
-6.434738 8.297237 0.0
-9.715733 4.2306604 3.9434147
-9.715733 4.2306604 3.9434147
-9.715733 4.563994 3.9434147
-9.715733 4.2306604 3.9434147
-7.6691227 1.3044264 9.070251
0.0 9.0 0.0
0.0 12.0 0.0
0.0 12.0 0.0
-7.9668183 10.27277 0.0
0.0 12.0 0.0
0.0 15.0 0.0
0.0 15.0 0.0
9.805315 12.643409 0.0
0.0 15.0 0.0
0.0 18.0 0.0
0.0 18.0 0.0
11.643811 15.014048 0.0
11.643811 15.014048 0.0
11.643811 15.764048 0.0
11.643811 15.014048 0.0
17.391163 7.4108906 7.135702
17.391163 7.4108906 7.135702
6.651102 4.3759537 18.619854
17.391163 7.4108906 7.135702
12.313419 0.5882349 16.296589
0.0 18.0 0.0
0.0 21.0 0.0
0.0 21.0 0.0
-13.482308 17.384687 0.0
0.0 21.0 0.0
0.0 24.0 0.0
0.0 24.0 0.0
15.627221 20.150433 0.0
0.0 24.0 0.0
0.0 27.0 0.0
