0.0 0.0 0.0
0.0 3.0 0.0
0.0 3.0 0.0
-2.3934448 3.8106983 0.0
0.0 3.0 0.0
0.0 6.0 0.0
0.0 6.0 0.0
3.9890747 6.351164 0.0
0.0 6.0 0.0
0.0 9.0 0.0
0.0 9.0 0.0
-5.5847044 8.891629 0.0
-5.5847044 8.891629 0.0
-9.170713 1.7285535 5.0307546
-5.5847044 8.891629 0.0
-9.531897 6.284482 2.9703736
-9.531897 6.284482 2.9703736
-9.531897 7.034482 2.9703736
-9.531897 6.284482 2.9703736
-9.371967 2.7157438 7.58517
0.0 9.0 0.0
0.0 12.0 0.0
0.0 12.0 0.0
-7.1803346 11.432095 0.0
0.0 12.0 0.0
0.0 15.0 0.0
0.0 15.0 0.0
8.297276 13.210422 0.0
0.0 15.0 0.0
0.0 18.0 0.0
0.0 18.0 0.0
10.371594 16.513025 0.0
10.371594 16.513025 0.0
10.371594 17.263025 0.0
10.371594 16.513025 0.0
16.539564 9.820269 5.5164084
16.539564 9.820269 5.5164084
10.4824915 2.5967355 17.2943
16.539564 9.820269 5.5164084
14.918323 2.9351645 13.468423
0.0 18.0 0.0
0.0 21.0 0.0
0.0 21.0 0.0
-11.967224 19.053492 0.0
0.0 21.0 0.0
0.0 24.0 0.0
0.0 24.0 0.0
13.296916 21.170546 0.0
0.0 24.0 0.0
0.0 27.0 0.0
