0.0 0.0 0.0
0.0 3.0 0.0
0.0 3.0 0.0
-1.6520098 3.6429195 0.0
0.0 3.0 0.0
0.0 6.0 0.0
0.0 6.0 0.0
2.8910172 6.375109 0.0
0.0 6.0 0.0
0.0 9.0 0.0
0.0 9.0 0.0
-3.9648237 8.743008 0.0
-3.9648237 8.743008 0.0
-8.548941 4.0149045 2.9826076
-3.9648237 8.743008 0.0
-7.3124256 7.381944 1.6374819
-7.3124256 7.381944 1.6374819
-7.3124256 7.501944 1.6374819
-7.3124256 7.381944 1.6374819
-8.745788 4.798252 4.5113535
0.0 9.0 0.0
0.0 12.0 0.0
0.0 12.0 0.0
-5.369032 11.839489 0.0
0.0 12.0 0.0
0.0 15.0 0.0
0.0 15.0 0.0
6.4428387 14.207387 0.0
0.0 15.0 0.0
0.0 18.0 0.0
0.0 18.0 0.0
7.681846 16.939577 0.0
7.681846 16.939577 0.0
7.681846 17.689577 0.0
7.681846 16.939577 0.0
13.615435 13.084416 3.1726213
13.615435 13.084416 3.1726213
14.431642 3.8874793 12.332754
13.615435 13.084416 3.1726213
15.916605 8.247032 8.5126095
0.0 18.0 0.0
0.0 21.0 0.0
0.0 21.0 0.0
-9.086054 20.036057 0.0
0.0 21.0 0.0
0.0 24.0 0.0
0.0 24.0 0.0
10.531563 23.223612 0.0
0.0 24.0 0.0
0.0 27.0 0.0
