0.0 0.0 0.0
0.0 3.0 0.0
0.0 3.0 0.0
-2.6824055 3.613129 0.0
0.0 3.0 0.0
0.0 6.0 0.0
0.0 6.0 0.0
3.9341946 5.299256 0.0
0.0 6.0 0.0
0.0 9.0 0.0
0.0 9.0 0.0
-5.722465 7.708009 0.0
-5.722465 7.708009 0.0
-7.9722605 0.68007743 5.4776716
-5.722465 7.708009 0.0
-8.641461 3.9318106 3.4111047
-8.641461 3.9318106 3.4111047
-8.641461 4.6818104 3.4111047
-8.641461 3.9318106 3.4111047
-7.176203 1.4374411 7.889925
0.0 9.0 0.0
0.0 12.0 0.0
0.0 12.0 0.0
-8.047216 10.839387 0.0
0.0 12.0 0.0
0.0 15.0 0.0
0.0 15.0 0.0
9.2990055 12.525514 0.0
0.0 15.0 0.0
0.0 18.0 0.0
0.0 18.0 0.0
11.0872755 14.934266 0.0
11.0872755 14.934266 0.0
11.0872755 15.684266 0.0
11.0872755 14.934266 0.0
16.407528 7.166241 6.609015
16.407528 7.166241 6.609015
7.120794 3.8017821 17.617992
16.407528 7.166241 6.609015
12.58026 1.4537883 15.086859
0.0 18.0 0.0
0.0 21.0 0.0
0.0 21.0 0.0
-13.412026 18.065645 0.0
0.0 21.0 0.0
0.0 24.0 0.0
0.0 24.0 0.0
14.663816 19.751772 0.0
0.0 24.0 0.0
0.0 27.0 0.0
