0.0 0.0 0.0
0.0 3.0 0.0
0.0 3.0 0.0
-2.1920362 3.9300098 0.0
0.0 3.0 0.0
0.0 6.0 0.0
0.0 6.0 0.0
3.6533937 6.5500164 0.0
0.0 6.0 0.0
0.0 9.0 0.0
0.0 9.0 0.0
-4.8711915 8.7333555 0.0
-4.8711915 8.7333555 0.0
-8.8775835 2.474126 4.1445894
-4.8711915 8.7333555 0.0
-8.4566345 6.42819 2.3728507
-8.4566345 6.42819 2.3728507
-8.4566345 6.7615237 2.3728507
-8.4566345 6.42819 2.3728507
-8.864114 3.1034014 6.1916833
0.0 9.0 0.0
0.0 12.0 0.0
0.0 12.0 0.0
-6.576109 11.79003 0.0
0.0 12.0 0.0
0.0 15.0 0.0
0.0 15.0 0.0
7.7939067 13.973369 0.0
0.0 15.0 0.0
0.0 18.0 0.0
0.0 18.0 0.0
9.255264 16.593376 0.0
9.255264 16.593376 0.0
9.255264 16.92671 0.0
9.255264 16.593376 0.0
15.6292 11.42756 4.5084167
15.6292 11.42756 4.5084167
12.305946 2.4561586 15.666757
15.6292 11.42756 4.5084167
16.299923 5.7109265 11.550643
0.0 18.0 0.0
0.0 21.0 0.0
0.0 21.0 0.0
-10.960181 19.65005 0.0
0.0 21.0 0.0
0.0 24.0 0.0
0.0 24.0 0.0
12.177979 21.83339 0.0
0.0 24.0 0.0
0.0 27.0 0.0
