0.0 0.0 0.0
0.0 3.0 0.0
0.0 3.0 0.0
-2.7729368 3.5441248 0.0
0.0 3.0 0.0
0.0 6.0 0.0
0.0 6.0 0.0
4.066974 5.1980495 0.0
0.0 6.0 0.0
0.0 9.0 0.0
0.0 9.0 0.0
-6.470186 8.269625 0.0
-6.470186 8.269625 0.0
-8.724765 0.5588069 6.2801604
-6.470186 8.269625 0.0
-9.725393 4.1605215 3.9869819
-9.725393 4.1605215 3.9869819
-9.725393 4.493855 3.9869819
-9.725393 4.1605215 3.9869819
-7.585656 1.2521572 9.132947
0.0 9.0 0.0
0.0 12.0 0.0
0.0 12.0 0.0
-8.31881 10.632375 0.0
0.0 12.0 0.0
0.0 15.0 0.0
0.0 15.0 0.0
9.612848 12.2863 0.0
0.0 15.0 0.0
0.0 18.0 0.0
0.0 18.0 0.0
12.01606 15.357874 0.0
12.01606 15.357874 0.0
12.01606 15.477874 0.0
12.01606 15.357874 0.0
17.533268 7.051611 7.4043946
17.533268 7.051611 7.4043946
6.4538183 4.658306 18.799637
17.533268 7.051611 7.4043946
12.551773 1.0374851 16.63572
0.0 18.0 0.0
0.0 21.0 0.0
0.0 21.0 0.0
-13.864684 17.720625 0.0
0.0 21.0 0.0
0.0 24.0 0.0
0.0 24.0 0.0
15.405205 19.689583 0.0
0.0 24.0 0.0
0.0 27.0 0.0
