0.0 0.0 0.0
0.0 3.0 0.0
0.0 3.0 0.0
-2.0266469 3.4485798 0.0
0.0 3.0 0.0
0.0 6.0 0.0
0.0 6.0 0.0
3.3439672 5.6901565 0.0
0.0 6.0 0.0
0.0 9.0 0.0
0.0 9.0 0.0
-5.066617 8.621449 0.0
-5.066617 8.621449 0.0
-9.3868065 2.4062219 4.426357
-5.066617 8.621449 0.0
-8.438141 5.7370477 2.567061
-8.438141 5.7370477 2.567061
-8.438141 6.070381 2.567061
-8.438141 5.7370477 2.567061
-8.817421 3.2124507 6.4884615
0.0 9.0 0.0
0.0 12.0 0.0
0.0 12.0 0.0
-6.586602 11.207884 0.0
0.0 12.0 0.0
0.0 15.0 0.0
0.0 15.0 0.0
8.106587 13.794319 0.0
0.0 15.0 0.0
0.0 18.0 0.0
0.0 18.0 0.0
9.879904 16.811827 0.0
9.879904 16.811827 0.0
9.879904 17.14516 0.0
9.879904 16.811827 0.0
16.368242 11.040678 5.005769
16.368242 11.040678 5.005769
12.048236 2.599649 16.735561
16.368242 11.040678 5.005769
16.080368 4.5159135 12.60886
0.0 18.0 0.0
0.0 21.0 0.0
0.0 21.0 0.0
-10.943893 18.622332 0.0
0.0 21.0 0.0
0.0 24.0 0.0
0.0 24.0 0.0
12.919873 21.984695 0.0
0.0 24.0 0.0
0.0 27.0 0.0
