0.0 0.0 0.0
0.0 3.0 0.0
0.0 3.0 0.0
-3.294937 2.2679045 0.0
0.0 3.0 0.0
0.0 6.0 0.0
0.0 6.0 0.0
5.7661395 3.968833 0.0
0.0 6.0 0.0
0.0 9.0 0.0
0.0 9.0 0.0
-7.907849 5.442971 0.0
-7.907849 5.442971 0.0
-6.204511 0.65114784 7.386526
-7.907849 5.442971 0.0
-7.5198746 -0.26704264 6.5139656
-7.5198746 -0.26704264 6.5139656
-7.5198746 0.06629071 6.5139656
-7.5198746 -0.26704264 6.5139656
-0.39071536 1.6069667 9.887641
0.0 9.0 0.0
0.0 12.0 0.0
0.0 12.0 0.0
-10.379051 7.1438994 0.0
0.0 12.0 0.0
0.0 15.0 0.0
0.0 15.0 0.0
13.179748 9.071618 0.0
0.0 15.0 0.0
0.0 18.0 0.0
0.0 18.0 0.0
16.062817 11.056034 0.0
16.062817 11.056034 0.0
16.062817 11.806034 0.0
16.062817 11.056034 0.0
15.50642 -0.38296843 13.231492
15.50642 -0.38296843 13.231492
6.733135 16.585325 9.759514
15.50642 -0.38296843 13.231492
-0.6866112 2.0858314 20.275108
0.0 18.0 0.0
0.0 21.0 0.0
0.0 21.0 0.0
-18.122152 12.4734745 0.0
0.0 21.0 0.0
0.0 24.0 0.0
0.0 24.0 0.0
20.593355 14.174403 0.0
0.0 24.0 0.0
0.0 27.0 0.0
