0.0 0.0 0.0
0.0 3.0 0.0
0.0 3.0 0.0
-2.550691 2.5404677 0.0
0.0 3.0 0.0
0.0 6.0 0.0
0.0 6.0 0.0
4.6762667 4.657524 0.0
0.0 6.0 0.0
0.0 9.0 0.0
0.0 9.0 0.0
-7.0852523 7.056855 0.0
-7.0852523 7.056855 0.0
-7.176912 -3.6810338E-4 7.085195
-7.0852523 7.056855 0.0
-8.953474 1.860734 5.02008
-8.953474 1.860734 5.02008
-8.953474 2.610734 5.02008
-8.953474 1.860734 5.02008
-3.692231 -0.22007656 9.88636
0.0 9.0 0.0
0.0 12.0 0.0
0.0 12.0 0.0
-9.210828 9.173911 0.0
0.0 12.0 0.0
0.0 15.0 0.0
0.0 15.0 0.0
11.690666 11.64381 0.0
0.0 15.0 0.0
0.0 18.0 0.0
0.0 18.0 0.0
13.17857 13.125751 0.0
13.17857 13.125751 0.0
13.17857 13.459084 0.0
13.17857 13.125751 0.0
16.287865 3.0968318 9.337349
16.287865 3.0968318 9.337349
3.8845615 9.387161 16.250235
16.287865 3.0968318 9.337349
6.699561 -0.2125256 18.129595
0.0 18.0 0.0
0.0 21.0 0.0
0.0 21.0 0.0
-15.941818 15.877924 0.0
0.0 21.0 0.0
0.0 24.0 0.0
0.0 24.0 0.0
18.067394 17.99498 0.0
0.0 24.0 0.0
0.0 27.0 0.0
