0.0 0.0 0.0
0.0 3.0 0.0
0.0 3.0 0.0
-1.8961902 3.0601408 0.0
0.0 3.0 0.0
0.0 6.0 0.0
0.0 6.0 0.0
3.6870365 5.950274 0.0
0.0 6.0 0.0
0.0 9.0 0.0
0.0 9.0 0.0
-5.0565076 8.160376 0.0
-5.0565076 8.160376 0.0
-8.416696 1.6703408 4.5279226
-5.0565076 8.160376 0.0
-8.478612 5.5227165 2.6633613
-8.478612 5.5227165 2.6633613
-8.478612 6.2727165 2.6633613
-8.478612 5.5227165 2.6633613
-8.632891 2.912342 6.7298117
0.0 9.0 0.0
0.0 12.0 0.0
0.0 12.0 0.0
-7.1107135 11.475528 0.0
0.0 12.0 0.0
0.0 15.0 0.0
0.0 15.0 0.0
8.690872 14.025645 0.0
0.0 15.0 0.0
0.0 18.0 0.0
0.0 18.0 0.0
10.27103 16.575764 0.0
10.27103 16.575764 0.0
10.27103 17.325764 0.0
10.27103 16.575764 0.0
16.94236 10.766436 5.409952
16.94236 10.766436 5.409952
10.949022 2.4306793 17.57943
16.94236 10.766436 5.409952
16.280743 4.342212 13.522543
0.0 18.0 0.0
0.0 21.0 0.0
0.0 21.0 0.0
-11.377142 18.360846 0.0
0.0 21.0 0.0
0.0 24.0 0.0
0.0 24.0 0.0
13.167988 21.250978 0.0
0.0 24.0 0.0
0.0 27.0 0.0
