0.0 0.0 0.0
0.0 3.0 0.0
0.0 3.0 0.0
-3.4898453 2.840947 0.0
0.0 3.0 0.0
0.0 6.0 0.0
0.0 6.0 0.0
5.428648 4.419251 0.0
0.0 6.0 0.0
0.0 9.0 0.0
0.0 9.0 0.0
-8.142972 6.628876 0.0
-8.142972 6.628876 0.0
-7.152562 0.2051872 7.9736505
-8.142972 6.628876 0.0
-9.549635 1.1451092 6.3150473
-9.549635 1.1451092 6.3150473
-9.549635 1.2651092 6.3150473
-9.549635 1.1451092 6.3150473
-2.0676699 0.22427154 11.392769
0.0 9.0 0.0
0.0 12.0 0.0
0.0 12.0 0.0
-10.081775 8.20718 0.0
0.0 12.0 0.0
0.0 15.0 0.0
0.0 15.0 0.0
12.408339 10.101145 0.0
0.0 15.0 0.0
0.0 18.0 0.0
0.0 18.0 0.0
14.424694 11.742581 0.0
14.424694 11.742581 0.0
14.424694 12.075914 0.0
14.424694 11.742581 0.0
15.321138 0.7297611 11.186655
15.321138 0.7297611 11.186655
3.6848338 13.597394 12.733164
15.321138 0.7297611 11.186655
1.660734 0.06625259 18.944244
0.0 18.0 0.0
0.0 21.0 0.0
0.0 21.0 0.0
-16.751257 13.636546 0.0
0.0 21.0 0.0
0.0 24.0 0.0
0.0 24.0 0.0
19.77579 16.0987 0.0
0.0 24.0 0.0
0.0 27.0 0.0
