0.0 0.0 0.0
0.0 3.0 0.0
0.0 3.0 0.0
-1.5254676 3.697695 0.0
0.0 3.0 0.0
0.0 6.0 0.0
0.0 6.0 0.0
2.860252 6.933178 0.0
0.0 6.0 0.0
0.0 9.0 0.0
0.0 9.0 0.0
-3.8136692 9.244238 0.0
-3.8136692 9.244238 0.0
-8.520324 4.733551 2.6889772
-3.8136692 9.244238 0.0
-7.3565035 8.58774 1.4544072
-7.3565035 8.58774 1.4544072
-7.3565035 8.70774 1.4544072
-7.3565035 8.58774 1.4544072
-9.277725 6.1113997 4.150016
0.0 9.0 0.0
0.0 12.0 0.0
0.0 12.0 0.0
-4.805223 11.647739 0.0
0.0 12.0 0.0
0.0 15.0 0.0
0.0 15.0 0.0
6.1018705 14.79078 0.0
0.0 15.0 0.0
0.0 18.0 0.0
0.0 18.0 0.0
7.245971 17.56405 0.0
7.245971 17.56405 0.0
7.245971 17.897385 0.0
7.245971 17.56405 0.0
13.271827 14.606521 2.7633736
13.271827 14.606521 2.7633736
15.825993 5.3321357 11.317382
13.271827 14.606521 2.7633736
16.166615 9.780265 7.615964
0.0 18.0 0.0
0.0 21.0 0.0
0.0 21.0 0.0
-8.580755 20.799534 0.0
0.0 21.0 0.0
0.0 24.0 0.0
0.0 24.0 0.0
9.381626 22.740826 0.0
0.0 24.0 0.0
0.0 27.0 0.0
