0.0 0.0 0.0
0.0 3.0 0.0
0.0 3.0 0.0
-2.126353 3.3880117 0.0
0.0 3.0 0.0
0.0 6.0 0.0
0.0 6.0 0.0
3.986912 6.352522 0.0
0.0 6.0 0.0
0.0 9.0 0.0
0.0 9.0 0.0
-5.3158827 8.470029 0.0
-5.3158827 8.470029 0.0
-8.74054 1.6536517 4.7870245
-5.3158827 8.470029 0.0
-8.635209 5.288829 2.8258607
-8.635209 5.288829 2.8258607
-8.635209 5.6221623 2.8258607
-8.635209 5.288829 2.8258607
-8.531518 2.660645 6.983888
0.0 9.0 0.0
0.0 12.0 0.0
0.0 12.0 0.0
-6.6980124 10.672237 0.0
0.0 12.0 0.0
0.0 15.0 0.0
0.0 15.0 0.0
8.292777 13.213246 0.0
0.0 15.0 0.0
0.0 18.0 0.0
0.0 18.0 0.0
9.887542 15.754254 0.0
9.887542 15.754254 0.0
9.887542 16.504253 0.0
9.887542 15.754254 0.0
16.26562 10.16247 5.256101
16.26562 10.16247 5.256101
10.468916 2.457068 16.93291
16.26562 10.16247 5.256101
15.023789 3.277439 13.098545
0.0 18.0 0.0
0.0 21.0 0.0
0.0 21.0 0.0
-11.4823065 18.295263 0.0
0.0 21.0 0.0
0.0 24.0 0.0
0.0 24.0 0.0
13.289706 21.175074 0.0
0.0 24.0 0.0
0.0 27.0 0.0
