0.0 0.0 0.0
0.0 3.0 0.0
0.0 3.0 0.0
-1.7511673 3.5963054 0.0
0.0 3.0 0.0
0.0 6.0 0.0
0.0 6.0 0.0
2.889426 5.9339037 0.0
0.0 6.0 0.0
0.0 9.0 0.0
0.0 9.0 0.0
-4.596814 9.440302 0.0
-4.596814 9.440302 0.0
-9.770098 4.052561 3.618688
-4.596814 9.440302 0.0
-8.505356 8.026822 2.0124476
-8.505356 8.026822 2.0124476
-8.505356 8.360155 2.0124476
-8.505356 8.026822 2.0124476
-9.85984 4.7941027 5.5329194
0.0 9.0 0.0
0.0 12.0 0.0
0.0 12.0 0.0
-5.6912937 11.687992 0.0
0.0 12.0 0.0
0.0 15.0 0.0
0.0 15.0 0.0
6.8295527 14.025591 0.0
0.0 15.0 0.0
0.0 18.0 0.0
0.0 18.0 0.0
8.536941 17.531988 0.0
8.536941 17.531988 0.0
8.536941 18.281988 0.0
8.536941 17.531988 0.0
14.838772 12.941832 3.7374027
14.838772 12.941832 3.7374027
14.111175 3.1674304 13.986095
14.838772 12.941832 3.7374027
16.452177 7.050794 9.8565035
0.0 18.0 0.0
0.0 21.0 0.0
0.0 21.0 0.0
-9.63142 19.77968 0.0
0.0 21.0 0.0
0.0 24.0 0.0
0.0 24.0 0.0
10.769679 22.11728 0.0
0.0 24.0 0.0
0.0 27.0 0.0
