0.0 0.0 0.0
0.0 3.0 0.0
0.0 3.0 0.0
-3.3560665 2.9978023 0.0
0.0 3.0 0.0
0.0 6.0 0.0
0.0 6.0 0.0
5.5934443 4.996337 0.0
0.0 6.0 0.0
0.0 9.0 0.0
0.0 9.0 0.0
-7.457926 6.6617827 0.0
-7.457926 6.6617827 0.0
-7.045022 0.04671192 7.4106545
-7.457926 6.6617827 0.0
-9.02388 1.3987856 5.5620656
-9.02388 1.3987856 5.5620656
-9.02388 2.1487856 5.5620656
-9.02388 1.3987856 5.5620656
-2.7320132 -0.058136582 10.43527
0.0 9.0 0.0
0.0 12.0 0.0
0.0 12.0 0.0
-9.695303 8.660317 0.0
0.0 12.0 0.0
0.0 15.0 0.0
0.0 15.0 0.0
11.634364 10.392382 0.0
0.0 15.0 0.0
0.0 18.0 0.0
0.0 18.0 0.0
13.871742 12.390917 0.0
13.871742 12.390917 0.0
13.871742 12.72425 0.0
13.871742 12.390917 0.0
16.515932 2.361918 10.345442
16.515932 2.361918 10.345442
4.4564915 11.709728 15.248284
16.515932 2.361918 10.345442
4.398705 -0.47825563 19.209368
0.0 18.0 0.0
0.0 21.0 0.0
0.0 21.0 0.0
-16.10912 14.389451 0.0
0.0 21.0 0.0
0.0 24.0 0.0
0.0 24.0 0.0
19.01771 16.987547 0.0
0.0 24.0 0.0
0.0 27.0 0.0
