0.0 0.0 0.0
0.0 3.0 0.0
0.0 3.0 0.0
-3.426489 2.9170487 0.0
0.0 3.0 0.0
0.0 6.0 0.0
0.0 6.0 0.0
5.025517 4.278338 0.0
0.0 6.0 0.0
0.0 9.0 0.0
0.0 9.0 0.0
-7.995141 6.806447 0.0
-7.995141 6.806447 0.0
-7.251898 0.12015247 7.8926735
-7.995141 6.806447 0.0
-9.6844845 1.4381766 6.0878363
-9.6844845 1.4381766 6.0878363
-9.6844845 1.5581766 6.0878363
-9.6844845 1.4381766 6.0878363
-2.6165261 0.07072103 11.32051
0.0 9.0 0.0
0.0 12.0 0.0
0.0 12.0 0.0
-9.8987465 8.42703 0.0
0.0 12.0 0.0
0.0 15.0 0.0
0.0 15.0 0.0
11.878495 10.112436 0.0
0.0 15.0 0.0
0.0 18.0 0.0
0.0 18.0 0.0
14.848119 12.640545 0.0
14.848119 12.640545 0.0
14.848119 12.760545 0.0
14.848119 12.640545 0.0
16.625753 1.5133414 11.305982
16.625753 1.5133414 11.305982
4.0276093 13.342594 14.6083765
16.625753 1.5133414 11.305982
3.0148888 -0.28125942 19.988457
0.0 18.0 0.0
0.0 21.0 0.0
0.0 21.0 0.0
-17.132444 14.585244 0.0
0.0 21.0 0.0
0.0 24.0 0.0
0.0 24.0 0.0
18.731474 15.946533 0.0
0.0 24.0 0.0
0.0 27.0 0.0
