0.0 0.0 0.0
0.0 3.0 0.0
0.0 3.0 0.0
-2.37717 3.8208718 0.0
0.0 3.0 0.0
0.0 6.0 0.0
0.0 6.0 0.0
3.9619498 6.3681197 0.0
0.0 6.0 0.0
0.0 9.0 0.0
0.0 9.0 0.0
-5.54673 8.915368 0.0
-5.54673 8.915368 0.0
-9.753595 2.0722303 4.9758205
-5.54673 8.915368 0.0
-9.236759 5.931057 2.9301155
-9.236759 5.931057 2.9301155
-9.236759 6.681057 2.9301155
-9.236759 5.931057 2.9301155
-9.006298 2.5596914 7.3673205
0.0 9.0 0.0
0.0 12.0 0.0
0.0 12.0 0.0
-6.656076 10.6984415 0.0
0.0 12.0 0.0
0.0 15.0 0.0
0.0 15.0 0.0
8.45216 13.585322 0.0
0.0 15.0 0.0
0.0 18.0 0.0
0.0 18.0 0.0
9.825636 15.792937 0.0
9.825636 15.792937 0.0
9.825636 16.12627 0.0
9.825636 15.792937 0.0
15.743441 9.511803 5.1904902
15.743441 9.511803 5.1904902
9.848358 2.286673 16.416601
15.743441 9.511803 5.1904902
14.363634 2.972701 12.723784
0.0 18.0 0.0
0.0 21.0 0.0
0.0 21.0 0.0
-11.410416 18.340185 0.0
0.0 21.0 0.0
0.0 24.0 0.0
0.0 24.0 0.0
13.2065 21.227066 0.0
0.0 24.0 0.0
0.0 27.0 0.0
