0.0 0.0 0.0
0.0 3.0 0.0
0.0 3.0 0.0
-2.6376824 3.0070968 0.0
0.0 3.0 0.0
0.0 6.0 0.0
0.0 6.0 0.0
4.6159444 5.262419 0.0
0.0 6.0 0.0
0.0 9.0 0.0
0.0 9.0 0.0
-6.9239163 7.893629 0.0
-6.9239163 7.893629 0.0
-8.687513 0.23182482 6.864861
-6.9239163 7.893629 0.0
-9.777794 3.2535703 4.565773
-9.777794 3.2535703 4.565773
-9.777794 4.0035706 4.565773
-9.777794 3.2535703 4.565773
-5.80377 0.035176516 9.880109
0.0 9.0 0.0
0.0 12.0 0.0
0.0 12.0 0.0
-8.3087 9.472355 0.0
0.0 12.0 0.0
0.0 15.0 0.0
0.0 15.0 0.0
10.88044 12.404274 0.0
0.0 15.0 0.0
0.0 18.0 0.0
0.0 18.0 0.0
12.528992 14.28371 0.0
12.528992 14.28371 0.0
12.528992 14.617043 0.0
12.528992 14.28371 0.0
17.159334 5.278834 8.261875
17.159334 5.278834 8.261875
4.576671 6.6078835 18.08974
17.159334 5.278834 8.261875
10.072244 0.18222046 17.526283
0.0 18.0 0.0
0.0 21.0 0.0
0.0 21.0 0.0
-14.836964 16.914919 0.0
0.0 21.0 0.0
0.0 24.0 0.0
0.0 24.0 0.0
16.221746 18.493645 0.0
0.0 24.0 0.0
0.0 27.0 0.0
