0.0 0.0 0.0
0.0 3.0 0.0
0.0 3.0 0.0
-2.3472025 3.2389257 0.0
0.0 3.0 0.0
0.0 6.0 0.0
0.0 6.0 0.0
4.1076045 5.66812 0.0
0.0 6.0 0.0
0.0 9.0 0.0
0.0 9.0 0.0
-6.1614065 8.50218 0.0
-6.1614065 8.50218 0.0
-8.790876 0.8614454 5.855196
-6.1614065 8.50218 0.0
-9.909103 5.171481 3.6155171
-9.909103 5.171481 3.6155171
-9.909103 5.291481 3.6155171
-9.909103 5.171481 3.6155171
-8.693965 1.9387374 8.742266
0.0 9.0 0.0
0.0 12.0 0.0
0.0 12.0 0.0
-7.393688 10.202617 0.0
0.0 12.0 0.0
0.0 15.0 0.0
0.0 15.0 0.0
9.15409 12.63181 0.0
0.0 15.0 0.0
0.0 18.0 0.0
0.0 18.0 0.0
11.149212 15.384897 0.0
11.149212 15.384897 0.0
11.149212 15.71823 0.0
11.149212 15.384897 0.0
16.690096 7.6459155 6.5423646
16.690096 7.6459155 6.5423646
7.264798 3.4545267 17.897463
16.690096 7.6459155 6.5423646
12.673209 0.9994273 15.091318
0.0 18.0 0.0
0.0 21.0 0.0
0.0 21.0 0.0
-12.909614 17.81409 0.0
0.0 21.0 0.0
0.0 24.0 0.0
0.0 24.0 0.0
14.963416 20.648151 0.0
0.0 24.0 0.0
0.0 27.0 0.0
