0.0 0.0 0.0
0.0 3.0 0.0
0.0 3.0 0.0
-2.932995 3.4128492 0.0
0.0 3.0 0.0
0.0 6.0 0.0
0.0 6.0 0.0
4.301726 5.005512 0.0
0.0 6.0 0.0
0.0 9.0 0.0
0.0 9.0 0.0
-6.843655 7.963315 0.0
-6.843655 7.963315 0.0
-8.1461525 0.19811499 6.7658367
-6.843655 7.963315 0.0
-9.517752 3.1115937 4.4605346
-9.517752 3.1115937 4.4605346
-9.517752 3.2315936 4.4605346
-9.517752 3.1115937 4.4605346
-6.2753105 0.68761206 9.586367
0.0 9.0 0.0
0.0 12.0 0.0
0.0 12.0 0.0
-8.7989855 10.238547 0.0
0.0 12.0 0.0
0.0 15.0 0.0
0.0 15.0 0.0
10.167716 11.831211 0.0
0.0 15.0 0.0
0.0 18.0 0.0
0.0 18.0 0.0
12.709645 14.789013 0.0
12.709645 14.789013 0.0
12.709645 14.909013 0.0
12.709645 14.789013 0.0
17.601336 5.6919975 8.283851
17.601336 5.6919975 8.283851
5.535241 6.4485507 18.64687
17.601336 5.6919975 8.283851
10.130211 -0.40959024 17.754704
0.0 18.0 0.0
0.0 21.0 0.0
0.0 21.0 0.0
-14.339087 16.68504 0.0
0.0 21.0 0.0
0.0 24.0 0.0
0.0 24.0 0.0
16.033707 18.65691 0.0
0.0 24.0 0.0
0.0 27.0 0.0
