0.0 0.0 0.0
0.0 3.0 0.0
0.0 3.0 0.0
-2.6754515 2.9735432 0.0
0.0 3.0 0.0
0.0 6.0 0.0
0.0 6.0 0.0
5.0164714 5.5753937 0.0
0.0 6.0 0.0
0.0 9.0 0.0
0.0 9.0 0.0
-6.421084 7.1365037 0.0
-6.421084 7.1365037 0.0
-7.913828 0.1579811 6.385423
-6.421084 7.1365037 0.0
-8.99064 2.8558495 4.2948246
-8.99064 2.8558495 4.2948246
-8.99064 3.1891828 4.2948246
-8.99064 2.8558495 4.2948246
-5.4119773 0.31743765 9.206217
0.0 9.0 0.0
0.0 12.0 0.0
0.0 12.0 0.0
-8.695217 9.664015 0.0
0.0 12.0 0.0
0.0 15.0 0.0
0.0 15.0 0.0
11.036238 12.265865 0.0
0.0 15.0 0.0
0.0 18.0 0.0
0.0 18.0 0.0
12.708395 14.1243305 0.0
12.708395 14.1243305 0.0
12.708395 14.8743305 0.0
12.708395 14.1243305 0.0
16.871502 4.62695 8.500174
16.871502 4.62695 8.500174
4.644333 7.2061396 17.672403
16.871502 4.62695 8.500174
8.5932 -0.70047474 17.60363
0.0 18.0 0.0
0.0 21.0 0.0
0.0 21.0 0.0
-14.447438 16.057133 0.0
0.0 21.0 0.0
0.0 24.0 0.0
0.0 24.0 0.0
16.721573 18.584644 0.0
0.0 24.0 0.0
0.0 27.0 0.0
