0.0 0.0 0.0
0.0 3.0 0.0
0.0 3.0 0.0
-2.4130173 3.7983348 0.0
0.0 3.0 0.0
0.0 6.0 0.0
0.0 6.0 0.0
3.7535822 5.908521 0.0
0.0 6.0 0.0
0.0 9.0 0.0
0.0 9.0 0.0
-5.3622603 8.440744 0.0
-5.3622603 8.440744 0.0
-8.717646 1.5750504 4.8540754
-5.3622603 8.440744 0.0
-8.668287 5.204024 2.8753836
-8.668287 5.204024 2.8753836
-8.668287 5.954024 2.8753836
-8.668287 5.204024 2.8753836
-7.9866505 1.8024168 7.075199
0.0 9.0 0.0
0.0 12.0 0.0
0.0 12.0 0.0
-7.2390513 11.395005 0.0
0.0 12.0 0.0
0.0 15.0 0.0
0.0 15.0 0.0
8.84773 13.927228 0.0
0.0 15.0 0.0
0.0 18.0 0.0
0.0 18.0 0.0
10.456408 16.459452 0.0
10.456408 16.459452 0.0
10.456408 16.792786 0.0
10.456408 16.459452 0.0
16.812 10.004354 5.606998
16.812 10.004354 5.606998
10.2368 2.520536 17.60126
16.812 10.004354 5.606998
15.609029 3.7133994 13.747755
0.0 18.0 0.0
0.0 21.0 0.0
0.0 21.0 0.0
-12.065085 18.991674 0.0
0.0 21.0 0.0
0.0 24.0 0.0
0.0 24.0 0.0
13.19116 20.76423 0.0
0.0 24.0 0.0
0.0 27.0 0.0
