0.0 0.0 0.0
0.0 3.0 0.0
0.0 3.0 0.0
-2.881853 2.7739723 0.0
0.0 3.0 0.0
0.0 6.0 0.0
0.0 6.0 0.0
5.403475 5.201198 0.0
0.0 6.0 0.0
0.0 9.0 0.0
0.0 9.0 0.0
-7.564864 7.2816772 0.0
-7.564864 7.2816772 0.0
-7.6204724 -0.0021221638 7.5593615
-7.564864 7.2816772 0.0
-9.316649 1.6862078 5.4502068
-9.316649 1.6862078 5.4502068
-9.316649 1.8062078 5.4502068
-9.316649 1.6862078 5.4502068
-3.692874 0.03695464 10.491984
0.0 9.0 0.0
0.0 12.0 0.0
0.0 12.0 0.0
-9.726254 9.362157 0.0
0.0 12.0 0.0
0.0 15.0 0.0
0.0 15.0 0.0
11.239227 10.818492 0.0
0.0 15.0 0.0
0.0 18.0 0.0
0.0 18.0 0.0
14.049034 13.523115 0.0
14.049034 13.523115 0.0
14.049034 14.273115 0.0
14.049034 13.523115 0.0
17.580242 3.3990192 10.121813
17.580242 3.3990192 10.121813
4.5572786 10.618801 17.181461
17.580242 3.3990192 10.121813
6.927251 -0.13238859 19.685326
0.0 18.0 0.0
0.0 21.0 0.0
0.0 21.0 0.0
-15.850192 15.256847 0.0
0.0 21.0 0.0
0.0 24.0 0.0
0.0 24.0 0.0
17.723396 17.059929 0.0
0.0 24.0 0.0
0.0 27.0 0.0
