0.0 0.0 0.0
0.0 3.0 0.0
0.0 3.0 0.0
-2.9832432 2.0150082 0.0
0.0 3.0 0.0
0.0 6.0 0.0
0.0 6.0 0.0
6.2150903 4.1979337 0.0
0.0 6.0 0.0
0.0 9.0 0.0
0.0 9.0 0.0
-7.955316 5.3733554 0.0
-7.955316 5.3733554 0.0
-6.789705 0.46919918 7.3798575
-7.955316 5.3733554 0.0
-8.188136 0.15725684 6.592401
-8.188136 0.15725684 6.592401
-8.188136 0.49059018 6.592401
-8.188136 0.15725684 6.592401
-0.46650243 1.3768847 10.475263
0.0 9.0 0.0
0.0 12.0 0.0
0.0 12.0 0.0
-10.441352 7.052529 0.0
0.0 12.0 0.0
0.0 15.0 0.0
0.0 15.0 0.0
12.927388 8.731703 0.0
0.0 15.0 0.0
0.0 18.0 0.0
0.0 18.0 0.0
15.744896 10.634766 0.0
15.744896 10.634766 0.0
15.744896 10.7547655 0.0
15.744896 10.634766 0.0
14.242754 -1.0146093 13.047461
14.242754 -1.0146093 13.047461
5.873727 16.416286 8.340342
14.242754 -1.0146093 13.047461
-1.6017991 2.3453815 19.105652
0.0 18.0 0.0
0.0 21.0 0.0
0.0 21.0 0.0
-18.230932 12.313939 0.0
0.0 21.0 0.0
0.0 24.0 0.0
0.0 24.0 0.0
20.385496 13.769223 0.0
0.0 24.0 0.0
0.0 27.0 0.0
