0.0 0.0 0.0
0.0 3.0 0.0
0.0 3.0 0.0
-2.6571383 2.4289122 0.0
0.0 3.0 0.0
0.0 6.0 0.0
0.0 6.0 0.0
4.8714204 4.4530053 0.0
0.0 6.0 0.0
0.0 9.0 0.0
0.0 9.0 0.0
-7.085703 6.4770994 0.0
-7.085703 6.4770994 0.0
-6.8399024 0.022104084 7.0572248
-7.085703 6.4770994 0.0
-8.744336 1.5161703 5.229915
-8.744336 1.5161703 5.229915
-8.744336 1.6361703 5.229915
-8.744336 1.5161703 5.229915
-3.2332942 0.19222665 9.982755
0.0 9.0 0.0
0.0 12.0 0.0
0.0 12.0 0.0
-9.299985 8.501193 0.0
0.0 12.0 0.0
0.0 15.0 0.0
0.0 15.0 0.0
11.514267 10.525286 0.0
0.0 15.0 0.0
0.0 18.0 0.0
0.0 18.0 0.0
14.023787 12.819259 0.0
14.023787 12.819259 0.0
14.023787 12.939259 0.0
14.023787 12.819259 0.0
16.952827 2.6774616 10.350873
16.952827 2.6774616 10.350873
3.8455706 11.529572 15.95761
16.952827 2.6774616 10.350873
5.6459417 0.015155554 19.496492
0.0 18.0 0.0
0.0 21.0 0.0
0.0 21.0 0.0
-16.23807 14.843352 0.0
0.0 21.0 0.0
0.0 24.0 0.0
0.0 24.0 0.0
18.45235 16.867445 0.0
0.0 24.0 0.0
0.0 27.0 0.0
