0.0 0.0 0.0
0.0 3.0 0.0
0.0 3.0 0.0
-3.3659022 2.1611807 0.0
0.0 3.0 0.0
0.0 6.0 0.0
0.0 6.0 0.0
5.5537386 3.5659482 0.0
0.0 6.0 0.0
0.0 9.0 0.0
0.0 9.0 0.0
-8.414756 5.4029517 0.0
-8.414756 5.4029517 0.0
-6.673309 0.7970221 7.6514564
-8.414756 5.4029517 0.0
-8.265091 -0.096096516 7.080811
-8.265091 -0.096096516 7.080811
-8.265091 0.023903482 7.080811
-8.265091 -0.096096516 7.080811
0.045907676 1.7444791 10.780601
0.0 9.0 0.0
0.0 12.0 0.0
0.0 12.0 0.0
-10.602592 6.8077197 0.0
0.0 12.0 0.0
0.0 15.0 0.0
0.0 15.0 0.0
13.884347 8.91487 0.0
0.0 15.0 0.0
0.0 18.0 0.0
0.0 18.0 0.0
16.408773 10.535756 0.0
16.408773 10.535756 0.0
16.408773 10.655756 0.0
16.408773 10.535756 0.0
14.917826 -0.95730925 13.807582
14.917826 -0.95730925 13.807582
7.6200876 17.147596 7.8184414
14.917826 -0.95730925 13.807582
-2.223423 2.8015182 20.013155
0.0 18.0 0.0
0.0 21.0 0.0
0.0 21.0 0.0
-18.512463 11.886494 0.0
0.0 21.0 0.0
0.0 24.0 0.0
0.0 24.0 0.0
20.700298 13.291262 0.0
0.0 24.0 0.0
0.0 27.0 0.0
