0.0 0.0 0.0
0.0 3.0 0.0
0.0 3.0 0.0
-3.5893402 2.714155 0.0
0.0 3.0 0.0
0.0 6.0 0.0
0.0 6.0 0.0
5.583418 4.2220187 0.0
0.0 6.0 0.0
0.0 9.0 0.0
0.0 9.0 0.0
-8.375127 6.3330283 0.0
-8.375127 6.3330283 0.0
-7.0357995 0.37921798 8.05834
-8.375127 6.3330283 0.0
-8.57674 0.15245485 6.680262
-8.57674 0.15245485 6.680262
-8.57674 0.27245486 6.680262
-8.57674 0.15245485 6.680262
-0.8255279 0.8190197 10.870245
0.0 9.0 0.0
0.0 12.0 0.0
0.0 12.0 0.0
-10.768021 8.142465 0.0
0.0 12.0 0.0
0.0 15.0 0.0
0.0 15.0 0.0
13.160913 9.951901 0.0
0.0 15.0 0.0
0.0 18.0 0.0
0.0 18.0 0.0
15.553807 11.761338 0.0
15.553807 11.761338 0.0
15.553807 12.094671 0.0
15.553807 11.761338 0.0
15.5180235 -0.027058601 12.406201
15.5180235 -0.027058601 12.406201
4.4931445 15.527791 11.551226
15.5180235 -0.027058601 12.406201
0.85161054 1.3158852 19.860405
0.0 18.0 0.0
0.0 21.0 0.0
0.0 21.0 0.0
-17.946701 13.570775 0.0
0.0 21.0 0.0
0.0 24.0 0.0
0.0 24.0 0.0
20.339594 15.380211 0.0
0.0 24.0 0.0
0.0 27.0 0.0
