0.0 0.0 0.0
0.0 3.0 0.0
0.0 3.0 0.0
-2.9034076 3.4380553 0.0
0.0 3.0 0.0
0.0 6.0 0.0
0.0 6.0 0.0
4.8390126 5.730092 0.0
0.0 6.0 0.0
0.0 9.0 0.0
0.0 9.0 0.0
-6.1939363 7.334518 0.0
-6.1939363 7.334518 0.0
-7.7332454 0.26141572 6.106503
-6.1939363 7.334518 0.0
-8.734857 3.0088174 3.9963381
-8.734857 3.0088174 3.9963381
-8.734857 3.7588174 3.9963381
-8.734857 3.0088174 3.9963381
-5.7151976 0.4206245 8.688995
0.0 9.0 0.0
0.0 12.0 0.0
0.0 12.0 0.0
-8.387622 9.932159 0.0
0.0 12.0 0.0
0.0 15.0 0.0
0.0 15.0 0.0
10.323227 12.224196 0.0
0.0 15.0 0.0
0.0 18.0 0.0
0.0 18.0 0.0
12.581432 14.898239 0.0
12.581432 14.898239 0.0
12.581432 15.231572 0.0
12.581432 14.898239 0.0
17.343456 5.638929 8.117561
17.343456 5.638929 8.117561
4.823885 5.991403 18.457756
17.343456 5.638929 8.117561
10.405592 -0.097874165 17.391945
0.0 18.0 0.0
0.0 21.0 0.0
0.0 21.0 0.0
-13.936357 16.502665 0.0
0.0 21.0 0.0
0.0 24.0 0.0
0.0 24.0 0.0
16.130043 19.100307 0.0
0.0 24.0 0.0
0.0 27.0 0.0
