0.0 0.0 0.0
0.0 3.0 0.0
0.0 3.0 0.0
-2.875637 2.165805 0.0
0.0 3.0 0.0
0.0 6.0 0.0
0.0 6.0 0.0
5.2720013 3.9706428 0.0
0.0 6.0 0.0
0.0 9.0 0.0
0.0 9.0 0.0
-8.387275 6.3169317 0.0
-8.387275 6.3169317 0.0
-7.0312014 0.38959205 8.0611925
-8.387275 6.3169317 0.0
-8.880348 0.37136126 6.699655
-8.880348 0.37136126 6.699655
-8.880348 0.49136126 6.699655
-8.880348 0.37136126 6.699655
-1.4893613 1.1330836 11.124113
0.0 9.0 0.0
0.0 12.0 0.0
0.0 12.0 0.0
-10.384245 7.8209634 0.0
0.0 12.0 0.0
0.0 15.0 0.0
0.0 15.0 0.0
13.180003 9.926607 0.0
0.0 15.0 0.0
0.0 18.0 0.0
0.0 18.0 0.0
14.857458 11.189994 0.0
14.857458 11.189994 0.0
14.857458 11.309994 0.0
14.857458 11.189994 0.0
14.79518 -0.046905518 11.86796
14.79518 -0.046905518 11.86796
4.953447 14.695433 10.942934
14.79518 -0.046905518 11.86796
0.41297567 1.0359068 18.958128
0.0 18.0 0.0
0.0 21.0 0.0
0.0 21.0 0.0
-17.972733 13.536283 0.0
0.0 21.0 0.0
0.0 24.0 0.0
0.0 24.0 0.0
20.369095 15.341121 0.0
0.0 24.0 0.0
0.0 27.0 0.0
