0.0 0.0 0.0
0.0 3.0 0.0
0.0 3.0 0.0
-2.170063 3.9421856 0.0
0.0 3.0 0.0
0.0 6.0 0.0
0.0 6.0 0.0
3.6167717 6.570309 0.0
0.0 6.0 0.0
0.0 9.0 0.0
0.0 9.0 0.0
-5.0634804 9.198433 0.0
-5.0634804 9.198433 0.0
-9.502291 2.8101006 4.278224
-5.0634804 9.198433 0.0
-8.804013 6.795136 2.4417937
-8.804013 6.795136 2.4417937
-8.804013 7.545136 2.4417937
-8.804013 6.795136 2.4417937
-9.484164 3.6773713 6.384726
0.0 9.0 0.0
0.0 12.0 0.0
0.0 12.0 0.0
-6.269071 11.388536 0.0
0.0 12.0 0.0
0.0 15.0 0.0
0.0 15.0 0.0
7.5228853 13.666244 0.0
0.0 15.0 0.0
0.0 18.0 0.0
0.0 18.0 0.0
9.162489 16.644783 0.0
9.162489 16.644783 0.0
9.162489 17.394783 0.0
9.162489 16.644783 0.0
15.781807 12.024804 4.418484
15.781807 12.024804 4.418484
12.779853 2.5180218 15.69776
15.781807 12.024804 4.418484
16.333231 5.4202127 11.481333
0.0 18.0 0.0
0.0 21.0 0.0
0.0 21.0 0.0
-10.416303 18.922491 0.0
0.0 21.0 0.0
0.0 24.0 0.0
0.0 24.0 0.0
12.297024 22.339052 0.0
0.0 24.0 0.0
0.0 27.0 0.0
