0.0 0.0 0.0
0.0 3.0 0.0
0.0 3.0 0.0
-2.3806083 2.7005007 0.0
0.0 3.0 0.0
0.0 6.0 0.0
0.0 6.0 0.0
4.3644485 4.950918 0.0
0.0 6.0 0.0
0.0 9.0 0.0
0.0 9.0 0.0
-6.348289 7.201336 0.0
-6.348289 7.201336 0.0
-7.5750313 0.1550793 6.2981634
-6.348289 7.201336 0.0
-8.995618 3.0030613 4.197997
-8.995618 3.0030613 4.197997
-8.995618 3.3363945 4.197997
-8.995618 3.0030613 4.197997
-5.3621197 0.076250315 9.097705
0.0 9.0 0.0
0.0 12.0 0.0
0.0 12.0 0.0
-8.596642 9.751808 0.0
0.0 12.0 0.0
0.0 15.0 0.0
0.0 15.0 0.0
10.315969 11.70217 0.0
0.0 15.0 0.0
0.0 18.0 0.0
0.0 18.0 0.0
12.894962 14.627713 0.0
12.894962 14.627713 0.0
12.894962 14.747713 0.0
12.894962 14.627713 0.0
17.590403 5.326386 8.527182
17.590403 5.326386 8.527182
5.2440834 6.966415 18.520966
17.590403 5.326386 8.527182
10.182499 0.12384653 18.028755
0.0 18.0 0.0
0.0 21.0 0.0
0.0 21.0 0.0
-14.548162 16.503061 0.0
0.0 21.0 0.0
0.0 24.0 0.0
0.0 24.0 0.0
16.862642 19.128548 0.0
0.0 24.0 0.0
0.0 27.0 0.0
