0.0 0.0 0.0
0.0 3.0 0.0
0.0 3.0 0.0
-2.5922196 3.0463743 0.0
0.0 3.0 0.0
0.0 6.0 0.0
0.0 6.0 0.0
4.8604116 5.7119517 0.0
0.0 6.0 0.0
0.0 9.0 0.0
0.0 9.0 0.0
-6.480549 7.615936 0.0
-6.480549 7.615936 0.0
-7.8022165 0.21429491 6.397008
-6.480549 7.615936 0.0
-9.666506 3.7441347 4.1997514
-9.666506 3.7441347 4.1997514
-9.666506 3.8641346 4.1997514
-9.666506 3.7441347 4.1997514
-6.9324946 0.98674345 9.46293
0.0 9.0 0.0
0.0 12.0 0.0
0.0 12.0 0.0
-8.748741 10.281513 0.0
0.0 12.0 0.0
0.0 15.0 0.0
0.0 15.0 0.0
10.692905 12.566294 0.0
0.0 15.0 0.0
0.0 18.0 0.0
0.0 18.0 0.0
12.313043 14.470278 0.0
12.313043 14.470278 0.0
12.313043 14.590278 0.0
12.313043 14.470278 0.0
17.167458 5.704908 7.9795275
17.167458 5.704908 7.9795275
5.5508003 6.0960045 18.223272
17.167458 5.704908 7.9795275
10.364368 -0.0154566765 17.202612
0.0 18.0 0.0
0.0 21.0 0.0
0.0 21.0 0.0
-14.257208 16.755058 0.0
0.0 21.0 0.0
0.0 24.0 0.0
0.0 24.0 0.0
16.201372 19.039839 0.0
0.0 24.0 0.0
0.0 27.0 0.0
