0.0 0.0 0.0
0.0 3.0 0.0
0.0 3.0 0.0
-2.9357784 2.7168374 0.0
0.0 3.0 0.0
0.0 6.0 0.0
0.0 6.0 0.0
4.844034 4.482782 0.0
0.0 6.0 0.0
0.0 9.0 0.0
0.0 9.0 0.0
-7.339446 6.7920933 0.0
-7.339446 6.7920933 0.0
-7.1479907 0.014853418 7.317457
-7.339446 6.7920933 0.0
-9.471809 1.9733384 5.386747
-9.471809 1.9733384 5.386747
-9.471809 2.7233384 5.386747
-9.471809 1.9733384 5.386747
-3.866547 0.19950712 10.610512
0.0 9.0 0.0
0.0 12.0 0.0
0.0 12.0 0.0
-9.54128 8.829721 0.0
0.0 12.0 0.0
0.0 15.0 0.0
0.0 15.0 0.0
11.449536 10.595666 0.0
0.0 15.0 0.0
0.0 18.0 0.0
0.0 18.0 0.0
14.311919 13.244582 0.0
14.311919 13.244582 0.0
14.311919 13.364582 0.0
14.311919 13.244582 0.0
16.763607 2.2688494 10.504156
16.763607 2.2688494 10.504156
3.9201546 11.500572 15.900896
16.763607 2.2688494 10.504156
4.896288 -0.47813654 19.43808
0.0 18.0 0.0
0.0 21.0 0.0
0.0 21.0 0.0
-16.146782 14.942606 0.0
0.0 21.0 0.0
0.0 24.0 0.0
0.0 24.0 0.0
18.055037 16.70855 0.0
0.0 24.0 0.0
0.0 27.0 0.0
