0.0 0.0 0.0
0.0 3.0 0.0
0.0 3.0 0.0
-2.4831848 2.6064906 0.0
0.0 3.0 0.0
0.0 6.0 0.0
0.0 6.0 0.0
4.828415 5.0681763 0.0
0.0 6.0 0.0
0.0 9.0 0.0
0.0 9.0 0.0
-6.6218266 6.950642 0.0
-6.6218266 6.950642 0.0
-7.707136 0.05261776 6.614058
-6.6218266 6.950642 0.0
-9.300273 2.8114483 4.567561
-9.300273 2.8114483 4.567561
-9.300273 3.1447816 4.567561
-9.300273 2.8114483 4.567561
-5.568141 0.6501045 9.722112
0.0 9.0 0.0
0.0 12.0 0.0
0.0 12.0 0.0
-9.311943 9.77434 0.0
0.0 12.0 0.0
0.0 15.0 0.0
0.0 15.0 0.0
11.036377 11.584403 0.0
0.0 15.0 0.0
0.0 18.0 0.0
0.0 18.0 0.0
12.829788 13.466868 0.0
12.829788 13.466868 0.0
12.829788 14.216868 0.0
12.829788 13.466868 0.0
16.7044 4.067008 8.849648
16.7044 4.067008 8.849648
4.4224873 8.254198 17.113344
16.7044 4.067008 8.849648
8.176996 -0.10119486 17.92962
0.0 18.0 0.0
0.0 21.0 0.0
0.0 21.0 0.0
-15.175018 15.928555 0.0
0.0 21.0 0.0
0.0 24.0 0.0
0.0 24.0 0.0
17.244339 18.10063 0.0
0.0 24.0 0.0
0.0 27.0 0.0
