0.0 0.0 0.0
0.0 3.0 0.0
0.0 3.0 0.0
-2.6090498 2.4804955 0.0
0.0 3.0 0.0
0.0 6.0 0.0
0.0 6.0 0.0
5.4355206 5.167699 0.0
0.0 6.0 0.0
0.0 9.0 0.0
0.0 9.0 0.0
-6.9574666 6.614655 0.0
-6.9574666 6.614655 0.0
-6.7437997 0.010800719 6.9485946
-6.9574666 6.614655 0.0
-8.531831 1.4967916 5.0423274
-8.531831 1.4967916 5.0423274
-8.531831 2.2467916 5.0423274
-8.531831 1.4967916 5.0423274
-3.7044854 0.4528376 9.657623
0.0 9.0 0.0
0.0 12.0 0.0
0.0 12.0 0.0
-9.783937 9.301858 0.0
0.0 12.0 0.0
0.0 15.0 0.0
0.0 15.0 0.0
11.305883 10.748815 0.0
0.0 15.0 0.0
0.0 18.0 0.0
0.0 18.0 0.0
13.769986 13.091504 0.0
13.769986 13.091504 0.0
13.769986 13.424837 0.0
13.769986 13.091504 0.0
16.750027 2.8332071 9.979606
16.750027 2.8332071 9.979606
4.124505 10.617816 16.22485
16.750027 2.8332071 9.979606
6.109194 -0.13692665 19.015562
0.0 18.0 0.0
0.0 21.0 0.0
0.0 21.0 0.0
-16.306562 15.503097 0.0
0.0 21.0 0.0
0.0 24.0 0.0
0.0 24.0 0.0
17.828508 16.950052 0.0
0.0 24.0 0.0
0.0 27.0 0.0
