0.0 0.0 0.0
0.0 3.0 0.0
0.0 3.0 0.0
-3.38545 2.964579 0.0
0.0 3.0 0.0
0.0 6.0 0.0
0.0 6.0 0.0
5.2662554 4.6115675 0.0
0.0 6.0 0.0
0.0 9.0 0.0
0.0 9.0 0.0
-7.2222934 6.3244357 0.0
-7.2222934 6.3244357 0.0
-6.5138626 0.09432185 7.159118
-7.2222934 6.3244357 0.0
-8.644893 1.245745 5.4334917
-8.644893 1.245745 5.4334917
-8.644893 1.365745 5.4334917
-8.644893 1.245745 5.4334917
-2.4475942 0.0066263676 10.083303
0.0 9.0 0.0
0.0 12.0 0.0
0.0 12.0 0.0
-10.156349 8.893738 0.0
0.0 12.0 0.0
0.0 15.0 0.0
0.0 15.0 0.0
11.736227 10.277207 0.0
0.0 15.0 0.0
0.0 18.0 0.0
0.0 18.0 0.0
14.670282 12.84651 0.0
14.670282 12.84651 0.0
14.670282 12.96651 0.0
14.670282 12.84651 0.0
17.160267 2.1804352 11.036779
17.160267 2.1804352 11.036779
4.647563 12.7027445 15.5535555
17.160267 2.1804352 11.036779
4.370343 -0.16313267 20.181028
0.0 18.0 0.0
0.0 21.0 0.0
0.0 21.0 0.0
-16.551088 14.493498 0.0
0.0 21.0 0.0
0.0 24.0 0.0
0.0 24.0 0.0
18.507126 16.206366 0.0
0.0 24.0 0.0
0.0 27.0 0.0
