0.0 0.0 0.0
0.0 3.0 0.0
0.0 3.0 0.0
-3.373876 2.1487112 0.0
0.0 3.0 0.0
0.0 6.0 0.0
0.0 6.0 0.0
5.5668955 3.5453734 0.0
0.0 6.0 0.0
0.0 9.0 0.0
0.0 9.0 0.0
-8.856424 5.640367 0.0
-8.856424 5.640367 0.0
-6.997054 0.8676925 8.025565
-8.856424 5.640367 0.0
-8.156553 -0.44572425 7.4701195
-8.156553 -0.44572425 7.4701195
-8.156553 -0.32572424 7.4701195
-8.156553 -0.44572425 7.4701195
0.5634881 1.9166104 10.892582
0.0 9.0 0.0
0.0 12.0 0.0
0.0 12.0 0.0
-10.62771 6.7684407 0.0
0.0 12.0 0.0
0.0 15.0 0.0
0.0 15.0 0.0
13.158117 8.379974 0.0
0.0 15.0 0.0
0.0 18.0 0.0
0.0 18.0 0.0
15.688524 9.991508 0.0
15.688524 9.991508 0.0
15.688524 10.324841 0.0
15.688524 9.991508 0.0
14.219811 -0.9353757 13.232784
14.219811 -0.9353757 13.232784
7.445814 16.393932 7.2899103
14.219811 -0.9353757 13.232784
-1.8379027 3.0061522 19.10233
0.0 18.0 0.0
0.0 21.0 0.0
0.0 21.0 0.0
-18.218931 11.603041 0.0
0.0 21.0 0.0
0.0 24.0 0.0
0.0 24.0 0.0
20.749338 13.214574 0.0
0.0 24.0 0.0
0.0 27.0 0.0
