0.0 0.0 0.0
0.0 3.0 0.0
0.0 3.0 0.0
-3.3931453 2.955768 0.0
0.0 3.0 0.0
0.0 6.0 0.0
0.0 6.0 0.0
4.976613 4.3351264 0.0
0.0 6.0 0.0
0.0 9.0 0.0
0.0 9.0 0.0
-7.2387104 6.305639 0.0
-7.2387104 6.305639 0.0
-6.5010567 0.10211873 7.170327
-7.2387104 6.305639 0.0
-8.33011 0.9507177 5.4582214
-8.33011 0.9507177 5.4582214
-8.33011 1.7007177 5.4582214
-8.33011 0.9507177 5.4582214
-2.3614783 0.25894833 9.866335
0.0 9.0 0.0
0.0 12.0 0.0
0.0 12.0 0.0
-9.80242 8.538885 0.0
0.0 12.0 0.0
0.0 15.0 0.0
0.0 15.0 0.0
11.762904 10.246663 0.0
0.0 15.0 0.0
0.0 18.0 0.0
0.0 18.0 0.0
14.70363 12.808329 0.0
14.70363 12.808329 0.0
14.70363 13.141662 0.0
14.70363 12.808329 0.0
16.755592 1.7874627 11.087012
16.755592 1.7874627 11.087012
4.334565 12.806546 15.076949
16.755592 1.7874627 11.087012
4.21667 0.16435945 19.916622
0.0 18.0 0.0
0.0 21.0 0.0
0.0 21.0 0.0
-16.965727 14.77884 0.0
0.0 21.0 0.0
0.0 24.0 0.0
0.0 24.0 0.0
19.227823 16.749352 0.0
0.0 24.0 0.0
0.0 27.0 0.0
