0.0 0.0 0.0
0.0 3.0 0.0
0.0 3.0 0.0
-1.0221707 3.4518354 0.0
0.0 3.0 0.0
0.0 6.0 0.0
0.0 6.0 0.0
1.8739794 6.328365 0.0
0.0 6.0 0.0
0.0 9.0 0.0
0.0 9.0 0.0
-2.981331 10.067853 0.0
-2.981331 10.067853 0.0
-7.9877515 7.7119956 1.6233369
-2.981331 10.067853 0.0
-5.7699676 9.4171295 0.8465081
-5.7699676 9.4171295 0.8465081
-5.7699676 9.537129 0.8465081
-5.7699676 9.4171295 0.8465081
-8.174101 8.965185 2.4499717
0.0 9.0 0.0
0.0 12.0 0.0
0.0 12.0 0.0
-3.691172 12.464961 0.0
0.0 12.0 0.0
0.0 15.0 0.0
0.0 15.0 0.0
4.5429807 15.341491 0.0
0.0 15.0 0.0
0.0 18.0 0.0
0.0 18.0 0.0
5.3947897 18.21802 0.0
5.3947897 18.21802 0.0
5.3947897 18.96802 0.0
5.3947897 18.21802 0.0
10.302981 16.574797 1.5317765
10.302981 16.574797 1.5317765
15.75526 9.930584 6.894774
10.302981 16.574797 1.5317765
13.931879 13.786438 4.3941236
0.0 18.0 0.0
0.0 21.0 0.0
0.0 21.0 0.0
-6.3885665 21.57397 0.0
0.0 21.0 0.0
0.0 24.0 0.0
0.0 24.0 0.0
7.0984073 23.971079 0.0
0.0 24.0 0.0
0.0 27.0 0.0
