0.0 0.0 0.0
0.0 3.0 0.0
0.0 3.0 0.0
-1.7826735 3.1276307 0.0
0.0 3.0 0.0
0.0 6.0 0.0
0.0 6.0 0.0
3.4663098 6.0815043 0.0
0.0 6.0 0.0
0.0 9.0 0.0
0.0 9.0 0.0
-4.7537966 8.340349 0.0
-4.7537966 8.340349 0.0
-9.055975 2.547933 4.090279
-4.7537966 8.340349 0.0
-8.015263 5.722114 2.3540187
-8.015263 5.722114 2.3540187
-8.015263 6.472114 2.3540187
-8.015263 5.722114 2.3540187
-8.16774 2.6215353 6.014194
0.0 9.0 0.0
0.0 12.0 0.0
0.0 12.0 0.0
-6.2393575 10.946708 0.0
0.0 12.0 0.0
0.0 15.0 0.0
0.0 15.0 0.0
7.724919 13.553067 0.0
0.0 15.0 0.0
0.0 18.0 0.0
0.0 18.0 0.0
9.656149 16.941334 0.0
9.656149 16.941334 0.0
9.656149 17.691334 0.0
9.656149 16.941334 0.0
15.974604 11.085483 4.7816005
15.974604 11.085483 4.7816005
11.876651 2.3546183 16.181532
15.974604 11.085483 4.7816005
15.984941 4.799737 12.064607
0.0 18.0 0.0
0.0 21.0 0.0
0.0 21.0 0.0
-11.14171 19.547693 0.0
0.0 21.0 0.0
0.0 24.0 0.0
0.0 24.0 0.0
12.1816025 21.372145 0.0
0.0 24.0 0.0
0.0 27.0 0.0
