0.0 0.0 0.0
0.0 3.0 0.0
0.0 3.0 0.0
-3.2574716 2.3213959 0.0
0.0 3.0 0.0
0.0 6.0 0.0
0.0 6.0 0.0
5.374828 3.8303032 0.0
0.0 6.0 0.0
0.0 9.0 0.0
0.0 9.0 0.0
-7.817932 5.57135 0.0
-7.817932 5.57135 0.0
-6.4141626 0.48472214 7.3897843
-7.817932 5.57135 0.0
-7.6588674 -0.11335564 6.366673
-7.6588674 -0.11335564 6.366673
-7.6588674 0.0066443607 6.366673
-7.6588674 -0.11335564 6.366673
-0.29259744 1.117194 9.932028
0.0 9.0 0.0
0.0 12.0 0.0
0.0 12.0 0.0
-10.993966 7.834711 0.0
0.0 12.0 0.0
0.0 15.0 0.0
0.0 15.0 0.0
13.43707 9.575758 0.0
0.0 15.0 0.0
0.0 18.0 0.0
0.0 18.0 0.0
15.47299 11.02663 0.0
15.47299 11.02663 0.0
15.47299 11.77663 0.0
15.47299 11.02663 0.0
15.005481 -0.33316422 12.600706
15.005481 -0.33316422 12.600706
5.880061 15.751718 10.070961
15.005481 -0.33316422 12.600706
-0.68409264 1.4197301 19.53279
0.0 18.0 0.0
0.0 21.0 0.0
0.0 21.0 0.0
-17.916094 12.767677 0.0
0.0 21.0 0.0
0.0 24.0 0.0
0.0 24.0 0.0
20.033451 14.276585 0.0
0.0 24.0 0.0
0.0 27.0 0.0
