0.0 0.0 0.0
0.0 3.0 0.0
0.0 3.0 0.0
-1.648223 4.1872854 0.0
0.0 3.0 0.0
0.0 6.0 0.0
0.0 6.0 0.0
2.7470384 6.9788094 0.0
0.0 6.0 0.0
0.0 9.0 0.0
0.0 9.0 0.0
-3.6627178 9.3050785 0.0
-3.6627178 9.3050785 0.0
-8.385398 5.0694647 2.4966462
-3.6627178 9.3050785 0.0
-6.7992964 7.968431 1.3415502
-6.7992964 7.968431 1.3415502
-6.7992964 8.3017645 1.3415502
-6.7992964 7.968431 1.3415502
-8.568285 5.83564 3.7387137
0.0 9.0 0.0
0.0 12.0 0.0
0.0 12.0 0.0
-4.6150246 11.7244 0.0
0.0 12.0 0.0
0.0 15.0 0.0
0.0 15.0 0.0
6.0434847 15.35338 0.0
0.0 15.0 0.0
0.0 18.0 0.0
0.0 18.0 0.0
7.1423 18.144903 0.0
7.1423 18.144903 0.0
7.1423 18.478237 0.0
7.1423 18.144903 0.0
13.3794985 15.845508 2.616023
13.3794985 15.845508 2.616023
17.170374 6.68526 11.034087
13.3794985 15.845508 2.616023
16.863014 11.465847 7.3347626
0.0 18.0 0.0
0.0 21.0 0.0
0.0 21.0 0.0
-8.241116 20.936428 0.0
0.0 21.0 0.0
0.0 24.0 0.0
0.0 24.0 0.0
9.010286 22.890495 0.0
0.0 24.0 0.0
0.0 27.0 0.0
