0.0 0.0 0.0
0.0 3.0 0.0
0.0 3.0 0.0
-3.0361319 2.6042087 0.0
0.0 3.0 0.0
0.0 6.0 0.0
0.0 6.0 0.0
5.692747 4.882891 0.0
0.0 6.0 0.0
0.0 9.0 0.0
0.0 9.0 0.0
-7.9698462 6.8360476 0.0
-7.9698462 6.8360476 0.0
-7.059712 0.14021385 7.876919
-7.9698462 6.8360476 0.0
-9.705505 1.4887428 6.049376
-9.705505 1.4887428 6.049376
-9.705505 2.2387428 6.049376
-9.705505 1.4887428 6.049376
-2.7098663 0.04894352 11.305258
0.0 9.0 0.0
0.0 12.0 0.0
0.0 12.0 0.0
-9.563816 8.203258 0.0
0.0 12.0 0.0
0.0 15.0 0.0
0.0 15.0 0.0
12.524044 10.742361 0.0
0.0 15.0 0.0
0.0 18.0 0.0
0.0 18.0 0.0
14.801143 12.695518 0.0
14.801143 12.695518 0.0
14.801143 13.028851 0.0
14.801143 12.695518 0.0
17.04861 1.9277406 11.234555
17.04861 1.9277406 11.234555
4.7324204 13.131967 15.13923
17.04861 1.9277406 11.234555
3.896847 -0.046224833 20.254738
0.0 18.0 0.0
0.0 21.0 0.0
0.0 21.0 0.0
-16.698725 14.323148 0.0
0.0 21.0 0.0
0.0 24.0 0.0
0.0 24.0 0.0
19.355341 16.601831 0.0
0.0 24.0 0.0
0.0 27.0 0.0
