0.0 0.0 0.0
0.0 3.0 0.0
0.0 3.0 0.0
-1.1007749 3.8455553 0.0
0.0 3.0 0.0
0.0 6.0 0.0
0.0 6.0 0.0
1.9263561 6.729722 0.0
0.0 6.0 0.0
0.0 9.0 0.0
0.0 9.0 0.0
-2.7519372 9.613888 0.0
-2.7519372 9.613888 0.0
-7.4653444 7.558544 1.4561498
-2.7519372 9.613888 0.0
-5.464404 9.475998 0.7573158
-5.464404 9.475998 0.7573158
-5.464404 9.809331 0.7573158
-5.464404 9.475998 0.7573158
-7.733144 8.683153 2.2318447
0.0 9.0 0.0
0.0 12.0 0.0
0.0 12.0 0.0
-3.7151153 12.978749 0.0
0.0 12.0 0.0
0.0 15.0 0.0
0.0 15.0 0.0
4.293022 14.997666 0.0
0.0 15.0 0.0
0.0 18.0 0.0
0.0 18.0 0.0
5.118603 17.881832 0.0
5.118603 17.881832 0.0
5.118603 18.001833 0.0
5.118603 17.881832 0.0
9.927126 16.798563 1.4086075
9.927126 16.798563 1.4086075
15.580334 10.474237 6.448058
9.927126 16.798563 1.4086075
13.838306 15.072308 4.0861025
0.0 18.0 0.0
0.0 21.0 0.0
0.0 21.0 0.0
-5.9441843 20.765999 0.0
0.0 21.0 0.0
0.0 24.0 0.0
0.0 24.0 0.0
6.879843 24.034721 0.0
0.0 24.0 0.0
0.0 27.0 0.0
