0.0 0.0 0.0
0.0 3.0 0.0
0.0 3.0 0.0
-1.2603257 4.319905 0.0
0.0 3.0 0.0
0.0 6.0 0.0
0.0 6.0 0.0
1.8484776 6.3358607 0.0
0.0 6.0 0.0
0.0 9.0 0.0
0.0 9.0 0.0
-2.94076 10.079779 0.0
-2.94076 10.079779 0.0
-7.9139037 7.7975454 1.5813264
-2.94076 10.079779 0.0
-5.813225 9.845691 0.82362556
-5.813225 9.845691 0.82362556
-5.813225 10.179024 0.82362556
-5.813225 9.845691 0.82362556
-8.313404 9.393265 2.4187868
0.0 9.0 0.0
0.0 12.0 0.0
0.0 12.0 0.0
-3.6409407 12.479726 0.0
0.0 12.0 0.0
0.0 15.0 0.0
0.0 15.0 0.0
4.621194 15.839651 0.0
0.0 15.0 0.0
0.0 18.0 0.0
0.0 18.0 0.0
5.209346 17.855608 0.0
5.209346 17.855608 0.0
5.209346 18.188942 0.0
5.209346 17.855608 0.0
10.081657 16.700382 1.4589938
10.081657 16.700382 1.4589938
15.549856 10.032753 6.651286
10.081657 16.700382 1.4589938
13.855964 14.395847 4.224197
0.0 18.0 0.0
0.0 21.0 0.0
0.0 21.0 0.0
-6.301628 21.599525 0.0
0.0 21.0 0.0
0.0 24.0 0.0
0.0 24.0 0.0
7.141845 24.479462 0.0
0.0 24.0 0.0
0.0 27.0 0.0
