0.0 0.0 0.0
0.0 3.0 0.0
0.0 3.0 0.0
-2.5320015 2.559095 0.0
0.0 3.0 0.0
0.0 6.0 0.0
0.0 6.0 0.0
4.9233365 4.976018 0.0
0.0 6.0 0.0
0.0 9.0 0.0
0.0 9.0 0.0
-7.033338 7.1085973 0.0
-7.033338 7.1085973 0.0
-7.442306 0.004352942 7.03294
-7.033338 7.1085973 0.0
-8.975814 1.9632614 4.9467845
-8.975814 1.9632614 4.9467845
-8.975814 2.0832613 4.9467845
-8.975814 1.9632614 4.9467845
-3.8652487 -0.21846569 9.829463
0.0 9.0 0.0
0.0 12.0 0.0
0.0 12.0 0.0
-9.495007 9.596606 0.0
0.0 12.0 0.0
0.0 15.0 0.0
0.0 15.0 0.0
11.253341 11.373755 0.0
0.0 15.0 0.0
0.0 18.0 0.0
0.0 18.0 0.0
13.363342 13.506334 0.0
13.363342 13.506334 0.0
13.363342 14.256334 0.0
13.363342 13.506334 0.0
16.95558 3.6306763 9.3988905
16.95558 3.6306763 9.3988905
3.6523566 9.257296 17.054653
16.95558 3.6306763 9.3988905
7.1257515 -0.5361197 18.606724
0.0 18.0 0.0
0.0 21.0 0.0
0.0 21.0 0.0
-15.82501 15.994344 0.0
0.0 21.0 0.0
0.0 24.0 0.0
0.0 24.0 0.0
17.302011 17.48715 0.0
0.0 24.0 0.0
0.0 27.0 0.0
