0.0 0.0 0.0
0.0 3.0 0.0
0.0 3.0 0.0
-3.0127974 2.6311693 0.0
0.0 3.0 0.0
0.0 6.0 0.0
0.0 6.0 0.0
4.9711156 4.341429 0.0
0.0 6.0 0.0
0.0 9.0 0.0
0.0 9.0 0.0
-7.230714 6.3148065 0.0
-7.230714 6.3148065 0.0
-6.7186613 0.069565 7.164896
-7.230714 6.3148065 0.0
-8.336891 0.96605873 5.446169
-8.336891 0.96605873 5.446169
-8.336891 1.7160587 5.446169
-8.336891 0.96605873 5.446169
-2.7664318 0.5813142 9.861789
0.0 9.0 0.0
0.0 12.0 0.0
0.0 12.0 0.0
-9.791592 8.5513 0.0
0.0 12.0 0.0
0.0 15.0 0.0
0.0 15.0 0.0
12.427789 10.853574 0.0
0.0 15.0 0.0
0.0 18.0 0.0
0.0 18.0 0.0
14.687387 12.82695 0.0
14.687387 12.82695 0.0
14.687387 13.160283 0.0
14.687387 12.82695 0.0
16.468267 1.5552969 11.0625305
16.468267 1.5552969 11.0625305
3.4341545 12.833282 14.829143
16.468267 1.5552969 11.0625305
3.2681181 -0.46556878 19.680737
0.0 18.0 0.0
0.0 21.0 0.0
0.0 21.0 0.0
-16.570385 14.471432 0.0
0.0 21.0 0.0
0.0 24.0 0.0
0.0 24.0 0.0
19.206583 16.773705 0.0
0.0 24.0 0.0
0.0 27.0 0.0
