0.0 0.0 0.0
0.0 3.0 0.0
0.0 3.0 0.0
-2.2161157 2.8370461 0.0
0.0 3.0 0.0
0.0 6.0 0.0
0.0 6.0 0.0
4.0628786 5.2012515 0.0
0.0 6.0 0.0
0.0 9.0 0.0
0.0 9.0 0.0
-5.909642 7.565457 0.0
-5.909642 7.565457 0.0
-7.8032064 0.47249508 5.733833
-5.909642 7.565457 0.0
-9.250777 4.2772837 3.6379032
-9.250777 4.2772837 3.6379032
-9.250777 4.610617 3.6379032
-9.250777 4.2772837 3.6379032
-7.229005 1.0496521 8.561582
0.0 9.0 0.0
0.0 12.0 0.0
0.0 12.0 0.0
-7.7564054 9.929663 0.0
0.0 12.0 0.0
0.0 15.0 0.0
0.0 15.0 0.0
9.6031685 12.293867 0.0
0.0 15.0 0.0
0.0 18.0 0.0
0.0 18.0 0.0
12.003961 15.367334 0.0
12.003961 15.367334 0.0
12.003961 15.700667 0.0
12.003961 15.367334 0.0
17.530611 7.0751557 7.3894906
17.530611 7.0751557 7.3894906
6.2728453 4.5803747 18.798105
17.530611 7.0751557 7.3894906
12.273556 0.6594672 16.615053
0.0 18.0 0.0
0.0 21.0 0.0
0.0 21.0 0.0
-13.850723 17.731539 0.0
0.0 21.0 0.0
0.0 24.0 0.0
0.0 24.0 0.0
15.143458 19.386484 0.0
0.0 24.0 0.0
0.0 27.0 0.0
