0.0 0.0 0.0
0.0 3.0 0.0
0.0 3.0 0.0
-1.9727597 3.0113485 0.0
0.0 3.0 0.0
0.0 6.0 0.0
0.0 6.0 0.0
3.8359218 5.8553996 0.0
0.0 6.0 0.0
0.0 9.0 0.0
0.0 9.0 0.0
-5.753883 8.7831 0.0
-5.753883 8.7831 0.0
-9.080029 1.4491291 5.274985
-5.753883 8.7831 0.0
-9.167873 5.2113366 3.1530635
-9.167873 5.2113366 3.1530635
-9.167873 5.54467 3.1530635
-9.167873 5.2113366 3.1530635
-8.373263 1.9401193 7.6613846
0.0 9.0 0.0
0.0 12.0 0.0
0.0 12.0 0.0
-6.9046593 10.53972 0.0
0.0 12.0 0.0
0.0 15.0 0.0
0.0 15.0 0.0
8.548626 13.049177 0.0
0.0 15.0 0.0
0.0 18.0 0.0
0.0 18.0 0.0
10.411788 15.893228 0.0
10.411788 15.893228 0.0
10.411788 16.643227 0.0
10.411788 15.893228 0.0
16.81651 9.776579 5.7055435
16.81651 9.776579 5.7055435
9.862041 2.675634 17.695751
16.81651 9.776579 5.7055435
15.056762 3.019349 13.987865
0.0 18.0 0.0
0.0 21.0 0.0
0.0 21.0 0.0
-11.836559 18.06809 0.0
0.0 21.0 0.0
0.0 24.0 0.0
0.0 24.0 0.0
13.69972 20.912142 0.0
0.0 24.0 0.0
0.0 27.0 0.0
