0.0 0.0 0.0
0.0 3.0 0.0
0.0 3.0 0.0
-1.705733 3.1702483 0.0
0.0 3.0 0.0
0.0 6.0 0.0
0.0 6.0 0.0
3.316703 6.1643715 0.0
0.0 6.0 0.0
0.0 9.0 0.0
0.0 9.0 0.0
-4.9750547 9.246557 0.0
-4.9750547 9.246557 0.0
-9.326873 2.8733761 4.151712
-4.9750547 9.246557 0.0
-8.95003 7.387826 2.3572543
-8.95003 7.387826 2.3572543
-8.95003 8.137826 2.3572543
-8.95003 7.387826 2.3572543
-9.931449 4.181304 6.316512
0.0 9.0 0.0
0.0 12.0 0.0
0.0 12.0 0.0
-5.9700656 11.095869 0.0
0.0 12.0 0.0
0.0 15.0 0.0
0.0 15.0 0.0
7.39151 13.737743 0.0
0.0 15.0 0.0
0.0 18.0 0.0
0.0 18.0 0.0
9.00248 16.731867 0.0
9.00248 16.731867 0.0
9.00248 16.851868 0.0
9.00248 16.731867 0.0
15.193514 11.506557 4.265507
15.193514 11.506557 4.265507
12.35385 2.3905625 15.029366
15.193514 11.506557 4.265507
15.739034 5.2794027 10.955221
0.0 18.0 0.0
0.0 21.0 0.0
0.0 21.0 0.0
-10.660831 19.814053 0.0
0.0 21.0 0.0
0.0 24.0 0.0
0.0 24.0 0.0
12.082275 22.455925 0.0
0.0 24.0 0.0
0.0 27.0 0.0
