0.0 0.0 0.0
0.0 3.0 0.0
0.0 3.0 0.0
-1.3452533 3.3392055 0.0
0.0 3.0 0.0
0.0 6.0 0.0
0.0 6.0 0.0
2.6157703 6.4929 0.0
0.0 6.0 0.0
0.0 9.0 0.0
0.0 9.0 0.0
-3.736815 9.275571 0.0
-3.736815 9.275571 0.0
-8.602166 5.0583763 2.5904417
-3.736815 9.275571 0.0
-6.9053326 7.8649354 1.3963785
-6.9053326 7.8649354 1.3963785
-6.9053326 8.614935 1.3963785
-6.9053326 7.8649354 1.3963785
-8.95659 6.4880357 3.8756158
0.0 9.0 0.0
0.0 12.0 0.0
0.0 12.0 0.0
-4.857859 12.058243 0.0
0.0 12.0 0.0
0.0 15.0 0.0
0.0 15.0 0.0
6.1657443 15.304692 0.0
0.0 15.0 0.0
0.0 18.0 0.0
0.0 18.0 0.0
7.286789 18.087364 0.0
7.286789 18.087364 0.0
7.286789 18.420698 0.0
7.286789 18.087364 0.0
13.2524 14.807917 2.722938
13.2524 14.807917 2.722938
15.871792 5.4462495 11.149341
13.2524 14.807917 2.722938
16.55203 10.913322 7.477857
0.0 18.0 0.0
0.0 21.0 0.0
0.0 21.0 0.0
-8.407833 20.870035 0.0
0.0 21.0 0.0
0.0 24.0 0.0
0.0 24.0 0.0
9.192565 22.817905 0.0
0.0 24.0 0.0
0.0 27.0 0.0
