0.0 0.0 0.0
0.0 3.0 0.0
0.0 3.0 0.0
-1.2339685 3.8049076 0.0
0.0 3.0 0.0
0.0 6.0 0.0
0.0 6.0 0.0
2.313691 7.1342015 0.0
0.0 6.0 0.0
0.0 9.0 0.0
0.0 9.0 0.0
-3.0849214 9.512269 0.0
-3.0849214 9.512269 0.0
-7.800649 6.50573 1.8105156
-3.0849214 9.512269 0.0
-6.0342894 9.094295 0.9516739
-6.0342894 9.094295 0.9516739
-6.0342894 9.214294 0.9516739
-6.0342894 9.094295 0.9516739
-8.449014 8.397408 2.7667885
0.0 9.0 0.0
0.0 12.0 0.0
0.0 12.0 0.0
-4.0103974 12.36595 0.0
0.0 12.0 0.0
0.0 15.0 0.0
0.0 15.0 0.0
5.09012 15.695244 0.0
0.0 15.0 0.0
0.0 18.0 0.0
0.0 18.0 0.0
5.7379537 17.69282 0.0
5.7379537 17.69282 0.0
5.7379537 18.026154 0.0
5.7379537 17.69282 0.0
11.112721 16.572947 1.7701135
11.112721 16.572947 1.7701135
16.240854 8.84479 7.955167
11.112721 16.572947 1.7701135
14.833439 13.242843 5.1119666
0.0 18.0 0.0
0.0 21.0 0.0
0.0 21.0 0.0
-6.941073 21.402605 0.0
0.0 21.0 0.0
0.0 24.0 0.0
0.0 24.0 0.0
7.712303 23.780672 0.0
0.0 24.0 0.0
0.0 27.0 0.0
