0.0 0.0 0.0
0.0 3.0 0.0
0.0 3.0 0.0
-2.041537 4.010253 0.0
0.0 3.0 0.0
0.0 6.0 0.0
0.0 6.0 0.0
2.994254 5.881704 0.0
0.0 6.0 0.0
0.0 9.0 0.0
0.0 9.0 0.0
-4.763586 9.357257 0.0
-4.763586 9.357257 0.0
-9.821721 3.680427 3.8518376
-4.763586 9.357257 0.0
-8.708805 7.749714 2.1611192
-8.708805 7.749714 2.1611192
-8.708805 8.083047 2.1611192
-8.708805 7.749714 2.1611192
-10.238974 5.166874 5.876885
0.0 9.0 0.0
0.0 12.0 0.0
0.0 12.0 0.0
-5.8977733 11.585175 0.0
0.0 12.0 0.0
0.0 15.0 0.0
0.0 15.0 0.0
7.4856358 14.70426 0.0
0.0 15.0 0.0
0.0 18.0 0.0
0.0 18.0 0.0
8.6198225 16.932178 0.0
8.6198225 16.932178 0.0
8.6198225 17.05218 0.0
8.6198225 16.932178 0.0
14.981062 12.495575 3.9105968
14.981062 12.495575 3.9105968
13.698932 2.9776864 14.414525
14.981062 12.495575 3.9105968
16.666033 7.2204347 10.2815275
0.0 18.0 0.0
0.0 21.0 0.0
0.0 21.0 0.0
-9.980847 19.60568 0.0
0.0 21.0 0.0
0.0 24.0 0.0
0.0 24.0 0.0
11.341872 22.279182 0.0
0.0 24.0 0.0
0.0 27.0 0.0
