0.0 0.0 0.0
0.0 3.0 0.0
0.0 3.0 0.0
-2.9935813 2.6530118 0.0
0.0 3.0 0.0
0.0 6.0 0.0
0.0 6.0 0.0
4.9394093 4.3774695 0.0
0.0 6.0 0.0
0.0 9.0 0.0
0.0 9.0 0.0
-7.858151 6.964156 0.0
-7.858151 6.964156 0.0
-7.1463194 0.08618051 7.801185
-7.858151 6.964156 0.0
-9.417173 1.3816571 5.8810034
-9.417173 1.3816571 5.8810034
-9.417173 1.5016571 5.8810034
-9.417173 1.3816571 5.8810034
-2.7065344 -0.06618941 10.948361
0.0 9.0 0.0
0.0 12.0 0.0
0.0 12.0 0.0
-10.103337 8.953915 0.0
0.0 12.0 0.0
0.0 15.0 0.0
0.0 15.0 0.0
11.674968 10.346746 0.0
0.0 15.0 0.0
0.0 18.0 0.0
0.0 18.0 0.0
13.920154 12.336505 0.0
13.920154 12.336505 0.0
13.920154 13.086505 0.0
13.920154 12.336505 0.0
15.805158 1.6705532 10.417778
15.805158 1.6705532 10.417778
3.874373 11.862224 14.438458
15.805158 1.6705532 10.417778
4.154458 0.09253836 18.738129
0.0 18.0 0.0
0.0 21.0 0.0
0.0 21.0 0.0
-16.464697 14.591565 0.0
0.0 21.0 0.0
0.0 24.0 0.0
0.0 24.0 0.0
18.410524 16.316023 0.0
0.0 24.0 0.0
0.0 27.0 0.0
