0.0 0.0 0.0
0.0 3.0 0.0
0.0 3.0 0.0
-2.1363845 3.381695 0.0
0.0 3.0 0.0
0.0 6.0 0.0
0.0 6.0 0.0
3.7386727 5.9179664 0.0
0.0 6.0 0.0
0.0 9.0 0.0
0.0 9.0 0.0
-5.6080093 8.876949 0.0
-5.6080093 8.876949 0.0
-9.1593485 1.6889386 5.0644536
-5.6080093 8.876949 0.0
-9.069878 5.4798117 2.9952161
-9.069878 5.4798117 2.9952161
-9.069878 5.813145 2.9952161
-9.069878 5.4798117 2.9952161
-8.591006 2.2372077 7.3764133
0.0 9.0 0.0
0.0 12.0 0.0
0.0 12.0 0.0
-6.7296114 10.65234 0.0
0.0 12.0 0.0
0.0 15.0 0.0
0.0 15.0 0.0
8.812586 13.949492 0.0
0.0 15.0 0.0
0.0 18.0 0.0
0.0 18.0 0.0
10.147826 16.063051 0.0
10.147826 16.063051 0.0
10.147826 16.813051 0.0
10.147826 16.063051 0.0
16.633429 10.266096 5.4199147
16.633429 10.266096 5.4199147
10.914346 2.7000444 17.348995
16.633429 10.266096 5.4199147
15.244844 3.2219157 13.465975
0.0 18.0 0.0
0.0 21.0 0.0
0.0 21.0 0.0
-12.017162 19.022034 0.0
0.0 21.0 0.0
0.0 24.0 0.0
0.0 24.0 0.0
13.352403 21.135593 0.0
0.0 24.0 0.0
0.0 27.0 0.0
