0.0 0.0 0.0
0.0 3.0 0.0
0.0 3.0 0.0
-2.7224498 2.9305747 0.0
0.0 3.0 0.0
0.0 6.0 0.0
0.0 6.0 0.0
4.764287 5.1285057 0.0
0.0 6.0 0.0
0.0 9.0 0.0
0.0 9.0 0.0
-6.5338798 7.0333796 0.0
-6.5338798 7.0333796 0.0
-7.382099 0.06254181 6.516191
-6.5338798 7.0333796 0.0
-8.702542 2.3344514 4.44704
-8.702542 2.3344514 4.44704
-8.702542 2.4544513 4.44704
-8.702542 2.3344514 4.44704
-5.06351 0.5298121 9.181154
0.0 9.0 0.0
0.0 12.0 0.0
0.0 12.0 0.0
-9.188268 9.89069 0.0
0.0 12.0 0.0
0.0 15.0 0.0
0.0 15.0 0.0
10.617555 11.429241 0.0
0.0 15.0 0.0
0.0 18.0 0.0
0.0 18.0 0.0
13.271943 14.286551 0.0
13.271943 14.286551 0.0
13.271943 14.406551 0.0
13.271943 14.286551 0.0
17.255909 4.2885313 9.03305
17.255909 4.2885313 9.03305
4.4557633 8.089255 17.873425
17.255909 4.2885313 9.03305
8.697846 -0.17925692 18.362593
0.0 18.0 0.0
0.0 21.0 0.0
0.0 21.0 0.0
-14.701229 15.825104 0.0
0.0 21.0 0.0
0.0 24.0 0.0
0.0 24.0 0.0
17.01531 18.316092 0.0
0.0 24.0 0.0
0.0 27.0 0.0
