0.0 0.0 0.0
0.0 3.0 0.0
0.0 3.0 0.0
-3.2748215 2.2968552 0.0
0.0 3.0 0.0
0.0 6.0 0.0
0.0 6.0 0.0
5.7309375 4.0194964 0.0
0.0 6.0 0.0
0.0 9.0 0.0
0.0 9.0 0.0
-8.187054 5.742138 0.0
-8.187054 5.742138 0.0
-6.6618304 0.55244875 7.6976633
-8.187054 5.742138 0.0
-7.89179 -0.20708847 6.702785
-7.89179 -0.20708847 6.702785
-7.89179 0.5429115 6.702785
-7.89179 -0.20708847 6.702785
-0.50954723 1.5251156 10.309883
0.0 9.0 0.0
0.0 12.0 0.0
0.0 12.0 0.0
-10.315688 7.235094 0.0
0.0 12.0 0.0
0.0 15.0 0.0
0.0 15.0 0.0
13.099286 9.187421 0.0
0.0 15.0 0.0
0.0 18.0 0.0
0.0 18.0 0.0
15.964755 11.197169 0.0
15.964755 11.197169 0.0
15.964755 11.530502 0.0
15.964755 11.197169 0.0
14.922329 -0.7311244 13.070431
14.922329 -0.7311244 13.070431
5.3412356 16.540785 9.579102
14.922329 -0.7311244 13.070431
-0.5948705 2.187163 19.722214
0.0 18.0 0.0
0.0 21.0 0.0
0.0 21.0 0.0
-18.011518 12.632704 0.0
0.0 21.0 0.0
0.0 24.0 0.0
0.0 24.0 0.0
20.876987 14.642452 0.0
0.0 24.0 0.0
0.0 27.0 0.0
