0.0 0.0 0.0
0.0 3.0 0.0
0.0 3.0 0.0
-3.1384048 3.2249677 0.0
0.0 3.0 0.0
0.0 6.0 0.0
0.0 6.0 0.0
4.6029935 4.7299523 0.0
0.0 6.0 0.0
0.0 9.0 0.0
0.0 9.0 0.0
-6.9742327 7.166595 0.0
-6.9742327 7.166595 0.0
-7.918826 0.025703952 6.971652
-6.9742327 7.166595 0.0
-9.626257 2.725172 4.863992
-9.626257 2.725172 4.863992
-9.626257 3.475172 4.863992
-9.626257 2.725172 4.863992
-5.45969 0.58250403 10.199402
0.0 9.0 0.0
0.0 12.0 0.0
0.0 12.0 0.0
-8.787534 9.02991 0.0
0.0 12.0 0.0
0.0 15.0 0.0
0.0 15.0 0.0
10.879804 11.179889 0.0
0.0 15.0 0.0
0.0 18.0 0.0
0.0 18.0 0.0
13.599754 13.97486 0.0
13.599754 13.97486 0.0
13.599754 14.09486 0.0
13.599754 13.97486 0.0
17.428661 3.934514 9.484785
17.428661 3.934514 9.484785
4.0212584 9.119947 17.680214
17.428661 3.934514 9.484785
7.3732123 -0.848012 18.952515
0.0 18.0 0.0
0.0 21.0 0.0
0.0 21.0 0.0
-15.343312 15.766509 0.0
0.0 21.0 0.0
0.0 24.0 0.0
0.0 24.0 0.0
17.435581 17.916487 0.0
0.0 24.0 0.0
0.0 27.0 0.0
