0.0 0.0 0.0
0.0 3.0 0.0
0.0 3.0 0.0
-2.8046982 2.2569156 0.0
0.0 3.0 0.0
0.0 6.0 0.0
0.0 6.0 0.0
5.843121 4.7019076 0.0
0.0 6.0 0.0
0.0 9.0 0.0
0.0 9.0 0.0
-7.4791956 6.0184417 0.0
-7.4791956 6.0184417 0.0
-6.3386426 0.24979365 7.306028
-7.4791956 6.0184417 0.0
-8.797036 1.0604551 5.826913
-8.797036 1.0604551 5.826913
-8.797036 1.3937885 5.826913
-8.797036 1.0604551 5.826913
-2.2167633 0.53182596 10.506634
0.0 9.0 0.0
0.0 12.0 0.0
0.0 12.0 0.0
-9.816444 7.8992047 0.0
0.0 12.0 0.0
0.0 15.0 0.0
0.0 15.0 0.0
12.854867 10.344196 0.0
0.0 15.0 0.0
0.0 18.0 0.0
0.0 18.0 0.0
14.490941 11.66073 0.0
14.490941 11.66073 0.0
14.490941 11.994063 0.0
14.490941 11.66073 0.0
15.948672 1.1730237 11.289643
15.948672 1.1730237 11.289643
4.967862 13.694561 13.164101
15.948672 1.1730237 11.289643
2.8366864 0.73854613 19.503052
0.0 18.0 0.0
0.0 21.0 0.0
0.0 21.0 0.0
-17.529364 14.105722 0.0
0.0 21.0 0.0
0.0 24.0 0.0
0.0 24.0 0.0
19.165438 15.422256 0.0
0.0 24.0 0.0
0.0 27.0 0.0
