0.0 0.0 0.0
0.0 3.0 0.0
0.0 3.0 0.0
-1.549595 4.2247787 0.0
0.0 3.0 0.0
0.0 6.0 0.0
0.0 6.0 0.0
2.2727394 6.196342 0.0
0.0 6.0 0.0
0.0 9.0 0.0
0.0 9.0 0.0
-3.4435444 9.388397 0.0
-3.4435444 9.388397 0.0
-8.289831 5.717622 2.226552
-3.4435444 9.388397 0.0
-6.7846775 9.109184 1.1857998
-6.7846775 9.109184 1.1857998
-6.7846775 9.859184 1.1857998
-6.7846775 9.109184 1.1857998
-9.250109 7.9074926 3.44961
0.0 9.0 0.0
0.0 12.0 0.0
0.0 12.0 0.0
-4.648785 12.674336 0.0
0.0 12.0 0.0
0.0 15.0 0.0
0.0 15.0 0.0
5.3719296 14.6459 0.0
0.0 15.0 0.0
0.0 18.0 0.0
0.0 18.0 0.0
6.404993 17.46242 0.0
6.404993 17.46242 0.0
6.404993 18.21242 0.0
6.404993 17.46242 0.0
11.865364 14.887024 2.2055879
11.865364 14.887024 2.2055879
15.52021 6.517557 9.354504
11.865364 14.887024 2.2055879
15.388262 11.810331 6.1565843
0.0 18.0 0.0
0.0 21.0 0.0
0.0 21.0 0.0
-7.7479753 21.123894 0.0
0.0 21.0 0.0
0.0 24.0 0.0
0.0 24.0 0.0
8.781038 23.940413 0.0
0.0 24.0 0.0
0.0 27.0 0.0
