0.0 0.0 0.0
0.0 3.0 0.0
0.0 3.0 0.0
-1.2356483 4.3270283 0.0
0.0 3.0 0.0
0.0 6.0 0.0
0.0 6.0 0.0
1.812284 6.346308 0.0
0.0 6.0 0.0
0.0 9.0 0.0
0.0 9.0 0.0
-2.6360497 9.230994 0.0
-2.6360497 9.230994 0.0
-7.171613 7.293782 1.3920126
-2.6360497 9.230994 0.0
-5.1367726 8.757103 0.7238289
-5.1367726 8.757103 0.7238289
-5.1367726 8.877103 0.7238289
-5.1367726 8.757103 0.7238289
-7.2375393 8.080353 2.106505
0.0 9.0 0.0
0.0 12.0 0.0
0.0 12.0 0.0
-3.4598153 12.11568 0.0
0.0 12.0 0.0
0.0 15.0 0.0
0.0 15.0 0.0
4.53071 15.86577 0.0
0.0 15.0 0.0
0.0 18.0 0.0
0.0 18.0 0.0
5.107346 17.885052 0.0
5.107346 17.885052 0.0
5.107346 18.005053 0.0
5.107346 17.885052 0.0
10.045171 17.291414 1.4024185
10.045171 17.291414 1.4024185
15.809529 10.672266 6.4954667
10.045171 17.291414 1.4024185
14.077397 15.522583 4.1068006
0.0 18.0 0.0
0.0 21.0 0.0
0.0 21.0 0.0
-6.040947 21.154362 0.0
0.0 21.0 0.0
0.0 24.0 0.0
0.0 24.0 0.0
6.754877 23.654423 0.0
0.0 24.0 0.0
0.0 27.0 0.0
