0.0 0.0 0.0
0.0 3.0 0.0
0.0 3.0 0.0
-2.7220569 2.3559299 0.0
0.0 3.0 0.0
0.0 6.0 0.0
0.0 6.0 0.0
5.2928886 4.5809746 0.0
0.0 6.0 0.0
0.0 9.0 0.0
0.0 9.0 0.0
-7.5612693 6.5442495 0.0
-7.5612693 6.5442495 0.0
-6.962054 0.086859345 7.483061
-7.5612693 6.5442495 0.0
-9.320754 1.5228274 5.7172794
-9.320754 1.5228274 5.7172794
-9.320754 1.6428274 5.7172794
-9.320754 1.5228274 5.7172794
-3.4483876 0.6347687 10.789204
0.0 9.0 0.0
0.0 12.0 0.0
0.0 12.0 0.0
-9.5272 8.245755 0.0
0.0 12.0 0.0
0.0 15.0 0.0
0.0 15.0 0.0
12.098031 10.470799 0.0
0.0 15.0 0.0
0.0 18.0 0.0
0.0 18.0 0.0
14.063961 12.172304 0.0
14.063961 12.172304 0.0
14.063961 12.292304 0.0
14.063961 12.172304 0.0
16.361198 1.9882512 10.63414
16.361198 1.9882512 10.63414
4.144029 12.405082 14.666439
16.361198 1.9882512 10.63414
3.7020164 -0.32233357 19.33039
0.0 18.0 0.0
0.0 21.0 0.0
0.0 21.0 0.0
-16.332342 14.135579 0.0
0.0 21.0 0.0
0.0 24.0 0.0
0.0 24.0 0.0
18.903173 16.360624 0.0
0.0 24.0 0.0
0.0 27.0 0.0
