0.0 0.0 0.0
0.0 3.0 0.0
0.0 3.0 0.0
-1.2559592 4.3211765 0.0
0.0 3.0 0.0
0.0 6.0 0.0
0.0 6.0 0.0
1.9537141 6.7218304 0.0
0.0 6.0 0.0
0.0 9.0 0.0
0.0 9.0 0.0
-2.7910204 9.602614 0.0
-2.7910204 9.602614 0.0
-7.314991 7.124998 1.4960479
-2.7910204 9.602614 0.0
-5.532817 9.433258 0.7789794
-5.532817 9.433258 0.7789794
-5.532817 10.183258 0.7789794
-5.532817 9.433258 0.7789794
-7.8049903 8.596481 2.2922444
0.0 9.0 0.0
0.0 12.0 0.0
0.0 12.0 0.0
-3.7678773 12.96353 0.0
0.0 12.0 0.0
0.0 15.0 0.0
0.0 15.0 0.0
4.6051836 15.844315 0.0
0.0 15.0 0.0
0.0 18.0 0.0
0.0 18.0 0.0
5.191298 17.860863 0.0
5.191298 17.860863 0.0
5.191298 17.980864 0.0
5.191298 17.860863 0.0
10.051012 16.720036 1.4489018
10.051012 16.720036 1.4489018
15.871837 10.616371 6.6107306
10.051012 16.720036 1.4489018
13.964987 14.915084 4.1965823
0.0 18.0 0.0
0.0 21.0 0.0
0.0 21.0 0.0
-6.2797956 21.605883 0.0
0.0 21.0 0.0
0.0 24.0 0.0
0.0 24.0 0.0
6.9775505 24.006536 0.0
0.0 24.0 0.0
0.0 27.0 0.0
