0.0 0.0 0.0
0.0 3.0 0.0
0.0 3.0 0.0
-2.0826828 3.4150302 0.0
0.0 3.0 0.0
0.0 6.0 0.0
0.0 6.0 0.0
3.9050303 6.4031816 0.0
0.0 6.0 0.0
0.0 9.0 0.0
0.0 9.0 0.0
-4.998439 8.196073 0.0
-4.998439 8.196073 0.0
-8.441026 1.7727063 4.4438777
-4.998439 8.196073 0.0
-8.6918335 6.056156 2.6025407
-8.6918335 6.056156 2.6025407
-8.6918335 6.806156 2.6025407
-8.6918335 6.056156 2.6025407
-8.644261 2.5245364 6.7475224
0.0 9.0 0.0
0.0 12.0 0.0
0.0 12.0 0.0
-6.560451 10.757345 0.0
0.0 12.0 0.0
0.0 15.0 0.0
0.0 15.0 0.0
8.122463 13.318618 0.0
0.0 15.0 0.0
0.0 18.0 0.0
0.0 18.0 0.0
9.892743 16.221394 0.0
9.892743 16.221394 0.0
9.892743 16.971394 0.0
9.892743 16.221394 0.0
16.177515 10.305308 5.1508617
16.177515 10.305308 5.1508617
10.562746 2.2596252 16.740757
16.177515 10.305308 5.1508617
15.648806 4.283924 12.820745
0.0 18.0 0.0
0.0 21.0 0.0
0.0 21.0 0.0
-11.715091 19.209545 0.0
0.0 21.0 0.0
0.0 24.0 0.0
0.0 24.0 0.0
12.808499 21.002436 0.0
0.0 24.0 0.0
0.0 27.0 0.0
