0.0 0.0 0.0
0.0 3.0 0.0
0.0 3.0 0.0
-3.8419776 2.3429058 0.0
0.0 3.0 0.0
0.0 6.0 0.0
0.0 6.0 0.0
5.97641 3.6445203 0.0
0.0 6.0 0.0
0.0 9.0 0.0
0.0 9.0 0.0
-8.196219 4.9981995 0.0
-8.196219 4.9981995 0.0
-6.268405 0.9928405 7.2866554
-8.196219 4.9981995 0.0
-7.342865 -0.52039075 6.9977093
-7.342865 -0.52039075 6.9977093
-7.342865 -0.1870574 6.9977093
-7.342865 -0.52039075 6.9977093
0.28376526 2.3468554 9.912466
0.0 9.0 0.0
0.0 12.0 0.0
0.0 12.0 0.0
-11.099047 6.7683945 0.0
0.0 12.0 0.0
0.0 15.0 0.0
0.0 15.0 0.0
13.318856 8.122074 0.0
0.0 15.0 0.0
0.0 18.0 0.0
0.0 18.0 0.0
16.64857 10.152592 0.0
16.64857 10.152592 0.0
16.64857 10.272592 0.0
16.64857 10.152592 0.0
14.03474 -1.5939593 14.214096
14.03474 -1.5939593 14.214096
7.977621 17.333563 5.969246
14.03474 -1.5939593 14.214096
-2.594148 4.073506 19.382988
0.0 18.0 0.0
0.0 21.0 0.0
0.0 21.0 0.0
-18.783003 11.454206 0.0
0.0 21.0 0.0
0.0 24.0 0.0
0.0 24.0 0.0
21.771208 13.276466 0.0
0.0 24.0 0.0
0.0 27.0 0.0
