0.0 0.0 0.0
0.0 3.0 0.0
0.0 3.0 0.0
-3.3913724 2.1209888 0.0
0.0 3.0 0.0
0.0 6.0 0.0
0.0 6.0 0.0
5.9349017 3.7117305 0.0
0.0 6.0 0.0
0.0 9.0 0.0
0.0 9.0 0.0
-8.478431 5.302472 0.0
-8.478431 5.302472 0.0
-7.066106 0.6874852 7.6232357
-8.478431 5.302472 0.0
-8.151243 -0.20462608 7.1883793
-8.151243 -0.20462608 7.1883793
-8.151243 -0.084626086 7.1883793
-8.151243 -0.20462608 7.1883793
0.6046183 1.7124002 10.722593
0.0 9.0 0.0
0.0 12.0 0.0
0.0 12.0 0.0
-11.445882 7.1583376 0.0
0.0 12.0 0.0
0.0 15.0 0.0
0.0 15.0 0.0
13.989411 8.749079 0.0
0.0 15.0 0.0
0.0 18.0 0.0
0.0 18.0 0.0
16.109018 10.0746975 0.0
16.109018 10.0746975 0.0
16.109018 10.194697 0.0
16.109018 10.0746975 0.0
13.918852 -1.3697472 13.65792
13.918852 -1.3697472 13.65792
7.4838457 16.790321 6.537156
13.918852 -1.3697472 13.65792
-2.8793135 3.1522255 19.043076
0.0 18.0 0.0
0.0 21.0 0.0
0.0 21.0 0.0
-19.07647 11.930562 0.0
0.0 21.0 0.0
0.0 24.0 0.0
0.0 24.0 0.0
21.619999 13.521304 0.0
0.0 24.0 0.0
0.0 27.0 0.0
