0.0 0.0 0.0
0.0 3.0 0.0
0.0 3.0 0.0
-1.8776914 3.531894 0.0
0.0 3.0 0.0
0.0 6.0 0.0
0.0 6.0 0.0
3.28596 6.1808143 0.0
0.0 6.0 0.0
0.0 9.0 0.0
0.0 9.0 0.0
-4.5064597 8.476546 0.0
-4.5064597 8.476546 0.0
-8.712793 2.8378832 3.7357464
-4.5064597 8.476546 0.0
-8.196645 6.9411526 2.1154351
-8.196645 6.9411526 2.1154351
-8.196645 7.0611525 2.1154351
-8.196645 6.9411526 2.1154351
-9.476098 4.522056 5.7155657
0.0 9.0 0.0
0.0 12.0 0.0
0.0 12.0 0.0
-5.914728 11.125466 0.0
0.0 12.0 0.0
0.0 15.0 0.0
0.0 15.0 0.0
7.5107656 14.127576 0.0
0.0 15.0 0.0
0.0 18.0 0.0
0.0 18.0 0.0
9.153746 17.217983 0.0
9.153746 17.217983 0.0
9.153746 17.337984 0.0
9.153746 17.217983 0.0
15.923295 12.733366 4.2969775
15.923295 12.733366 4.2969775
14.165955 3.1113544 15.60326
15.923295 12.733366 4.2969775
17.080183 6.4730563 11.268876
0.0 18.0 0.0
0.0 21.0 0.0
0.0 21.0 0.0
-10.562014 19.866903 0.0
0.0 21.0 0.0
0.0 24.0 0.0
0.0 24.0 0.0
11.547802 21.721148 0.0
0.0 24.0 0.0
0.0 27.0 0.0
