0.0 0.0 0.0
0.0 3.0 0.0
0.0 3.0 0.0
-2.5859945 2.5045223 0.0
0.0 3.0 0.0
0.0 6.0 0.0
0.0 6.0 0.0
4.7409897 4.5916243 0.0
0.0 6.0 0.0
0.0 9.0 0.0
0.0 9.0 0.0
-7.183318 6.9570065 0.0
-7.183318 6.9570065 0.0
-7.0807376 0.003284365 7.179639
-7.183318 6.9570065 0.0
-9.1924925 1.9458752 5.160006
-9.1924925 1.9458752 5.160006
-9.1924925 2.065875 5.160006
-9.1924925 1.9458752 5.160006
-3.9865952 0.118121386 10.193079
0.0 9.0 0.0
0.0 12.0 0.0
0.0 12.0 0.0
-9.338314 9.044108 0.0
0.0 12.0 0.0
0.0 15.0 0.0
0.0 15.0 0.0
11.2059765 10.85293 0.0
0.0 15.0 0.0
0.0 18.0 0.0
0.0 18.0 0.0
13.360972 12.940032 0.0
13.360972 12.940032 0.0
13.360972 13.060032 0.0
13.360972 12.940032 0.0
16.480272 3.0210247 9.597611
16.480272 3.0210247 9.597611
3.6764948 10.007557 16.164698
16.480272 3.0210247 9.597611
6.4276896 -0.13826251 18.515368
0.0 18.0 0.0
0.0 21.0 0.0
0.0 21.0 0.0
-15.8033 15.305414 0.0
0.0 21.0 0.0
0.0 24.0 0.0
0.0 24.0 0.0
18.317461 17.740366 0.0
0.0 24.0 0.0
0.0 27.0 0.0
