0.0 0.0 0.0
0.0 3.0 0.0
0.0 3.0 0.0
-1.3183221 3.349929 0.0
0.0 3.0 0.0
0.0 6.0 0.0
0.0 6.0 0.0
2.563404 6.5137515 0.0
0.0 6.0 0.0
0.0 9.0 0.0
0.0 9.0 0.0
-3.8451064 9.770627 0.0
-3.8451064 9.770627 0.0
-8.799858 5.3202085 2.6205387
-3.8451064 9.770627 0.0
-7.4567766 9.177454 1.4080802
-7.4567766 9.177454 1.4080802
-7.4567766 9.510787 1.4080802
-7.4567766 9.177454 1.4080802
-9.557489 6.746108 4.040945
0.0 9.0 0.0
0.0 12.0 0.0
0.0 12.0 0.0
-4.943708 12.562235 0.0
0.0 12.0 0.0
0.0 15.0 0.0
0.0 15.0 0.0
5.8592095 14.888575 0.0
0.0 15.0 0.0
0.0 18.0 0.0
0.0 18.0 0.0
7.1409116 18.14545 0.0
7.1409116 18.14545 0.0
7.1409116 18.265451 0.0
7.1409116 18.14545 0.0
13.37747 15.847441 2.615006
13.37747 15.847441 2.615006
16.887354 6.3837748 11.030736
13.37747 15.847441 2.615006
16.861958 11.469284 7.3321943
0.0 18.0 0.0
0.0 21.0 0.0
0.0 21.0 0.0
-8.056413 20.47179 0.0
0.0 21.0 0.0
0.0 24.0 0.0
0.0 24.0 0.0
9.155015 23.263397 0.0
0.0 24.0 0.0
0.0 27.0 0.0
