0.0 0.0 0.0
0.0 3.0 0.0
0.0 3.0 0.0
-1.7646854 3.1378155 0.0
0.0 3.0 0.0
0.0 6.0 0.0
0.0 6.0 0.0
3.4313326 6.101308 0.0
0.0 6.0 0.0
0.0 9.0 0.0
0.0 9.0 0.0
-5.146999 9.151962 0.0
-5.146999 9.151962 0.0
-9.494008 2.64238 4.3981876
-5.146999 9.151962 0.0
-8.886639 6.6495132 2.5230093
-8.886639 6.6495132 2.5230093
-8.886639 7.3995132 2.5230093
-8.886639 6.6495132 2.5230093
-9.423042 3.4767962 6.5552387
0.0 9.0 0.0
0.0 12.0 0.0
0.0 12.0 0.0
-6.176399 10.982354 0.0
0.0 12.0 0.0
0.0 15.0 0.0
0.0 15.0 0.0
7.6469703 13.5972 0.0
0.0 15.0 0.0
0.0 18.0 0.0
0.0 18.0 0.0
9.313618 16.560692 0.0
9.313618 16.560692 0.0
9.313618 17.310692 0.0
9.313618 16.560692 0.0
15.928857 11.762665 4.565446
15.928857 11.762665 4.565446
12.425177 2.4356942 15.9828615
15.928857 11.762665 4.565446
16.40688 5.415427 11.787485
0.0 18.0 0.0
0.0 21.0 0.0
0.0 21.0 0.0
-11.029284 19.611347 0.0
0.0 21.0 0.0
0.0 24.0 0.0
0.0 24.0 0.0
12.058683 21.44174 0.0
0.0 24.0 0.0
0.0 27.0 0.0
