0.0 0.0 0.0
0.0 3.0 0.0
0.0 3.0 0.0
-3.1765096 2.4310052 0.0
0.0 3.0 0.0
0.0 6.0 0.0
0.0 6.0 0.0
5.558892 4.254259 0.0
0.0 6.0 0.0
0.0 9.0 0.0
0.0 9.0 0.0
-7.941274 6.077513 0.0
-7.941274 6.077513 0.0
-6.524351 0.38353145 7.665426
-7.941274 6.077513 0.0
-8.950713 0.77253103 6.3063836
-8.950713 0.77253103 6.3063836
-8.950713 1.522531 6.3063836
-8.950713 0.77253103 6.3063836
-1.3523524 0.49130452 10.94072
0.0 9.0 0.0
0.0 12.0 0.0
0.0 12.0 0.0
-10.72072 8.204642 0.0
0.0 12.0 0.0
0.0 15.0 0.0
0.0 15.0 0.0
12.706038 9.724021 0.0
0.0 15.0 0.0
0.0 18.0 0.0
0.0 18.0 0.0
15.088421 11.547275 0.0
15.088421 11.547275 0.0
15.088421 11.880608 0.0
15.088421 11.547275 0.0
15.537218 0.3434682 11.982128
15.537218 0.3434682 11.982128
4.5299296 14.96157 11.866866
15.537218 0.3434682 11.982128
1.0227793 0.8741257 19.620686
0.0 18.0 0.0
0.0 21.0 0.0
0.0 21.0 0.0
-17.153152 13.127428 0.0
0.0 21.0 0.0
0.0 24.0 0.0
0.0 24.0 0.0
19.853186 15.193783 0.0
0.0 24.0 0.0
0.0 27.0 0.0
