0.0 0.0 0.0
0.0 3.0 0.0
0.0 3.0 0.0
-2.6729572 2.9757857 0.0
0.0 3.0 0.0
0.0 6.0 0.0
0.0 6.0 0.0
4.6776752 5.207625 0.0
0.0 6.0 0.0
0.0 9.0 0.0
0.0 9.0 0.0
-7.0165124 7.8114376 0.0
-7.0165124 7.8114376 0.0
-7.9661784 0.102116525 6.976297
-7.0165124 7.8114376 0.0
-9.7714815 3.0670893 4.6887093
-9.7714815 3.0670893 4.6887093
-9.7714815 3.8170893 4.6887093
-9.7714815 3.0670893 4.6887093
-6.129079 0.6336453 10.017837
0.0 9.0 0.0
0.0 12.0 0.0
0.0 12.0 0.0
-8.419815 9.373725 0.0
0.0 12.0 0.0
0.0 15.0 0.0
0.0 15.0 0.0
11.025949 12.275116 0.0
0.0 15.0 0.0
0.0 18.0 0.0
0.0 18.0 0.0
12.429251 13.837404 0.0
12.429251 13.837404 0.0
12.429251 14.170737 0.0
12.429251 13.837404 0.0
17.128103 5.2312007 8.305714
17.128103 5.2312007 8.305714
4.8455243 6.9849825 17.917917
17.128103 5.2312007 8.305714
9.24724 -0.46800137 17.624678
0.0 18.0 0.0
0.0 21.0 0.0
0.0 21.0 0.0
-14.701264 16.366821 0.0
0.0 21.0 0.0
0.0 24.0 0.0
0.0 24.0 0.0
16.705982 18.598661 0.0
0.0 24.0 0.0
0.0 27.0 0.0
