0.0 0.0 0.0
0.0 3.0 0.0
0.0 3.0 0.0
-1.9070948 4.0759034 0.0
0.0 3.0 0.0
0.0 6.0 0.0
0.0 6.0 0.0
2.966592 6.3402944 0.0
0.0 6.0 0.0
0.0 9.0 0.0
0.0 9.0 0.0
-4.068469 8.695261 0.0
-4.068469 8.695261 0.0
-8.601961 3.7839627 3.1234329
-4.068469 8.695261 0.0
-7.4465904 7.219828 1.7242125
-7.4465904 7.219828 1.7242125
-7.4465904 7.339828 1.7242125
-7.4465904 7.219828 1.7242125
-8.761323 4.5341 4.717573
0.0 9.0 0.0
0.0 12.0 0.0
0.0 12.0 0.0
-5.3398657 11.41253 0.0
0.0 12.0 0.0
0.0 15.0 0.0
0.0 15.0 0.0
6.6112623 14.1298 0.0
0.0 15.0 0.0
0.0 18.0 0.0
0.0 18.0 0.0
8.264078 17.662249 0.0
8.264078 17.662249 0.0
8.264078 18.412249 0.0
8.264078 17.662249 0.0
14.519325 13.368911 3.502307
14.519325 13.368911 3.502307
14.758293 3.701766 13.390973
14.519325 13.368911 3.502307
16.868612 8.523277 9.32551
0.0 18.0 0.0
0.0 21.0 0.0
0.0 21.0 0.0
-9.535475 20.379519 0.0
0.0 21.0 0.0
0.0 24.0 0.0
0.0 24.0 0.0
10.80687 23.096786 0.0
0.0 24.0 0.0
0.0 27.0 0.0
