0.0 0.0 0.0
0.0 3.0 0.0
0.0 3.0 0.0
-1.1503762 3.8310096 0.0
0.0 3.0 0.0
0.0 6.0 0.0
0.0 6.0 0.0
2.0131583 6.704267 0.0
0.0 6.0 0.0
0.0 9.0 0.0
0.0 9.0 0.0
-2.8759406 9.577524 0.0
-2.8759406 9.577524 0.0
-7.692465 7.2968974 1.5843204
-2.8759406 9.577524 0.0
-5.565066 8.955389 0.8271034
-5.565066 8.955389 0.8271034
-5.565066 9.288722 0.8271034
-5.565066 8.955389 0.8271034
-7.6250296 7.687244 2.39264
0.0 9.0 0.0
0.0 12.0 0.0
0.0 12.0 0.0
-3.7387226 12.450781 0.0
0.0 12.0 0.0
0.0 15.0 0.0
0.0 15.0 0.0
4.601505 15.3240385 0.0
0.0 15.0 0.0
0.0 18.0 0.0
0.0 18.0 0.0
5.3492494 17.814196 0.0
5.3492494 17.814196 0.0
5.3492494 18.14753 0.0
5.3492494 17.814196 0.0
10.317661 16.545923 1.5384123
10.317661 16.545923 1.5384123
16.007298 10.158051 6.9678
10.317661 16.545923 1.5384123
13.971604 13.706855 4.4407163
0.0 18.0 0.0
0.0 21.0 0.0
0.0 21.0 0.0
-6.2120314 20.687452 0.0
0.0 21.0 0.0
0.0 24.0 0.0
0.0 24.0 0.0
7.074814 23.560709 0.0
0.0 24.0 0.0
0.0 27.0 0.0
