0.0 0.0 0.0
0.0 3.0 0.0
0.0 3.0 0.0
-2.842734 2.8140476 0.0
0.0 3.0 0.0
0.0 6.0 0.0
0.0 6.0 0.0
4.690511 4.6431785 0.0
0.0 6.0 0.0
0.0 9.0 0.0
0.0 9.0 0.0
-7.1068354 7.035119 0.0
-7.1068354 7.035119 0.0
-7.7854495 -0.0068829134 7.1064696
-7.1068354 7.035119 0.0
-9.583147 2.4513226 5.0507107
-9.583147 2.4513226 5.0507107
-9.583147 3.2013226 5.0507107
-9.583147 2.4513226 5.0507107
-5.0258913 0.5394428 10.363819
0.0 9.0 0.0
0.0 12.0 0.0
0.0 12.0 0.0
-8.954613 8.86425 0.0
0.0 12.0 0.0
0.0 15.0 0.0
0.0 15.0 0.0
11.086663 10.974786 0.0
0.0 15.0 0.0
0.0 18.0 0.0
0.0 18.0 0.0
13.858329 13.718482 0.0
13.858329 13.718482 0.0
13.858329 14.468482 0.0
13.858329 13.718482 0.0
17.319073 3.425819 9.848886
17.319073 3.425819 9.848886
3.8606234 9.985389 17.218294
17.319073 3.425819 9.848886
7.1482196 -0.21933222 19.237186
0.0 18.0 0.0
0.0 21.0 0.0
0.0 21.0 0.0
-15.350764 15.195857 0.0
0.0 21.0 0.0
0.0 24.0 0.0
0.0 24.0 0.0
17.767088 17.587797 0.0
0.0 24.0 0.0
0.0 27.0 0.0
