0.0 0.0 0.0
0.0 3.0 0.0
0.0 3.0 0.0
-2.3900034 3.8128574 0.0
0.0 3.0 0.0
0.0 6.0 0.0
0.0 6.0 0.0
3.9833393 6.3547626 0.0
0.0 6.0 0.0
0.0 9.0 0.0
0.0 9.0 0.0
-5.311119 8.473017 0.0
-5.311119 8.473017 0.0
-8.742805 1.6618075 4.780135
-5.311119 8.473017 0.0
-8.631746 5.297515 2.8207986
-8.631746 5.297515 2.8207986
-8.631746 5.417515 2.8207986
-8.631746 5.297515 2.8207986
-8.0597515 1.9082751 6.97449
0.0 9.0 0.0
0.0 12.0 0.0
0.0 12.0 0.0
-6.9044547 11.014921 0.0
0.0 12.0 0.0
0.0 15.0 0.0
0.0 15.0 0.0
8.49779 13.556827 0.0
0.0 15.0 0.0
0.0 18.0 0.0
0.0 18.0 0.0
10.091126 16.098732 0.0
10.091126 16.098732 0.0
10.091126 16.848732 0.0
10.091126 16.098732 0.0
16.113518 9.607737 5.359517
16.113518 9.607737 5.359517
10.280724 2.5349627 16.838448
16.113518 9.607737 5.359517
14.577822 2.9095683 13.099209
0.0 18.0 0.0
0.0 21.0 0.0
0.0 21.0 0.0
-11.950018 19.064287 0.0
0.0 21.0 0.0
0.0 24.0 0.0
0.0 24.0 0.0
13.277798 21.18254 0.0
0.0 24.0 0.0
0.0 27.0 0.0
