0.0 0.0 0.0
0.0 3.0 0.0
0.0 3.0 0.0
-2.0217338 2.97869 0.0
0.0 3.0 0.0
0.0 6.0 0.0
0.0 6.0 0.0
3.931149 5.791897 0.0
0.0 6.0 0.0
0.0 9.0 0.0
0.0 9.0 0.0
-5.6159267 8.274138 0.0
-5.6159267 8.274138 0.0
-9.152098 1.4049242 5.2191005
-5.6159267 8.274138 0.0
-8.828392 4.733035 3.1538634
-8.828392 4.733035 3.1538634
-8.828392 5.483035 3.1538634
-8.828392 4.733035 3.1538634
-7.5735264 1.3050277 7.5675106
0.0 9.0 0.0
0.0 12.0 0.0
0.0 12.0 0.0
-7.300705 10.75638 0.0
0.0 12.0 0.0
0.0 15.0 0.0
0.0 15.0 0.0
8.760846 12.907657 0.0
0.0 15.0 0.0
0.0 18.0 0.0
0.0 18.0 0.0
10.951057 16.134571 0.0
10.951057 16.134571 0.0
10.951057 16.467905 0.0
10.951057 16.134571 0.0
16.895258 8.757793 6.150034
16.895258 8.757793 6.150034
9.028968 3.0247493 17.972185
16.895258 8.757793 6.150034
14.188896 2.1626582 14.576878
0.0 18.0 0.0
0.0 21.0 0.0
0.0 21.0 0.0
-12.635836 18.616812 0.0
0.0 21.0 0.0
0.0 24.0 0.0
0.0 24.0 0.0
14.039818 20.685347 0.0
0.0 24.0 0.0
0.0 27.0 0.0
