0.0 0.0 0.0
0.0 3.0 0.0
0.0 3.0 0.0
-2.6303332 3.0135274 0.0
0.0 3.0 0.0
0.0 6.0 0.0
0.0 6.0 0.0
4.9318748 5.650364 0.0
0.0 6.0 0.0
0.0 9.0 0.0
0.0 9.0 0.0
-6.9046245 7.9105096 0.0
-6.9046245 7.9105096 0.0
-8.707179 0.24590534 6.841258
-6.9046245 7.9105096 0.0
-9.778358 3.2923868 4.5403657
-9.778358 3.2923868 4.5403657
-9.778358 3.4123867 4.5403657
-9.778358 3.2923868 4.5403657
-6.4520874 0.72951365 9.850714
0.0 9.0 0.0
0.0 12.0 0.0
0.0 12.0 0.0
-8.877375 10.170655 0.0
0.0 12.0 0.0
0.0 15.0 0.0
0.0 15.0 0.0
10.2583 11.752757 0.0
0.0 15.0 0.0
0.0 18.0 0.0
0.0 18.0 0.0
12.23105 14.012902 0.0
12.23105 14.012902 0.0
12.23105 14.762902 0.0
12.23105 14.012902 0.0
17.143177 5.627738 8.042933
17.143177 5.627738 8.042933
5.5552483 6.4621034 18.072998
17.143177 5.627738 8.042933
9.840893 -0.32316828 17.332466
0.0 18.0 0.0
0.0 21.0 0.0
0.0 21.0 0.0
-14.466832 16.5744 0.0
0.0 21.0 0.0
0.0 24.0 0.0
0.0 24.0 0.0
16.17655 18.533194 0.0
0.0 24.0 0.0
0.0 27.0 0.0
