0.0 0.0 0.0
0.0 3.0 0.0
0.0 3.0 0.0
-1.818421 4.1162295 0.0
0.0 3.0 0.0
0.0 6.0 0.0
0.0 6.0 0.0
2.828655 6.4030237 0.0
0.0 6.0 0.0
0.0 9.0 0.0
0.0 9.0 0.0
-4.0409355 9.147177 0.0
-4.0409355 9.147177 0.0
-8.683406 4.228965 2.9873145
-4.0409355 9.147177 0.0
-7.481494 7.788145 1.632916
-7.481494 7.788145 1.632916
-7.481494 7.908145 1.632916
-7.481494 7.788145 1.632916
-9.045847 5.1740303 4.516881
0.0 9.0 0.0
0.0 12.0 0.0
0.0 12.0 0.0
-5.091579 11.525443 0.0
0.0 12.0 0.0
0.0 15.0 0.0
0.0 15.0 0.0
6.3038597 14.269596 0.0
0.0 15.0 0.0
0.0 18.0 0.0
0.0 18.0 0.0
7.5161405 17.013748 0.0
7.5161405 17.013748 0.0
7.5161405 17.763748 0.0
7.5161405 17.013748 0.0
13.568058 13.699291 3.037224
13.568058 13.699291 3.037224
14.857044 4.2114 12.075682
13.568058 13.699291 3.037224
16.37179 9.383831 8.260967
0.0 18.0 0.0
0.0 21.0 0.0
0.0 21.0 0.0
-8.728421 19.757902 0.0
0.0 21.0 0.0
0.0 24.0 0.0
0.0 24.0 0.0
10.102339 22.867943 0.0
0.0 24.0 0.0
0.0 27.0 0.0
