0.0 0.0 0.0
0.0 3.0 0.0
0.0 3.0 0.0
-1.9443079 4.058284 0.0
0.0 3.0 0.0
0.0 6.0 0.0
0.0 6.0 0.0
2.8516517 5.9521494 0.0
0.0 6.0 0.0
0.0 9.0 0.0
0.0 9.0 0.0
-4.5367184 9.469329 0.0
-4.5367184 9.469329 0.0
-9.420783 3.9271975 3.5355277
-4.5367184 9.469329 0.0
-8.040429 7.3131676 1.9601728
-8.040429 7.3131676 1.9601728
-8.040429 7.4331675 1.9601728
-8.040429 7.3131676 1.9601728
-9.194652 4.3693395 5.2417793
0.0 9.0 0.0
0.0 12.0 0.0
0.0 12.0 0.0
-5.6168895 11.72393 0.0
0.0 12.0 0.0
0.0 15.0 0.0
0.0 15.0 0.0
6.913095 14.429453 0.0
0.0 15.0 0.0
0.0 18.0 0.0
0.0 18.0 0.0
8.425335 17.585896 0.0
8.425335 17.585896 0.0
8.425335 18.335896 0.0
8.425335 17.585896 0.0
15.098881 13.929448 3.6403213
15.098881 13.929448 3.6403213
15.5910425 4.0360603 14.047916
15.098881 13.929448 3.6403213
17.31224 8.260189 9.80674
0.0 18.0 0.0
0.0 21.0 0.0
0.0 21.0 0.0
-9.7215395 20.291418 0.0
0.0 21.0 0.0
0.0 24.0 0.0
0.0 24.0 0.0
10.801711 22.54602 0.0
0.0 24.0 0.0
0.0 27.0 0.0
