0.0 0.0 0.0
0.0 3.0 0.0
0.0 3.0 0.0
-1.1628556 3.82724 0.0
0.0 3.0 0.0
0.0 6.0 0.0
0.0 6.0 0.0
1.9187118 6.3149457 0.0
0.0 6.0 0.0
0.0 9.0 0.0
0.0 9.0 0.0
-3.052496 10.046505 0.0
-3.052496 10.046505 0.0
-7.882256 7.2142277 1.6981522
-3.052496 10.046505 0.0
-6.005888 9.72033 0.887403
-6.005888 9.72033 0.887403
-6.005888 9.84033 0.887403
-6.005888 9.72033 0.887403
-8.5133705 9.140138 2.5950713
0.0 9.0 0.0
0.0 12.0 0.0
0.0 12.0 0.0
-3.9246378 12.916935 0.0
0.0 12.0 0.0
0.0 15.0 0.0
0.0 15.0 0.0
4.535137 14.926236 0.0
0.0 15.0 0.0
0.0 18.0 0.0
0.0 18.0 0.0
5.668921 18.657795 0.0
5.668921 18.657795 0.0
5.668921 18.991129 0.0
5.668921 18.657795 0.0
10.904608 17.23192 1.6480342
10.904608 17.23192 1.6480342
16.77154 10.4114895 7.4358754
10.904608 17.23192 1.6480342
14.824867 14.550562 4.746977
0.0 18.0 0.0
0.0 21.0 0.0
0.0 21.0 0.0
-6.2794204 20.667097 0.0
0.0 21.0 0.0
0.0 24.0 0.0
0.0 24.0 0.0
7.2678475 23.92025 0.0
0.0 24.0 0.0
0.0 27.0 0.0
