0.0 0.0 0.0
0.0 3.0 0.0
0.0 3.0 0.0
-1.6978782 3.1744618 0.0
0.0 3.0 0.0
0.0 6.0 0.0
0.0 6.0 0.0
3.5372465 6.6134624 0.0
0.0 6.0 0.0
0.0 9.0 0.0
0.0 9.0 0.0
-4.7163286 8.81795 0.0
-4.7163286 8.81795 0.0
-8.887693 2.7839866 3.9228866
-4.7163286 8.81795 0.0
-8.5335245 7.1368737 2.2243755
-8.5335245 7.1368737 2.2243755
-8.5335245 7.470207 2.2243755
-8.5335245 7.1368737 2.2243755
-9.547884 4.120887 5.9861336
0.0 9.0 0.0
0.0 12.0 0.0
0.0 12.0 0.0
-6.1312275 11.463335 0.0
0.0 12.0 0.0
0.0 15.0 0.0
0.0 15.0 0.0
7.546126 14.10872 0.0
0.0 15.0 0.0
0.0 18.0 0.0
0.0 18.0 0.0
9.196841 17.195002 0.0
9.196841 17.195002 0.0
9.196841 17.528336 0.0
9.196841 17.195002 0.0
15.968295 12.660344 4.3375325
15.968295 12.660344 4.3375325
13.548328 2.722436 15.689774
15.968295 12.660344 4.3375325
17.055105 6.3695025 11.355988
0.0 18.0 0.0
0.0 21.0 0.0
0.0 21.0 0.0
-10.375923 19.39949 0.0
0.0 21.0 0.0
0.0 24.0 0.0
0.0 24.0 0.0
12.026638 22.485773 0.0
0.0 24.0 0.0
0.0 27.0 0.0
