0.0 0.0 0.0
0.0 3.0 0.0
0.0 3.0 0.0
-2.3640866 2.7149756 0.0
0.0 3.0 0.0
0.0 6.0 0.0
0.0 6.0 0.0
4.334159 4.9774556 0.0
0.0 6.0 0.0
0.0 9.0 0.0
0.0 9.0 0.0
-6.895253 7.918679 0.0
-6.895253 7.918679 0.0
-8.304008 0.19558209 6.8297462
-6.895253 7.918679 0.0
-10.106885 3.688317 4.528049
-10.106885 3.688317 4.528049
-10.106885 4.0216503 4.528049
-10.106885 3.688317 4.528049
-6.912968 0.86007595 10.051971
0.0 9.0 0.0
0.0 12.0 0.0
0.0 12.0 0.0
-8.53698 9.804079 0.0
0.0 12.0 0.0
0.0 15.0 0.0
0.0 15.0 0.0
10.835398 12.443639 0.0
0.0 15.0 0.0
0.0 18.0 0.0
0.0 18.0 0.0
12.80547 14.706119 0.0
12.80547 14.706119 0.0
12.80547 15.039452 0.0
12.80547 14.706119 0.0
17.33459 5.201354 8.409234
17.33459 5.201354 8.409234
5.0772104 6.7074995 18.3263
17.33459 5.201354 8.409234
10.095219 0.09536028 17.725372
0.0 18.0 0.0
0.0 21.0 0.0
0.0 21.0 0.0
-14.775542 16.968597 0.0
0.0 21.0 0.0
0.0 24.0 0.0
0.0 24.0 0.0
16.745615 19.23108 0.0
0.0 24.0 0.0
0.0 27.0 0.0
