0.0 0.0 0.0
0.0 3.0 0.0
0.0 3.0 0.0
-2.0345616 2.9699423 0.0
0.0 3.0 0.0
0.0 6.0 0.0
0.0 6.0 0.0
3.7300298 5.4448943 0.0
0.0 6.0 0.0
0.0 9.0 0.0
0.0 9.0 0.0
-5.6515603 8.24984 0.0
-5.6515603 8.24984 0.0
-8.5421095 1.1196461 5.2700205
-5.6515603 8.24984 0.0
-8.847984 4.665967 3.1940134
-8.847984 4.665967 3.1940134
-8.847984 5.415967 3.1940134
-8.847984 4.665967 3.1940134
-7.508827 1.2391849 7.635502
0.0 9.0 0.0
0.0 12.0 0.0
0.0 12.0 0.0
-7.1209664 10.394799 0.0
0.0 12.0 0.0
0.0 15.0 0.0
0.0 15.0 0.0
9.042497 13.199744 0.0
0.0 15.0 0.0
0.0 18.0 0.0
0.0 18.0 0.0
10.737965 15.674696 0.0
10.737965 15.674696 0.0
10.737965 15.794696 0.0
10.737965 15.674696 0.0
16.505987 8.419845 6.0686255
16.505987 8.419845 6.0686255
8.271684 2.8790908 17.58363
16.505987 8.419845 6.0686255
13.7281685 2.01372 14.334978
0.0 18.0 0.0
0.0 21.0 0.0
0.0 21.0 0.0
-12.716011 18.56214 0.0
0.0 21.0 0.0
0.0 24.0 0.0
0.0 24.0 0.0
14.411479 21.037092 0.0
0.0 24.0 0.0
0.0 27.0 0.0
