0.0 0.0 0.0
0.0 3.0 0.0
0.0 3.0 0.0
-2.4697404 3.1464872 0.0
0.0 3.0 0.0
0.0 6.0 0.0
0.0 6.0 0.0
4.322046 5.5063524 0.0
0.0 6.0 0.0
0.0 9.0 0.0
0.0 9.0 0.0
-5.927377 7.5515695 0.0
-5.927377 7.5515695 0.0
-7.99368 0.5053097 5.7577114
-5.927377 7.5515695 0.0
-8.947745 3.847995 3.6597707
-8.947745 3.847995 3.6597707
-8.947745 3.967995 3.6597707
-8.947745 3.847995 3.6597707
-7.0611644 1.2562377 8.403507
0.0 9.0 0.0
0.0 12.0 0.0
0.0 12.0 0.0
-7.7796826 9.911435 0.0
0.0 12.0 0.0
0.0 15.0 0.0
0.0 15.0 0.0
9.878962 12.585949 0.0
0.0 15.0 0.0
0.0 18.0 0.0
0.0 18.0 0.0
11.731267 14.945814 0.0
11.731267 14.945814 0.0
11.731267 15.065814 0.0
11.731267 14.945814 0.0
16.857533 6.5309424 7.243296
16.857533 6.5309424 7.243296
5.7404404 4.5246363 18.095629
16.857533 6.5309424 7.243296
11.315913 0.18318844 16.106167
0.0 18.0 0.0
0.0 21.0 0.0
0.0 21.0 0.0
-13.89229 17.69899 0.0
0.0 21.0 0.0
0.0 24.0 0.0
0.0 24.0 0.0
15.435878 19.665545 0.0
0.0 24.0 0.0
0.0 27.0 0.0
