0.0 0.0 0.0
0.0 3.0 0.0
0.0 3.0 0.0
-1.31077 4.3048673 0.0
0.0 3.0 0.0
0.0 6.0 0.0
0.0 6.0 0.0
2.1846168 7.1747785 0.0
0.0 6.0 0.0
0.0 9.0 0.0
0.0 9.0 0.0
-3.0584636 10.04469 0.0
-3.0584636 10.04469 0.0
-8.124458 7.547677 1.7044904
-3.0584636 10.04469 0.0
-6.0160894 9.713515 0.8908761
-6.0160894 9.713515 0.8908761
-6.0160894 10.046848 0.8908761
-6.0160894 9.713515 0.8908761
-8.523706 9.12646 2.6046252
0.0 9.0 0.0
0.0 12.0 0.0
0.0 12.0 0.0
-3.93231 12.914601 0.0
0.0 12.0 0.0
0.0 15.0 0.0
0.0 15.0 0.0
4.544003 14.92354 0.0
0.0 15.0 0.0
0.0 18.0 0.0
0.0 18.0 0.0
5.5343623 18.176105 0.0
5.5343623 18.176105 0.0
5.5343623 18.926105 0.0
5.5343623 18.176105 0.0
10.533943 16.419762 1.6120614
10.533943 16.419762 1.6120614
16.085045 9.882486 7.209106
10.533943 16.419762 1.6120614
14.410693 14.344187 4.6105084
0.0 18.0 0.0
0.0 21.0 0.0
0.0 21.0 0.0
-6.4082093 21.046017 0.0
0.0 21.0 0.0
0.0 24.0 0.0
0.0 24.0 0.0
7.282056 23.915928 0.0
0.0 24.0 0.0
0.0 27.0 0.0
