0.0 0.0 0.0
0.0 3.0 0.0
0.0 3.0 0.0
-1.2521297 3.7989697 0.0
0.0 3.0 0.0
0.0 6.0 0.0
0.0 6.0 0.0
2.347743 7.1230683 0.0
0.0 6.0 0.0
0.0 9.0 0.0
0.0 9.0 0.0
-3.0051115 9.117528 0.0
-3.0051115 9.117528 0.0
-7.562141 6.162037 1.7868404
-3.0051115 9.117528 0.0
-5.877757 8.715626 0.9406973
-5.877757 8.715626 0.9406973
-5.877757 8.835626 0.9406973
-5.877757 8.715626 0.9406973
-8.0634365 7.5720615 2.7333486
0.0 9.0 0.0
0.0 12.0 0.0
0.0 12.0 0.0
-4.225938 12.821523 0.0
0.0 12.0 0.0
0.0 15.0 0.0
0.0 15.0 0.0
4.883306 14.815983 0.0
0.0 15.0 0.0
0.0 18.0 0.0
0.0 18.0 0.0
6.104132 18.519978 0.0
6.104132 18.519978 0.0
6.104132 18.853312 0.0
6.104132 18.519978 0.0
11.491165 16.344294 1.9107913
11.491165 16.344294 1.9107913
16.4315 8.591131 8.368968
11.491165 16.344294 1.9107913
15.226401 13.243525 5.4118667
0.0 18.0 0.0
0.0 21.0 0.0
0.0 21.0 0.0
-6.7615004 20.514437 0.0
0.0 21.0 0.0
0.0 24.0 0.0
0.0 24.0 0.0
7.8258104 23.74356 0.0
0.0 24.0 0.0
0.0 27.0 0.0
