0.0 0.0 0.0
0.0 3.0 0.0
0.0 3.0 0.0
-2.1733694 3.9403634 0.0
0.0 3.0 0.0
0.0 6.0 0.0
0.0 6.0 0.0
3.3807967 6.1294546 0.0
0.0 6.0 0.0
0.0 9.0 0.0
0.0 9.0 0.0
-4.6365213 8.406109 0.0
-4.6365213 8.406109 0.0
-9.063912 2.7924776 3.921634
-4.6365213 8.406109 0.0
-8.339365 6.7133317 2.239305
-8.339365 6.7133317 2.239305
-8.339365 7.4633317 2.239305
-8.339365 6.7133317 2.239305
-9.172414 3.749641 5.9884877
0.0 9.0 0.0
0.0 12.0 0.0
0.0 12.0 0.0
-6.085434 11.033018 0.0
0.0 12.0 0.0
0.0 15.0 0.0
0.0 15.0 0.0
7.969021 14.448 0.0
0.0 15.0 0.0
0.0 18.0 0.0
0.0 18.0 0.0
9.417933 17.07491 0.0
9.417933 17.07491 0.0
9.417933 17.19491 0.0
9.417933 17.07491 0.0
15.757565 11.493884 4.5485883
15.757565 11.493884 4.5485883
12.435781 2.4534485 15.754539
15.757565 11.493884 4.5485883
16.192493 5.3371234 11.593355
0.0 18.0 0.0
0.0 21.0 0.0
0.0 21.0 0.0
-10.6253605 19.264 0.0
0.0 21.0 0.0
0.0 24.0 0.0
0.0 24.0 0.0
12.31576 22.328726 0.0
0.0 24.0 0.0
0.0 27.0 0.0
