0.0 0.0 0.0
0.0 3.0 0.0
0.0 3.0 0.0
-3.3662994 2.986307 0.0
0.0 3.0 0.0
0.0 6.0 0.0
0.0 6.0 0.0
5.610499 4.977178 0.0
0.0 6.0 0.0
0.0 9.0 0.0
0.0 9.0 0.0
-7.480665 6.6362376 0.0
-7.480665 6.6362376 0.0
-6.8143644 0.079998255 7.427324
-7.480665 6.6362376 0.0
-9.006872 1.3539269 5.5960355
-9.006872 1.3539269 5.5960355
-9.006872 1.6872603 5.5960355
-9.006872 1.3539269 5.5960355
-2.650196 -0.043090463 10.451402
0.0 9.0 0.0
0.0 12.0 0.0
0.0 12.0 0.0
-9.724865 8.627109 0.0
0.0 12.0 0.0
0.0 15.0 0.0
0.0 15.0 0.0
11.969065 10.61798 0.0
0.0 15.0 0.0
0.0 18.0 0.0
0.0 18.0 0.0
14.213264 12.608851 0.0
14.213264 12.608851 0.0
14.213264 12.942184 0.0
14.213264 12.608851 0.0
16.813831 2.3070107 10.632467
16.813831 2.3070107 10.632467
4.118875 12.156665 15.426474
16.813831 2.3070107 10.632467
4.9743237 0.12941909 19.633823
0.0 18.0 0.0
0.0 21.0 0.0
0.0 21.0 0.0
-16.457464 14.599723 0.0
0.0 21.0 0.0
0.0 24.0 0.0
0.0 24.0 0.0
18.402437 16.325144 0.0
0.0 24.0 0.0
0.0 27.0 0.0
