0.0 0.0 0.0
0.0 3.0 0.0
0.0 3.0 0.0
-2.0802088 3.416538 0.0
0.0 3.0 0.0
0.0 6.0 0.0
0.0 6.0 0.0
3.4323444 5.6372876 0.0
0.0 6.0 0.0
0.0 9.0 0.0
0.0 9.0 0.0
-5.200522 8.541345 0.0
-5.200522 8.541345 0.0
-8.980253 1.9532464 4.6200867
-5.200522 8.541345 0.0
-9.016042 6.266616 2.7045429
-9.016042 6.266616 2.7045429
-9.016042 7.016616 2.7045429
-9.016042 6.266616 2.7045429
-9.415318 3.3603137 6.9988556
0.0 9.0 0.0
0.0 12.0 0.0
0.0 12.0 0.0
-6.7606783 11.103748 0.0
0.0 12.0 0.0
0.0 15.0 0.0
0.0 15.0 0.0
8.112815 13.324498 0.0
0.0 15.0 0.0
0.0 18.0 0.0
0.0 18.0 0.0
10.141018 16.655622 0.0
10.141018 16.655622 0.0
10.141018 17.405622 0.0
10.141018 16.655622 0.0
16.580183 10.575691 5.2738585
16.580183 10.575691 5.2738585
11.035026 2.4082968 17.150837
16.580183 10.575691 5.2738585
15.565326 3.6070547 13.127145
0.0 18.0 0.0
0.0 21.0 0.0
0.0 21.0 0.0
-11.701175 19.218027 0.0
0.0 21.0 0.0
0.0 24.0 0.0
0.0 24.0 0.0
12.793284 21.01171 0.0
0.0 24.0 0.0
0.0 27.0 0.0
