0.0 0.0 0.0
0.0 3.0 0.0
0.0 3.0 0.0
-2.101502 3.403482 0.0
0.0 3.0 0.0
0.0 6.0 0.0
0.0 6.0 0.0
3.467478 5.615745 0.0
0.0 6.0 0.0
0.0 9.0 0.0
0.0 9.0 0.0
-5.043605 8.168357 0.0
-5.043605 8.168357 0.0
-8.98558 1.9751084 4.50925
-5.043605 8.168357 0.0
-8.730989 5.9718947 2.6497862
-8.730989 5.9718947 2.6497862
-8.730989 6.305228 2.6497862
-8.730989 5.9718947 2.6497862
-9.062093 3.1860232 6.841673
0.0 9.0 0.0
0.0 12.0 0.0
0.0 12.0 0.0
-7.092569 11.486752 0.0
0.0 12.0 0.0
0.0 15.0 0.0
0.0 15.0 0.0
8.195858 13.27358 0.0
0.0 15.0 0.0
0.0 18.0 0.0
0.0 18.0 0.0
9.982134 16.16654 0.0
9.982134 16.16654 0.0
9.982134 16.499874 0.0
9.982134 16.16654 0.0
16.0356 9.803876 5.2443686
16.0356 9.803876 5.2443686
10.180679 2.3107865 16.685951
16.0356 9.803876 5.2443686
15.203871 3.8973436 12.88699
0.0 18.0 0.0
0.0 21.0 0.0
0.0 21.0 0.0
-11.348111 18.378803 0.0
0.0 21.0 0.0
0.0 24.0 0.0
0.0 24.0 0.0
13.134387 21.271763 0.0
0.0 24.0 0.0
0.0 27.0 0.0
