0.0 0.0 0.0
0.0 3.0 0.0
0.0 3.0 0.0
-2.9054387 2.125659 0.0
0.0 3.0 0.0
0.0 6.0 0.0
0.0 6.0 0.0
5.649464 4.133226 0.0
0.0 6.0 0.0
0.0 9.0 0.0
0.0 9.0 0.0
-7.747837 5.668424 0.0
-7.747837 5.668424 0.0
-6.226813 0.48309827 7.3843246
-7.747837 5.668424 0.0
-7.760271 0.009096384 6.2530184
-7.760271 0.009096384 6.2530184
-7.760271 0.34242973 6.2530184
-7.760271 0.009096384 6.2530184
-0.94369304 1.2659158 9.955215
0.0 9.0 0.0
0.0 12.0 0.0
0.0 12.0 0.0
-10.491862 7.675991 0.0
0.0 12.0 0.0
0.0 15.0 0.0
0.0 15.0 0.0
12.590235 9.211189 0.0
0.0 15.0 0.0
0.0 18.0 0.0
0.0 18.0 0.0
15.33426 11.218756 0.0
15.33426 11.218756 0.0
15.33426 11.968756 0.0
15.33426 11.218756 0.0
14.884718 -0.32889175 12.375765
14.884718 -0.32889175 12.375765
4.9387116 15.534753 10.440066
14.884718 -0.32889175 12.375765
0.23706973 1.6593435 19.320358
0.0 18.0 0.0
0.0 21.0 0.0
0.0 21.0 0.0
-17.432632 12.753954 0.0
0.0 21.0 0.0
0.0 24.0 0.0
0.0 24.0 0.0
20.58019 15.056751 0.0
0.0 24.0 0.0
0.0 27.0 0.0
