0.0 0.0 0.0
0.0 3.0 0.0
0.0 3.0 0.0
-2.8044488 2.2572253 0.0
0.0 3.0 0.0
0.0 6.0 0.0
0.0 6.0 0.0
5.842602 4.702553 0.0
0.0 6.0 0.0
0.0 9.0 0.0
0.0 9.0 0.0
-8.179643 6.5835733 0.0
-8.179643 6.5835733 0.0
-6.9223113 0.27507842 7.990644
-8.179643 6.5835733 0.0
-9.123433 0.75963235 6.3720527
-9.123433 0.75963235 6.3720527
-9.123433 1.5096323 6.3720527
-9.123433 0.75963235 6.3720527
-1.8451341 0.5139459 11.1026
0.0 9.0 0.0
0.0 12.0 0.0
0.0 12.0 0.0
-10.127176 8.151091 0.0
0.0 12.0 0.0
0.0 15.0 0.0
0.0 15.0 0.0
12.464217 10.032112 0.0
0.0 15.0 0.0
0.0 18.0 0.0
0.0 18.0 0.0
14.489653 11.662331 0.0
14.489653 11.662331 0.0
14.489653 11.995664 0.0
14.489653 11.662331 0.0
15.248953 0.6111407 11.287636
15.248953 0.6111407 11.287636
3.7674913 13.799545 12.484168
15.248953 0.6111407 11.287636
1.4250231 0.16112792 18.956568
0.0 18.0 0.0
0.0 21.0 0.0
0.0 21.0 0.0
-17.527805 14.107657 0.0
0.0 21.0 0.0
0.0 24.0 0.0
0.0 24.0 0.0
19.47534 15.675175 0.0
0.0 24.0 0.0
0.0 27.0 0.0
