0.0 0.0 0.0
0.0 3.0 0.0
0.0 3.0 0.0
-2.9314318 2.7215269 0.0
0.0 3.0 0.0
0.0 6.0 0.0
0.0 6.0 0.0
4.8368626 4.490519 0.0
0.0 6.0 0.0
0.0 9.0 0.0
0.0 9.0 0.0
-7.0354366 6.531665 0.0
-7.0354366 6.531665 0.0
-6.6720424 0.027024359 7.0160627
-7.0354366 6.531665 0.0
-9.142908 1.9565663 5.155976
-9.142908 1.9565663 5.155976
-9.142908 2.2898996 5.155976
-9.142908 1.9565663 5.155976
-4.1947117 0.56209445 10.208485
0.0 9.0 0.0
0.0 12.0 0.0
0.0 12.0 0.0
-9.234011 8.57281 0.0
0.0 12.0 0.0
0.0 15.0 0.0
0.0 15.0 0.0
11.725727 10.886107 0.0
0.0 15.0 0.0
0.0 18.0 0.0
0.0 18.0 0.0
14.2907295 13.267444 0.0
14.2907295 13.267444 0.0
14.2907295 13.387444 0.0
14.2907295 13.267444 0.0
17.071465 2.5816193 10.473075
17.071465 2.5816193 10.473075
3.5626314 11.477677 16.247755
17.071465 2.5816193 10.473075
5.012267 -0.72262454 19.636646
0.0 18.0 0.0
0.0 21.0 0.0
0.0 21.0 0.0
-16.489304 15.308589 0.0
0.0 21.0 0.0
0.0 24.0 0.0
0.0 24.0 0.0
18.32145 17.009542 0.0
0.0 24.0 0.0
0.0 27.0 0.0
