0.0 0.0 0.0
0.0 3.0 0.0
0.0 3.0 0.0
-3.3965945 2.9518037 0.0
0.0 3.0 0.0
0.0 6.0 0.0
0.0 6.0 0.0
5.6609907 4.919673 0.0
0.0 6.0 0.0
0.0 9.0 0.0
0.0 9.0 0.0
-7.925387 6.8875422 0.0
-7.925387 6.8875422 0.0
-7.7170277 0.029340863 7.8479576
-7.925387 6.8875422 0.0
-9.061713 0.9875226 5.9820724
-9.061713 0.9875226 5.9820724
-9.061713 1.1075226 5.9820724
-9.061713 0.9875226 5.9820724
-2.8148277 0.553229 10.763748
0.0 9.0 0.0
0.0 12.0 0.0
0.0 12.0 0.0
-10.189783 8.855412 0.0
0.0 12.0 0.0
0.0 15.0 0.0
0.0 15.0 0.0
12.07678 10.495302 0.0
0.0 15.0 0.0
0.0 18.0 0.0
0.0 18.0 0.0
14.039257 12.200789 0.0
14.039257 12.200789 0.0
14.039257 12.950789 0.0
14.039257 12.200789 0.0
16.004734 1.7080946 10.596814
16.004734 1.7080946 10.596814
3.7958922 12.316043 14.370726
16.004734 1.7080946 10.596814
3.6839213 -0.11056352 19.031403
0.0 18.0 0.0
0.0 21.0 0.0
0.0 21.0 0.0
-16.303654 14.168658 0.0
0.0 21.0 0.0
0.0 24.0 0.0
0.0 24.0 0.0
19.247368 16.726889 0.0
0.0 24.0 0.0
0.0 27.0 0.0
