0.0 0.0 0.0
0.0 3.0 0.0
0.0 3.0 0.0
-2.7048514 2.3756635 0.0
0.0 3.0 0.0
0.0 6.0 0.0
0.0 6.0 0.0
5.6351075 4.9492993 0.0
0.0 6.0 0.0
0.0 9.0 0.0
0.0 9.0 0.0
-7.5134764 6.599066 0.0
-7.5134764 6.599066 0.0
-6.9995565 0.066878915 7.4506526
-7.5134764 6.599066 0.0
-8.981483 1.2893469 5.6452327
-8.981483 1.2893469 5.6452327
-8.981483 1.4093469 5.6452327
-8.981483 1.2893469 5.6452327
-2.5317678 -0.019534707 10.473543
0.0 9.0 0.0
0.0 12.0 0.0
0.0 12.0 0.0
-9.466981 8.314823 0.0
0.0 12.0 0.0
0.0 15.0 0.0
0.0 15.0 0.0
11.721024 10.294542 0.0
0.0 15.0 0.0
0.0 18.0 0.0
0.0 18.0 0.0
14.275605 12.538225 0.0
14.275605 12.538225 0.0
14.275605 13.288225 0.0
14.275605 12.538225 0.0
16.76428 2.1857972 10.725943
16.76428 2.1857972 10.725943
4.1498175 12.367524 15.23996
16.76428 2.1857972 10.725943
4.075426 -0.41864228 19.673923
0.0 18.0 0.0
0.0 21.0 0.0
0.0 21.0 0.0
-16.22911 14.253983 0.0
0.0 21.0 0.0
0.0 24.0 0.0
0.0 24.0 0.0
19.159365 16.827618 0.0
0.0 24.0 0.0
0.0 27.0 0.0
