0.0 0.0 0.0
0.0 3.0 0.0
0.0 3.0 0.0
-2.729949 2.92359 0.0
0.0 3.0 0.0
0.0 6.0 0.0
0.0 6.0 0.0
4.7774105 5.1162825 0.0
0.0 6.0 0.0
0.0 9.0 0.0
0.0 9.0 0.0
-6.8248725 7.3089747 0.0
-6.8248725 7.3089747 0.0
-8.07204 0.08553451 6.808878
-6.8248725 7.3089747 0.0
-9.657936 3.034019 4.6578884
-9.657936 3.034019 4.6578884
-9.657936 3.1540189 4.6578884
-9.657936 3.034019 4.6578884
-5.5890574 0.30039573 9.995857
0.0 9.0 0.0
0.0 12.0 0.0
0.0 12.0 0.0
-9.213578 9.867116 0.0
0.0 12.0 0.0
0.0 15.0 0.0
0.0 15.0 0.0
10.919796 11.69436 0.0
0.0 15.0 0.0
0.0 18.0 0.0
0.0 18.0 0.0
13.308501 14.252501 0.0
13.308501 14.252501 0.0
13.308501 14.3725 0.0
13.308501 14.252501 0.0
17.860432 4.8748074 9.082883
17.860432 4.8748074 9.082883
5.0752254 8.206036 18.440046
17.860432 4.8748074 9.082883
9.019924 -0.38469982 18.828173
0.0 18.0 0.0
0.0 21.0 0.0
0.0 21.0 0.0
-14.741725 15.787386 0.0
0.0 21.0 0.0
0.0 24.0 0.0
0.0 24.0 0.0
17.062181 18.272438 0.0
0.0 24.0 0.0
0.0 27.0 0.0
