0.0 0.0 0.0
0.0 3.0 0.0
0.0 3.0 0.0
-2.6200397 3.0224812 0.0
0.0 3.0 0.0
0.0 6.0 0.0
0.0 6.0 0.0
4.3230653 4.987094 0.0
0.0 6.0 0.0
0.0 9.0 0.0
0.0 9.0 0.0
-6.2880955 7.2539554 0.0
-6.2880955 7.2539554 0.0
-8.049594 0.25255555 6.2244444
-6.2880955 7.2539554 0.0
-8.734682 2.8223858 4.118765
-8.734682 2.8223858 4.118765
-8.734682 2.9423857 4.118765
-8.734682 2.8223858 4.118765
-5.7798405 0.7100563 8.833526
0.0 9.0 0.0
0.0 12.0 0.0
0.0 12.0 0.0
-8.515129 9.823064 0.0
0.0 12.0 0.0
0.0 15.0 0.0
0.0 15.0 0.0
10.480159 12.089925 0.0
0.0 15.0 0.0
0.0 18.0 0.0
0.0 18.0 0.0
12.4451885 14.356786 0.0
12.4451885 14.356786 0.0
12.4451885 14.690119 0.0
12.4451885 14.356786 0.0
16.902575 5.142044 8.151722
16.902575 5.142044 8.151722
5.0276465 6.449149 17.888403
16.902575 5.142044 8.151722
9.96673 0.15052176 17.23096
0.0 18.0 0.0
0.0 21.0 0.0
0.0 21.0 0.0
-14.410218 16.623646 0.0
0.0 21.0 0.0
0.0 24.0 0.0
0.0 24.0 0.0
16.702753 19.268318 0.0
0.0 24.0 0.0
0.0 27.0 0.0
