0.0 0.0 0.0
0.0 3.0 0.0
0.0 3.0 0.0
-2.744625 2.3295994 0.0
0.0 3.0 0.0
0.0 6.0 0.0
0.0 6.0 0.0
5.0318127 4.270932 0.0
0.0 6.0 0.0
0.0 9.0 0.0
0.0 9.0 0.0
-7.3190007 6.2122655 0.0
-7.3190007 6.2122655 0.0
-7.062988 0.042161107 7.2217264
-7.3190007 6.2122655 0.0
-8.563452 1.0562723 5.5799756
-8.563452 1.0562723 5.5799756
-8.563452 1.8062723 5.5799756
-8.563452 1.0562723 5.5799756
-2.7819517 0.6727191 10.139603
0.0 9.0 0.0
0.0 12.0 0.0
0.0 12.0 0.0
-9.606188 8.153598 0.0
0.0 12.0 0.0
0.0 15.0 0.0
0.0 15.0 0.0
12.579532 10.67733 0.0
0.0 15.0 0.0
0.0 18.0 0.0
0.0 18.0 0.0
14.485521 12.295108 0.0
14.485521 12.295108 0.0
14.485521 12.628441 0.0
14.485521 12.295108 0.0
16.201984 1.4569097 11.043701
16.201984 1.4569097 11.043701
3.7544532 13.093605 14.192104
16.201984 1.4569097 11.043701
3.5904965 0.33924615 19.498825
0.0 18.0 0.0
0.0 21.0 0.0
0.0 21.0 0.0
-16.46775 13.977596 0.0
0.0 21.0 0.0
0.0 24.0 0.0
0.0 24.0 0.0
19.059896 16.177773 0.0
0.0 24.0 0.0
0.0 27.0 0.0
