0.0 0.0 0.0
0.0 3.0 0.0
0.0 3.0 0.0
-1.821273 3.561315 0.0
0.0 3.0 0.0
0.0 6.0 0.0
0.0 6.0 0.0
3.0051003 5.8761697 0.0
0.0 6.0 0.0
0.0 9.0 0.0
0.0 9.0 0.0
-4.5531826 8.903288 0.0
-4.5531826 8.903288 0.0
-9.048925 3.245913 3.691565
-4.5531826 8.903288 0.0
-7.936262 6.615268 2.073147
-7.936262 6.615268 2.073147
-7.936262 6.9486017 2.073147
-7.936262 6.615268 2.073147
-9.14557 4.437826 5.4593077
0.0 9.0 0.0
0.0 12.0 0.0
0.0 12.0 0.0
-6.146796 12.019439 0.0
0.0 12.0 0.0
0.0 15.0 0.0
0.0 15.0 0.0
7.102965 13.889129 0.0
0.0 15.0 0.0
0.0 18.0 0.0
0.0 18.0 0.0
8.651047 16.916246 0.0
8.651047 16.916246 0.0
8.651047 17.666246 0.0
8.651047 16.916246 0.0
15.015152 12.444363 3.9389794
15.015152 12.444363 3.9389794
13.973178 3.186677 14.479536
15.015152 12.444363 3.9389794
16.244831 6.343494 10.343659
0.0 18.0 0.0
0.0 21.0 0.0
0.0 21.0 0.0
-10.017001 19.587233 0.0
0.0 21.0 0.0
0.0 24.0 0.0
0.0 24.0 0.0
11.200829 21.902088 0.0
0.0 24.0 0.0
0.0 27.0 0.0
