0.0 0.0 0.0
0.0 3.0 0.0
0.0 3.0 0.0
-2.5528393 3.07945 0.0
0.0 3.0 0.0
0.0 6.0 0.0
0.0 6.0 0.0
4.7865734 5.7739687 0.0
0.0 6.0 0.0
0.0 9.0 0.0
0.0 9.0 0.0
-6.7012033 8.083556 0.0
-6.7012033 8.083556 0.0
-8.291651 0.30003202 6.5850554
-6.7012033 8.083556 0.0
-9.76894 3.7005615 4.276774
-9.76894 3.7005615 4.276774
-9.76894 3.8205614 4.276774
-9.76894 3.7005615 4.276774
-6.4332733 0.2530105 9.527161
0.0 9.0 0.0
0.0 12.0 0.0
0.0 12.0 0.0
-8.615832 10.393144 0.0
0.0 12.0 0.0
0.0 15.0 0.0
0.0 15.0 0.0
10.211357 12.3178 0.0
0.0 15.0 0.0
0.0 18.0 0.0
0.0 18.0 0.0
11.870703 14.319443 0.0
11.870703 14.319443 0.0
11.870703 14.439443 0.0
11.870703 14.319443 0.0
17.131748 6.346318 7.5759993
17.131748 6.346318 7.5759993
5.562893 5.393579 18.239225
17.131748 6.346318 7.5759993
10.864649 0.016096592 16.766129
0.0 18.0 0.0
0.0 21.0 0.0
0.0 21.0 0.0
-14.359721 17.321905 0.0
0.0 21.0 0.0
0.0 24.0 0.0
0.0 24.0 0.0
16.274351 19.631493 0.0
0.0 24.0 0.0
0.0 27.0 0.0
