0.0 0.0 0.0
0.0 3.0 0.0
0.0 3.0 0.0
-3.503935 2.823551 0.0
0.0 3.0 0.0
0.0 6.0 0.0
0.0 6.0 0.0
5.839892 4.7059183 0.0
0.0 6.0 0.0
0.0 9.0 0.0
0.0 9.0 0.0
-7.475062 6.023576 0.0
-7.475062 6.023576 0.0
-6.3409905 0.24674273 7.304179
-7.475062 6.023576 0.0
-8.1004 0.50391054 5.8204737
-8.1004 0.50391054 5.8204737
-8.1004 0.8372439 5.8204737
-8.1004 0.50391054 5.8204737
-1.5164487 0.51497567 9.959484
0.0 9.0 0.0
0.0 12.0 0.0
0.0 12.0 0.0
-9.811019 7.905943 0.0
0.0 12.0 0.0
0.0 15.0 0.0
0.0 15.0 0.0
12.847762 10.353021 0.0
0.0 15.0 0.0
0.0 18.0 0.0
0.0 18.0 0.0
14.794393 11.921659 0.0
14.794393 11.921659 0.0
14.794393 12.671659 0.0
14.794393 11.921659 0.0
15.886044 0.8796754 11.519687
15.886044 0.8796754 11.519687
4.7035227 13.952695 13.073814
15.886044 0.8796754 11.519687
2.4791155 0.7160772 19.597797
0.0 18.0 0.0
0.0 21.0 0.0
0.0 21.0 0.0
-17.519676 14.117755 0.0
0.0 21.0 0.0
0.0 24.0 0.0
0.0 24.0 0.0
19.855633 16.000122 0.0
0.0 24.0 0.0
0.0 27.0 0.0
