0.0 0.0 0.0
0.0 3.0 0.0
0.0 3.0 0.0
-1.8432 3.5500162 0.0
0.0 3.0 0.0
0.0 6.0 0.0
0.0 6.0 0.0
3.4559999 6.6562805 0.0
0.0 6.0 0.0
0.0 9.0 0.0
0.0 9.0 0.0
-4.4236803 8.52004 0.0
-4.4236803 8.52004 0.0
-8.705626 3.0119162 3.6182327
-4.4236803 8.52004 0.0
-8.101605 7.083709 2.038432
-8.101605 7.083709 2.038432
-8.101605 7.833709 2.038432
-8.101605 7.083709 2.038432
-9.50307 4.7376623 5.542336
0.0 9.0 0.0
0.0 12.0 0.0
0.0 12.0 0.0
-5.80608 11.182551 0.0
0.0 12.0 0.0
0.0 15.0 0.0
0.0 15.0 0.0
7.3728 14.200065 0.0
0.0 15.0 0.0
0.0 18.0 0.0
0.0 18.0 0.0
8.9855995 17.30633 0.0
8.9855995 17.30633 0.0
8.9855995 17.42633 0.0
8.9855995 17.30633 0.0
15.743585 13.015925 4.140564
15.743585 13.015925 4.140564
14.006886 2.9189715 15.259228
15.743585 13.015925 4.140564
17.165852 6.8798585 10.929411
0.0 18.0 0.0
0.0 21.0 0.0
0.0 21.0 0.0
-9.95328 19.170088 0.0
0.0 21.0 0.0
0.0 24.0 0.0
0.0 24.0 0.0
11.7504 22.631353 0.0
0.0 24.0 0.0
0.0 27.0 0.0
