0.0 0.0 0.0
0.0 3.0 0.0
0.0 3.0 0.0
-3.3072662 2.2498868 0.0
0.0 3.0 0.0
0.0 6.0 0.0
0.0 6.0 0.0
5.4569893 3.7123132 0.0
0.0 6.0 0.0
0.0 9.0 0.0
0.0 9.0 0.0
-8.268166 5.6247168 0.0
-8.268166 5.6247168 0.0
-6.656868 0.6362078 7.690401
-8.268166 5.6247168 0.0
-7.762535 -0.34397364 6.836256
-7.762535 -0.34397364 6.836256
-7.762535 -0.010640293 6.836256
-7.762535 -0.34397364 6.836256
0.18099475 1.4323847 10.263393
0.0 9.0 0.0
0.0 12.0 0.0
0.0 12.0 0.0
-10.417889 7.0871434 0.0
0.0 12.0 0.0
0.0 15.0 0.0
0.0 15.0 0.0
13.642473 9.280783 0.0
0.0 15.0 0.0
0.0 18.0 0.0
0.0 18.0 0.0
16.122923 10.968198 0.0
16.122923 10.968198 0.0
16.122923 11.088198 0.0
16.122923 10.968198 0.0
14.996384 -0.7663684 13.3307
14.996384 -0.7663684 13.3307
6.5610003 16.661345 9.052749
14.996384 -0.7663684 13.3307
-0.84853655 2.5516229 19.8974
0.0 18.0 0.0
0.0 21.0 0.0
0.0 21.0 0.0
-18.603373 12.655613 0.0
0.0 21.0 0.0
0.0 24.0 0.0
0.0 24.0 0.0
20.339687 13.836803 0.0
0.0 24.0 0.0
0.0 27.0 0.0
