0.0 0.0 0.0
0.0 3.0 0.0
0.0 3.0 0.0
-3.5327847 2.7873702 0.0
0.0 3.0 0.0
0.0 6.0 0.0
0.0 6.0 0.0
5.8879747 4.645617 0.0
0.0 6.0 0.0
0.0 9.0 0.0
0.0 9.0 0.0
-8.243164 6.503864 0.0
-8.243164 6.503864 0.0
-7.0957546 0.27447462 8.016978
-8.243164 6.503864 0.0
-9.053709 0.6395211 6.4714055
-9.053709 0.6395211 6.4714055
-9.053709 0.7595211 6.4714055
-9.053709 0.6395211 6.4714055
-2.0064294 0.9110962 11.116224
0.0 9.0 0.0
0.0 12.0 0.0
0.0 12.0 0.0
-9.891797 7.8046365 0.0
0.0 12.0 0.0
0.0 15.0 0.0
0.0 15.0 0.0
12.953544 10.220357 0.0
0.0 15.0 0.0
0.0 18.0 0.0
0.0 18.0 0.0
15.308734 12.078604 0.0
15.308734 12.078604 0.0
15.308734 12.828604 0.0
15.308734 12.078604 0.0
16.533651 0.9664612 12.018325
16.533651 0.9664612 12.018325
5.283581 14.709482 13.283933
16.533651 0.9664612 12.018325
2.4356117 0.89495945 20.424301
0.0 18.0 0.0
0.0 21.0 0.0
0.0 21.0 0.0
-16.957367 13.379376 0.0
0.0 21.0 0.0
0.0 24.0 0.0
0.0 24.0 0.0
19.626581 15.48539 0.0
0.0 24.0 0.0
0.0 27.0 0.0
