0.0 0.0 0.0
0.0 3.0 0.0
0.0 3.0 0.0
-2.1629326 2.877798 0.0
0.0 3.0 0.0
0.0 6.0 0.0
0.0 6.0 0.0
3.9653766 5.275963 0.0
0.0 6.0 0.0
0.0 9.0 0.0
0.0 9.0 0.0
-6.3085537 8.393578 0.0
-6.3085537 8.393578 0.0
-8.870499 0.74157333 6.059798
-6.3085537 8.393578 0.0
-9.434776 4.159463 3.7902715
-9.434776 4.159463 3.7902715
-9.434776 4.4927964 3.7902715
-9.434776 4.159463 3.7902715
-7.0681753 0.6414902 8.698451
0.0 9.0 0.0
0.0 12.0 0.0
0.0 12.0 0.0
-7.8105903 10.392049 0.0
0.0 12.0 0.0
0.0 15.0 0.0
0.0 15.0 0.0
9.913442 13.189908 0.0
0.0 15.0 0.0
0.0 18.0 0.0
0.0 18.0 0.0
11.415478 15.188378 0.0
11.415478 15.188378 0.0
11.415478 15.521711 0.0
11.415478 15.188378 0.0
17.32136 7.8578205 6.8585863
17.32136 7.8578205 6.8585863
7.375457 3.979673 18.545338
17.32136 7.8578205 6.8585863
13.39697 1.6371574 15.889601
0.0 18.0 0.0
0.0 21.0 0.0
0.0 21.0 0.0
-13.217922 17.586544 0.0
0.0 21.0 0.0
0.0 24.0 0.0
0.0 24.0 0.0
14.780041 19.664953 0.0
0.0 24.0 0.0
0.0 27.0 0.0
