0.0 0.0 0.0
0.0 3.0 0.0
0.0 3.0 0.0
-3.0465899 2.5919666 0.0
0.0 3.0 0.0
0.0 6.0 0.0
0.0 6.0 0.0
5.712356 4.8599377 0.0
0.0 6.0 0.0
0.0 9.0 0.0
0.0 9.0 0.0
-7.6164746 6.4799166 0.0
-7.6164746 6.4799166 0.0
-6.9207416 0.112924695 7.518088
-7.6164746 6.4799166 0.0
-8.590506 0.82868266 5.801069
-8.590506 0.82868266 5.801069
-8.590506 1.5786827 5.801069
-8.590506 0.82868266 5.801069
-2.5176637 0.6344382 10.301981
0.0 9.0 0.0
0.0 12.0 0.0
0.0 12.0 0.0
-10.282241 8.747888 0.0
0.0 12.0 0.0
0.0 15.0 0.0
0.0 15.0 0.0
11.8817005 10.10867 0.0
0.0 15.0 0.0
0.0 18.0 0.0
0.0 18.0 0.0
14.166643 12.052645 0.0
14.166643 12.052645 0.0
14.166643 12.172645 0.0
14.166643 12.052645 0.0
15.585333 1.2069864 10.789988
15.585333 1.2069864 10.789988
3.6268454 12.730972 13.655304
15.585333 1.2069864 10.789988
3.2806413 0.32144606 18.86235
0.0 18.0 0.0
0.0 21.0 0.0
0.0 21.0 0.0
-16.451586 13.99662 0.0
0.0 21.0 0.0
0.0 24.0 0.0
0.0 24.0 0.0
19.041187 16.199791 0.0
0.0 24.0 0.0
0.0 27.0 0.0
