0.0 0.0 0.0
0.0 3.0 0.0
0.0 3.0 0.0
-0.99825066 3.4588287 0.0
0.0 3.0 0.0
0.0 6.0 0.0
0.0 6.0 0.0
1.941043 6.7255 0.0
0.0 6.0 0.0
0.0 9.0 0.0
0.0 9.0 0.0
-2.9115646 10.08825 0.0
-2.9115646 10.08825 0.0
-7.859941 7.858715 1.5513868
-2.9115646 10.08825 0.0
-5.9010196 10.358131 0.8073532
-5.9010196 10.358131 0.8073532
-5.9010196 11.108131 0.8073532
-5.9010196 10.358131 0.8073532
-8.38171 9.402671 2.4119983
0.0 9.0 0.0
0.0 12.0 0.0
0.0 12.0 0.0
-3.6047943 12.490214 0.0
0.0 12.0 0.0
0.0 15.0 0.0
0.0 15.0 0.0
4.43667 15.372572 0.0
0.0 15.0 0.0
0.0 18.0 0.0
0.0 18.0 0.0
5.157629 17.870615 0.0
5.157629 17.870615 0.0
5.157629 17.990616 0.0
5.157629 17.870615 0.0
10.132369 17.236925 1.4301685
10.132369 17.236925 1.4301685
15.859184 10.525153 6.609127
10.132369 17.236925 1.4301685
14.029213 14.932299 4.183709
0.0 18.0 0.0
0.0 21.0 0.0
0.0 21.0 0.0
-5.9895043 20.752972 0.0
0.0 21.0 0.0
0.0 24.0 0.0
0.0 24.0 0.0
7.0709424 24.500036 0.0
0.0 24.0 0.0
0.0 27.0 0.0
