0.0 0.0 0.0
0.0 3.0 0.0
0.0 3.0 0.0
-2.8749037 2.1667783 0.0
0.0 3.0 0.0
0.0 6.0 0.0
0.0 6.0 0.0
5.270657 3.972427 0.0
0.0 6.0 0.0
0.0 9.0 0.0
0.0 9.0 0.0
-8.385137 6.3197703 0.0
-8.385137 6.3197703 0.0
-7.0319996 0.38775694 8.060703
-8.385137 6.3197703 0.0
-9.2823715 0.67623425 6.6962395
-9.2823715 0.67623425 6.6962395
-9.2823715 0.79623425 6.6962395
-9.2823715 0.67623425 6.6962395
-1.8819902 1.1186666 11.443109
0.0 9.0 0.0
0.0 12.0 0.0
0.0 12.0 0.0
-10.7808895 8.125419 0.0
0.0 12.0 0.0
0.0 15.0 0.0
0.0 15.0 0.0
12.77735 9.630126 0.0
0.0 15.0 0.0
0.0 18.0 0.0
0.0 18.0 0.0
15.572396 11.736716 0.0
15.572396 11.736716 0.0
15.572396 12.070049 0.0
15.572396 11.736716 0.0
16.211937 0.4820137 12.435873
16.211937 0.4820137 12.435873
5.307271 15.56073 12.158913
16.211937 0.4820137 12.435873
0.7597088 0.78972536 20.43154
0.0 18.0 0.0
0.0 21.0 0.0
0.0 21.0 0.0
-17.96815 13.542365 0.0
0.0 21.0 0.0
0.0 24.0 0.0
0.0 24.0 0.0
19.645176 14.806319 0.0
0.0 24.0 0.0
0.0 27.0 0.0
