0.0 0.0 0.0
0.0 3.0 0.0
0.0 3.0 0.0
-2.1256232 2.905465 0.0
0.0 3.0 0.0
0.0 6.0 0.0
0.0 6.0 0.0
3.8969758 5.3266854 0.0
0.0 6.0 0.0
0.0 9.0 0.0
0.0 9.0 0.0
-5.9045086 8.070736 0.0
-5.9045086 8.070736 0.0
-8.347524 0.7760018 5.627437
-5.9045086 8.070736 0.0
-8.965651 4.184204 3.4863224
-8.965651 4.184204 3.4863224
-8.965651 4.5175376 3.4863224
-8.965651 4.184204 3.4863224
-7.0034103 0.8041818 8.107495
0.0 9.0 0.0
0.0 12.0 0.0
0.0 12.0 0.0
-7.971087 10.8954935 0.0
0.0 12.0 0.0
0.0 15.0 0.0
0.0 15.0 0.0
9.211034 12.590348 0.0
0.0 15.0 0.0
0.0 18.0 0.0
0.0 18.0 0.0
10.982387 15.011569 0.0
10.982387 15.011569 0.0
10.982387 15.131569 0.0
10.982387 15.011569 0.0
16.371437 7.3661685 6.48456
16.371437 7.3661685 6.48456
6.7643123 3.4329433 17.566307
16.371437 7.3661685 6.48456
12.513503 1.2112403 14.900047
0.0 18.0 0.0
0.0 21.0 0.0
0.0 21.0 0.0
-12.98992 17.75562 0.0
0.0 21.0 0.0
0.0 24.0 0.0
0.0 24.0 0.0
14.761272 20.17684 0.0
0.0 24.0 0.0
0.0 27.0 0.0
