0.0 0.0 0.0
0.0 3.0 0.0
0.0 3.0 0.0
-2.6011922 2.4887342 0.0
0.0 3.0 0.0
0.0 6.0 0.0
0.0 6.0 0.0
5.057874 4.8392057 0.0
0.0 6.0 0.0
0.0 9.0 0.0
0.0 9.0 0.0
-6.9365134 6.6366253 0.0
-6.9365134 6.6366253 0.0
-7.392948 -0.020179033 6.9297442
-6.9365134 6.6366253 0.0
-8.543923 1.537916 5.0120015
-8.543923 1.537916 5.0120015
-8.543923 2.287916 5.0120015
-8.543923 1.537916 5.0120015
-3.7747838 0.44904733 9.638313
0.0 9.0 0.0
0.0 12.0 0.0
0.0 12.0 0.0
-9.104174 8.71057 0.0
0.0 12.0 0.0
0.0 15.0 0.0
0.0 15.0 0.0
11.560855 11.061042 0.0
0.0 15.0 0.0
0.0 18.0 0.0
0.0 18.0 0.0
13.439494 12.858461 0.0
13.439494 12.858461 0.0
13.439494 13.191794 0.0
13.439494 12.858461 0.0
16.797712 3.2130322 9.7107525
16.797712 3.2130322 9.7107525
4.0041475 10.276356 16.352427
16.797712 3.2130322 9.7107525
6.5826845 -0.062647104 18.850433
0.0 18.0 0.0
0.0 21.0 0.0
0.0 21.0 0.0
-16.257452 15.55459 0.0
0.0 21.0 0.0
0.0 24.0 0.0
0.0 24.0 0.0
18.425112 17.628536 0.0
0.0 24.0 0.0
0.0 27.0 0.0
