0.0 0.0 0.0
0.0 3.0 0.0
0.0 3.0 0.0
-2.368701 3.8261282 0.0
0.0 3.0 0.0
0.0 6.0 0.0
0.0 6.0 0.0
3.4740946 5.6116548 0.0
0.0 6.0 0.0
0.0 9.0 0.0
0.0 9.0 0.0
-5.2637796 8.502507 0.0
-5.2637796 8.502507 0.0
-8.955376 1.8387835 4.711643
-5.2637796 8.502507 0.0
-9.070424 6.148817 2.7707376
-9.070424 6.148817 2.7707376
-9.070424 6.4821506 2.7707376
-9.070424 6.148817 2.7707376
-9.343365 3.2116132 7.130293
0.0 9.0 0.0
0.0 12.0 0.0
0.0 12.0 0.0
-7.1061025 11.478385 0.0
0.0 12.0 0.0
0.0 15.0 0.0
0.0 15.0 0.0
8.211496 13.263911 0.0
0.0 15.0 0.0
0.0 18.0 0.0
0.0 18.0 0.0
9.79063 15.814664 0.0
9.79063 15.814664 0.0
9.79063 16.147997 0.0
9.79063 15.814664 0.0
15.718222 9.574751 5.153572
15.718222 9.574751 5.153572
9.936612 2.273753 16.367214
15.718222 9.574751 5.153572
14.412382 3.0442677 12.655554
0.0 18.0 0.0
0.0 21.0 0.0
0.0 21.0 0.0
-11.843505 19.130642 0.0
0.0 21.0 0.0
0.0 24.0 0.0
0.0 24.0 0.0
13.422638 21.681393 0.0
0.0 24.0 0.0
0.0 27.0 0.0
