0.0 0.0 0.0
0.0 3.0 0.0
0.0 3.0 0.0
-0.96395683 3.4685426 0.0
0.0 3.0 0.0
0.0 6.0 0.0
0.0 6.0 0.0
2.0082433 7.2261305 0.0
0.0 6.0 0.0
0.0 9.0 0.0
0.0 9.0 0.0
-2.8115408 10.116583 0.0
-2.8115408 10.116583 0.0
-7.4549274 7.708766 1.450688
-2.8115408 10.116583 0.0
-5.479492 9.599914 0.75283444
-5.479492 9.599914 0.75283444
-5.479492 9.7199135 0.75283444
-5.479492 9.599914 0.75283444
-7.6235867 8.467788 2.1925645
0.0 9.0 0.0
0.0 12.0 0.0
0.0 12.0 0.0
-3.3738492 12.139899 0.0
0.0 12.0 0.0
0.0 15.0 0.0
0.0 15.0 0.0
4.1771464 15.030352 0.0
0.0 15.0 0.0
0.0 18.0 0.0
0.0 18.0 0.0
5.2214327 18.78794 0.0
5.2214327 18.78794 0.0
5.2214327 18.90794 0.0
5.2214327 18.78794 0.0
10.27948 18.200039 1.398121
10.27948 18.200039 1.398121
16.487587 11.704573 6.501601
10.27948 18.200039 1.398121
14.322872 15.947192 4.0995603
0.0 18.0 0.0
0.0 21.0 0.0
0.0 21.0 0.0
-5.890847 21.19665 0.0
0.0 21.0 0.0
0.0 24.0 0.0
0.0 24.0 0.0
6.6941447 24.087101 0.0
0.0 24.0 0.0
0.0 27.0 0.0
