0.0 0.0 0.0
0.0 3.0 0.0
0.0 3.0 0.0
-3.0453954 1.9197831 0.0
0.0 3.0 0.0
0.0 6.0 0.0
0.0 6.0 0.0
6.3445735 3.9995482 0.0
0.0 6.0 0.0
0.0 9.0 0.0
0.0 9.0 0.0
-8.882403 5.5993676 0.0
-8.882403 5.5993676 0.0
-7.3804765 0.7178714 8.014037
-8.882403 5.5993676 0.0
-8.108669 -0.4877534 7.5140085
-8.108669 -0.4877534 7.5140085
-8.108669 0.2622466 7.5140085
-8.108669 -0.4877534 7.5140085
0.98881054 1.7790587 10.866491
0.0 9.0 0.0
0.0 12.0 0.0
0.0 12.0 0.0
-10.658884 6.719241 0.0
0.0 12.0 0.0
0.0 15.0 0.0
0.0 15.0 0.0
13.958062 8.799006 0.0
0.0 15.0 0.0
0.0 18.0 0.0
0.0 18.0 0.0
16.495892 10.398826 0.0
16.495892 10.398826 0.0
16.495892 11.148826 0.0
16.495892 10.398826 0.0
14.333863 -1.3629184 13.954587
14.333863 -1.3629184 13.954587
6.9736843 17.472507 6.914777
14.333863 -1.3629184 13.954587
-2.525917 3.3263705 19.56724
0.0 18.0 0.0
0.0 21.0 0.0
0.0 21.0 0.0
-18.61075 11.732008 0.0
0.0 21.0 0.0
0.0 24.0 0.0
0.0 24.0 0.0
21.148579 13.331827 0.0
0.0 24.0 0.0
0.0 27.0 0.0
