0.0 0.0 0.0
0.0 3.0 0.0
0.0 3.0 0.0
-2.4520538 3.7732522 0.0
0.0 3.0 0.0
0.0 6.0 0.0
0.0 6.0 0.0
4.086756 6.2887535 0.0
0.0 6.0 0.0
0.0 9.0 0.0
0.0 9.0 0.0
-5.721459 8.8042555 0.0
-5.721459 8.8042555 0.0
-9.293796 1.5878351 5.228265
-5.721459 8.8042555 0.0
-9.147048 5.271341 3.1176276
-9.147048 5.271341 3.1176276
-9.147048 5.6046743 3.1176276
-9.147048 5.271341 3.1176276
-8.423951 2.0049162 7.5983663
0.0 9.0 0.0
0.0 12.0 0.0
0.0 12.0 0.0
-7.0837107 10.900507 0.0
0.0 12.0 0.0
0.0 15.0 0.0
0.0 15.0 0.0
8.500453 13.080608 0.0
0.0 15.0 0.0
0.0 18.0 0.0
0.0 18.0 0.0
10.353116 15.931509 0.0
10.353116 15.931509 0.0
10.353116 16.264843 0.0
10.353116 15.931509 0.0
16.505095 9.466743 5.641422
16.505095 9.466743 5.641422
9.584326 2.5652728 17.373697
16.505095 9.466743 5.641422
14.512266 2.5748315 13.723974
0.0 18.0 0.0
0.0 21.0 0.0
0.0 21.0 0.0
-11.769858 18.11161 0.0
0.0 21.0 0.0
0.0 24.0 0.0
0.0 24.0 0.0
13.894971 21.381763 0.0
0.0 24.0 0.0
0.0 27.0 0.0
