0.0 0.0 0.0
0.0 3.0 0.0
0.0 3.0 0.0
-2.766961 2.8885856 0.0
0.0 3.0 0.0
0.0 6.0 0.0
0.0 6.0 0.0
4.565486 4.766166 0.0
0.0 6.0 0.0
0.0 9.0 0.0
0.0 9.0 0.0
-6.9174027 7.221464 0.0
-6.9174027 7.221464 0.0
-7.976879 0.045589805 6.9110074
-6.9174027 7.221464 0.0
-9.640382 2.84267 4.785046
-9.640382 2.84267 4.785046
-9.640382 3.59267 4.785046
-9.640382 2.84267 4.785046
-5.6411033 0.6099756 10.124144
0.0 9.0 0.0
0.0 12.0 0.0
0.0 12.0 0.0
-8.992623 9.387903 0.0
0.0 12.0 0.0
0.0 15.0 0.0
0.0 15.0 0.0
11.413714 11.915416 0.0
0.0 15.0 0.0
0.0 18.0 0.0
0.0 18.0 0.0
13.488935 14.081855 0.0
13.488935 14.081855 0.0
13.488935 14.831855 0.0
13.488935 14.081855 0.0
17.813015 4.514148 9.33084
17.813015 4.514148 9.33084
4.262017 8.747733 18.197687
17.813015 4.514148 9.33084
8.442657 -0.45140123 19.060211
0.0 18.0 0.0
0.0 21.0 0.0
0.0 21.0 0.0
-15.2182865 15.88722 0.0
0.0 21.0 0.0
0.0 24.0 0.0
0.0 24.0 0.0
17.016811 17.764801 0.0
0.0 24.0 0.0
0.0 27.0 0.0
