0.0 0.0 0.0
0.0 3.0 0.0
0.0 3.0 0.0
-2.1351123 3.9612238 0.0
0.0 3.0 0.0
0.0 6.0 0.0
0.0 6.0 0.0
3.5585208 6.60204 0.0
0.0 6.0 0.0
0.0 9.0 0.0
0.0 9.0 0.0
-4.981929 9.242856 0.0
-4.981929 9.242856 0.0
-9.852981 3.2058177 4.161526
-4.981929 9.242856 0.0
-8.530525 6.5836277 2.3637729
-8.530525 6.5836277 2.3637729
-8.530525 7.3336277 2.3637729
-8.530525 6.5836277 2.3637729
-9.221064 3.6449127 6.128237
0.0 9.0 0.0
0.0 12.0 0.0
0.0 12.0 0.0
-6.4053373 11.883672 0.0
0.0 12.0 0.0
0.0 15.0 0.0
0.0 15.0 0.0
7.591511 14.084352 0.0
0.0 15.0 0.0
0.0 18.0 0.0
0.0 18.0 0.0
9.252153 17.165304 0.0
9.252153 17.165304 0.0
9.252153 17.915304 0.0
9.252153 17.165304 0.0
16.025414 12.56627 4.389864
16.025414 12.56627 4.389864
13.602827 2.7954707 15.799778
16.025414 12.56627 4.389864
17.258287 6.6771865 11.467843
0.0 18.0 0.0
0.0 21.0 0.0
0.0 21.0 0.0
-10.24854 19.013874 0.0
0.0 21.0 0.0
0.0 24.0 0.0
0.0 24.0 0.0
12.09897 22.446936 0.0
0.0 24.0 0.0
0.0 27.0 0.0
