0.0 0.0 0.0
0.0 3.0 0.0
0.0 3.0 0.0
-2.1168957 2.9118297 0.0
0.0 3.0 0.0
0.0 6.0 0.0
0.0 6.0 0.0
4.410199 6.066312 0.0
0.0 6.0 0.0
0.0 9.0 0.0
0.0 9.0 0.0
-5.6450553 7.7648797 0.0
-5.6450553 7.7648797 0.0
-8.037496 0.7757729 5.3698063
-5.6450553 7.7648797 0.0
-9.14113 4.808916 3.3194425
-9.14113 4.808916 3.3194425
-9.14113 5.1422496 3.3194425
-9.14113 4.808916 3.3194425
-7.582145 1.1750298 8.060131
0.0 9.0 0.0
0.0 12.0 0.0
0.0 12.0 0.0
-7.6443458 10.51494 0.0
0.0 12.0 0.0
0.0 15.0 0.0
0.0 15.0 0.0
9.702438 13.345886 0.0
0.0 15.0 0.0
0.0 18.0 0.0
0.0 18.0 0.0
10.937295 15.044454 0.0
10.937295 15.044454 0.0
10.937295 15.1644535 0.0
10.937295 15.044454 0.0
16.884026 8.179842 6.4314203
16.884026 8.179842 6.4314203
7.6144705 3.4256728 18.04454
16.884026 8.179842 6.4314203
13.679037 2.0228987 15.130257
0.0 18.0 0.0
0.0 21.0 0.0
0.0 21.0 0.0
-12.936584 17.794516 0.0
0.0 21.0 0.0
0.0 24.0 0.0
0.0 24.0 0.0
14.994678 20.62546 0.0
0.0 24.0 0.0
0.0 27.0 0.0
