0.0 0.0 0.0
0.0 3.0 0.0
0.0 3.0 0.0
-2.4969656 2.5932915 0.0
0.0 3.0 0.0
0.0 6.0 0.0
0.0 6.0 0.0
4.8552113 5.0425115 0.0
0.0 6.0 0.0
0.0 9.0 0.0
0.0 9.0 0.0
-7.282817 7.5637674 0.0
-7.282817 7.5637674 0.0
-8.318239 0.039201796 7.2776027
-7.282817 7.5637674 0.0
-9.441579 2.2420404 5.0513735
-9.441579 2.2420404 5.0513735
-9.441579 2.9920404 5.0513735
-9.441579 2.2420404 5.0513735
-4.6242 0.04815364 10.187495
0.0 9.0 0.0
0.0 12.0 0.0
0.0 12.0 0.0
-9.016821 9.364664 0.0
0.0 12.0 0.0
0.0 15.0 0.0
0.0 15.0 0.0
11.097626 11.525741 0.0
0.0 15.0 0.0
0.0 18.0 0.0
0.0 18.0 0.0
13.178431 13.686817 0.0
13.178431 13.686817 0.0
13.178431 13.806817 0.0
13.178431 13.686817 0.0
17.37211 4.35546 9.14058
17.37211 4.35546 9.14058
4.781098 8.663877 17.705494
17.37211 4.35546 9.14058
7.884777 -0.7127476 18.633821
0.0 18.0 0.0
0.0 21.0 0.0
0.0 21.0 0.0
-15.259235 15.847894 0.0
0.0 21.0 0.0
0.0 24.0 0.0
0.0 24.0 0.0
17.0626 17.720827 0.0
0.0 24.0 0.0
0.0 27.0 0.0
