0.0 0.0 0.0
0.0 3.0 0.0
0.0 3.0 0.0
-2.5549183 2.536216 0.0
0.0 3.0 0.0
0.0 6.0 0.0
0.0 6.0 0.0
4.9678965 4.9315314 0.0
0.0 6.0 0.0
0.0 9.0 0.0
0.0 9.0 0.0
-6.8131156 6.763243 0.0
-6.8131156 6.763243 0.0
-6.8834248 -5.165674E-4 6.8129315
-6.8131156 6.763243 0.0
-8.8911 2.062774 4.8352647
-8.8911 2.062774 4.8352647
-8.8911 2.3961072 4.8352647
-8.8911 2.062774 4.8352647
-4.523821 0.4999547 9.7164755
0.0 9.0 0.0
0.0 12.0 0.0
0.0 12.0 0.0
-9.226093 9.158558 0.0
0.0 12.0 0.0
0.0 15.0 0.0
0.0 15.0 0.0
11.071313 10.990271 0.0
0.0 15.0 0.0
0.0 18.0 0.0
0.0 18.0 0.0
13.484291 13.385586 0.0
13.484291 13.385586 0.0
13.484291 14.135586 0.0
13.484291 13.385586 0.0
17.256905 3.744999 9.569795
17.256905 3.744999 9.569795
4.14946 9.666095 17.18613
17.256905 3.744999 9.569795
6.863936 -0.74709725 18.989182
0.0 18.0 0.0
0.0 21.0 0.0
0.0 21.0 0.0
-15.613389 15.499099 0.0
0.0 21.0 0.0
0.0 24.0 0.0
0.0 24.0 0.0
18.097338 17.964865 0.0
0.0 24.0 0.0
0.0 27.0 0.0
