0.0 0.0 0.0
0.0 3.0 0.0
0.0 3.0 0.0
-1.8167815 3.107942 0.0
0.0 3.0 0.0
0.0 6.0 0.0
0.0 6.0 0.0
3.532631 6.0432205 0.0
0.0 6.0 0.0
0.0 9.0 0.0
0.0 9.0 0.0
-5.0466156 8.633173 0.0
-5.0466156 8.633173 0.0
-8.842045 2.1370633 4.3974495
-5.0466156 8.633173 0.0
-8.87515 6.5494184 2.5468328
-8.87515 6.5494184 2.5468328
-8.87515 6.6694183 2.5468328
-8.87515 6.5494184 2.5468328
-9.315086 3.2994268 6.6776714
0.0 9.0 0.0
0.0 12.0 0.0
0.0 12.0 0.0
-6.358736 10.877798 0.0
0.0 12.0 0.0
0.0 15.0 0.0
0.0 15.0 0.0
8.326916 14.244735 0.0
0.0 15.0 0.0
0.0 18.0 0.0
0.0 18.0 0.0
9.58857 16.403028 0.0
9.58857 16.403028 0.0
9.58857 17.153028 0.0
9.58857 16.403028 0.0
15.929161 10.846758 4.8389826
15.929161 10.846758 4.8389826
11.507669 2.349407 16.254297
15.929161 10.846758 4.8389826
15.994942 4.951512 12.216413
0.0 18.0 0.0
0.0 21.0 0.0
0.0 21.0 0.0
-10.90069 18.647654 0.0
0.0 21.0 0.0
0.0 24.0 0.0
0.0 24.0 0.0
12.86887 22.01459 0.0
0.0 24.0 0.0
0.0 27.0 0.0
