0.0 0.0 0.0
0.0 3.0 0.0
0.0 3.0 0.0
-2.1848865 3.9339893 0.0
0.0 3.0 0.0
0.0 6.0 0.0
0.0 6.0 0.0
3.3987122 6.119539 0.0
0.0 6.0 0.0
0.0 9.0 0.0
0.0 9.0 0.0
-4.8553033 8.742198 0.0
-4.8553033 8.742198 0.0
-8.879553 2.5054157 4.121766
-4.8553033 8.742198 0.0
-8.246636 6.106252 2.3573968
-8.246636 6.106252 2.3573968
-8.246636 6.856252 2.3573968
-8.246636 6.106252 2.3573968
-8.995022 3.7048993 6.064875
0.0 9.0 0.0
0.0 12.0 0.0
0.0 12.0 0.0
-6.5546594 11.801968 0.0
0.0 12.0 0.0
0.0 15.0 0.0
0.0 15.0 0.0
7.768485 13.987517 0.0
0.0 15.0 0.0
0.0 18.0 0.0
0.0 18.0 0.0
9.467841 17.047287 0.0
9.467841 17.047287 0.0
9.467841 17.167288 0.0
9.467841 17.047287 0.0
15.804188 11.408886 4.596924
15.804188 11.408886 4.596924
12.320347 2.4279556 15.846067
15.804188 11.408886 4.596924
16.152193 5.223522 11.692135
0.0 18.0 0.0
0.0 21.0 0.0
0.0 21.0 0.0
-10.487455 18.883148 0.0
0.0 21.0 0.0
0.0 24.0 0.0
0.0 24.0 0.0
11.944046 21.505808 0.0
0.0 24.0 0.0
0.0 27.0 0.0
