0.0 0.0 0.0
0.0 3.0 0.0
0.0 3.0 0.0
-2.5117831 3.7337575 0.0
0.0 3.0 0.0
0.0 6.0 0.0
0.0 6.0 0.0
3.6839485 5.4761777 0.0
0.0 6.0 0.0
0.0 9.0 0.0
0.0 9.0 0.0
-5.358471 7.9653497 0.0
-5.358471 7.9653497 0.0
-8.250265 1.1766337 4.9633408
-5.358471 7.9653497 0.0
-8.972307 5.371956 2.9909592
-8.972307 5.371956 2.9909592
-8.972307 6.121956 2.9909592
-8.972307 5.371956 2.9909592
-8.627455 2.4783366 7.489779
0.0 9.0 0.0
0.0 12.0 0.0
0.0 12.0 0.0
-7.2562623 10.78641 0.0
0.0 12.0 0.0
0.0 15.0 0.0
0.0 15.0 0.0
8.707515 12.943693 0.0
0.0 15.0 0.0
0.0 18.0 0.0
0.0 18.0 0.0
10.382037 15.432865 0.0
10.382037 15.432865 0.0
10.382037 16.182865 0.0
10.382037 15.432865 0.0
16.319826 8.826505 5.7949834
16.319826 8.826505 5.7949834
8.581899 2.6465204 17.300447
16.319826 8.826505 5.7949834
14.315404 2.8154159 13.917539
0.0 18.0 0.0
0.0 21.0 0.0
0.0 21.0 0.0
-12.279828 18.253925 0.0
0.0 21.0 0.0
0.0 24.0 0.0
0.0 24.0 0.0
14.233438 21.157959 0.0
0.0 24.0 0.0
0.0 27.0 0.0
