0.0 0.0 0.0
0.0 3.0 0.0
0.0 3.0 0.0
-1.2389388 3.803292 0.0
0.0 3.0 0.0
0.0 6.0 0.0
0.0 6.0 0.0
2.1681428 6.6557612 0.0
0.0 6.0 0.0
0.0 9.0 0.0
0.0 9.0 0.0
-2.9734533 9.127901 0.0
-2.9734533 9.127901 0.0
-7.7600203 6.567275 1.7513812
-2.9734533 9.127901 0.0
-5.8251557 8.754151 0.92098165
-5.8251557 8.754151 0.92098165
-5.8251557 8.874151 0.92098165
-5.8251557 8.754151 0.92098165
-8.17115 8.122712 2.6799433
0.0 9.0 0.0
0.0 12.0 0.0
0.0 12.0 0.0
-3.9026573 11.9803705 0.0
0.0 12.0 0.0
0.0 15.0 0.0
0.0 15.0 0.0
4.8318615 14.832839 0.0
0.0 15.0 0.0
0.0 18.0 0.0
0.0 18.0 0.0
5.884959 18.065638 0.0
5.884959 18.065638 0.0
5.884959 18.398972 0.0
5.884959 18.065638 0.0
11.225672 16.394909 1.8227761
11.225672 16.394909 1.8227761
16.316578 8.807611 8.085023
11.225672 16.394909 1.8227761
15.154592 13.883767 5.210118
0.0 18.0 0.0
0.0 21.0 0.0
0.0 21.0 0.0
-6.814163 20.918106 0.0
0.0 21.0 0.0
0.0 24.0 0.0
0.0 24.0 0.0
7.619474 23.390245 0.0
0.0 24.0 0.0
0.0 27.0 0.0
