0.0 0.0 0.0
0.0 3.0 0.0
0.0 3.0 0.0
-3.282646 3.0780244 0.0
0.0 3.0 0.0
0.0 6.0 0.0
0.0 6.0 0.0
5.4710765 5.1300406 0.0
0.0 6.0 0.0
0.0 9.0 0.0
0.0 9.0 0.0
-7.0029783 6.5664525 0.0
-7.0029783 6.5664525 0.0
-7.3302546 -0.021078587 6.9884987
-7.0029783 6.5664525 0.0
-8.504199 1.4076436 5.1085105
-8.504199 1.4076436 5.1085105
-8.504199 2.1576436 5.1085105
-8.504199 1.4076436 5.1085105
-3.5508885 0.4639616 9.6978655
0.0 9.0 0.0
0.0 12.0 0.0
0.0 12.0 0.0
-9.847938 9.234074 0.0
0.0 12.0 0.0
0.0 15.0 0.0
0.0 15.0 0.0
11.67163 10.944087 0.0
0.0 15.0 0.0
0.0 18.0 0.0
0.0 18.0 0.0
14.224799 13.338106 0.0
14.224799 13.338106 0.0
14.224799 14.088106 0.0
14.224799 13.338106 0.0
17.114582 2.709649 10.376662
17.114582 2.709649 10.376662
4.1887574 11.209166 16.412254
17.114582 2.709649 10.376662
5.5357876 -0.48037648 19.582386
0.0 18.0 0.0
0.0 21.0 0.0
0.0 21.0 0.0
-16.04849 15.04812 0.0
0.0 21.0 0.0
0.0 24.0 0.0
0.0 24.0 0.0
18.236921 17.100136 0.0
0.0 24.0 0.0
0.0 27.0 0.0
