0.0 0.0 0.0
0.0 3.0 0.0
0.0 3.0 0.0
-1.4337479 3.7342157 0.0
0.0 3.0 0.0
0.0 6.0 0.0
0.0 6.0 0.0
2.5090587 6.534878 0.0
0.0 6.0 0.0
0.0 9.0 0.0
0.0 9.0 0.0
-3.440995 8.962118 0.0
-3.440995 8.962118 0.0
-8.120725 5.1958213 2.302853
-3.440995 8.962118 0.0
-6.5696974 8.148748 1.2333798
-6.5696974 8.148748 1.2333798
-6.5696974 8.268748 1.2333798
-6.5696974 8.148748 1.2333798
-8.771397 6.967735 3.506249
0.0 9.0 0.0
0.0 12.0 0.0
0.0 12.0 0.0
-4.516306 11.76278 0.0
0.0 12.0 0.0
0.0 15.0 0.0
0.0 15.0 0.0
5.91421 15.40364 0.0
0.0 15.0 0.0
0.0 18.0 0.0
0.0 18.0 0.0
6.8103023 17.737524 0.0
6.8103023 17.737524 0.0
6.8103023 17.857525 0.0
6.8103023 17.737524 0.0
12.508182 14.840203 2.4410641
12.508182 14.840203 2.4410641
16.125692 6.457524 10.184804
12.508182 14.840203 2.4410641
15.941271 11.38259 6.7622595
0.0 18.0 0.0
0.0 21.0 0.0
0.0 21.0 0.0
-7.8856134 20.538187 0.0
0.0 21.0 0.0
0.0 24.0 0.0
0.0 24.0 0.0
8.960924 23.338848 0.0
0.0 24.0 0.0
0.0 27.0 0.0
