0.0 0.0 0.0
0.0 3.0 0.0
0.0 3.0 0.0
-2.9324656 3.4133043 0.0
0.0 3.0 0.0
0.0 6.0 0.0
0.0 6.0 0.0
4.8874426 5.6888404 0.0
0.0 6.0 0.0
0.0 9.0 0.0
0.0 9.0 0.0
-6.2559266 7.2817163 0.0
-6.2559266 7.2817163 0.0
-7.4592466 0.1834116 6.1844993
-6.2559266 7.2817163 0.0
-9.321973 3.5687883 4.0767307
-9.321973 3.5687883 4.0767307
-9.321973 3.9021215 4.0767307
-9.321973 3.5687883 4.0767307
-6.325509 0.5889344 9.166997
0.0 9.0 0.0
0.0 12.0 0.0
0.0 12.0 0.0
-8.210904 9.557253 0.0
0.0 12.0 0.0
0.0 15.0 0.0
0.0 15.0 0.0
10.752374 12.51545 0.0
0.0 15.0 0.0
0.0 18.0 0.0
0.0 18.0 0.0
12.120858 14.108325 0.0
12.120858 14.108325 0.0
12.120858 14.858325 0.0
12.120858 14.108325 0.0
16.558434 5.165209 7.8986664
16.558434 5.165209 7.8986664
4.4242296 6.049154 17.559557
16.558434 5.165209 7.8986664
9.64011 -0.15405941 16.781685
0.0 18.0 0.0
0.0 21.0 0.0
0.0 21.0 0.0
-14.662328 17.066523 0.0
0.0 21.0 0.0
0.0 24.0 0.0
0.0 24.0 0.0
16.291475 18.962803 0.0
0.0 24.0 0.0
0.0 27.0 0.0
