0.0 0.0 0.0
0.0 3.0 0.0
0.0 3.0 0.0
-2.4787693 2.6106899 0.0
0.0 3.0 0.0
0.0 6.0 0.0
0.0 6.0 0.0
5.164103 5.438937 0.0
0.0 6.0 0.0
0.0 9.0 0.0
0.0 9.0 0.0
-6.885471 7.2519164 0.0
-6.885471 7.2519164 0.0
-8.009651 0.058317453 6.876225
-6.885471 7.2519164 0.0
-9.027504 2.2560318 4.7409706
-9.027504 2.2560318 4.7409706
-9.027504 2.589365 4.7409706
-9.027504 2.2560318 4.7409706
-4.62222 0.10123658 9.653974
0.0 9.0 0.0
0.0 12.0 0.0
0.0 12.0 0.0
-9.295385 9.790088 0.0
0.0 12.0 0.0
0.0 15.0 0.0
0.0 15.0 0.0
11.016753 11.603066 0.0
0.0 15.0 0.0
0.0 18.0 0.0
0.0 18.0 0.0
13.082395 13.778642 0.0
13.082395 13.778642 0.0
13.082395 13.898642 0.0
13.082395 13.778642 0.0
17.400135 4.5475297 9.007845
17.400135 4.5475297 9.007845
4.241929 8.325255 17.84343
17.400135 4.5475297 9.007845
8.816917 -0.03217411 18.513226
0.0 18.0 0.0
0.0 21.0 0.0
0.0 21.0 0.0
-15.148036 15.954216 0.0
0.0 21.0 0.0
0.0 24.0 0.0
0.0 24.0 0.0
17.557951 18.492388 0.0
0.0 24.0 0.0
0.0 27.0 0.0
