0.0 0.0 0.0
0.0 3.0 0.0
0.0 3.0 0.0
-2.5042791 2.5862298 0.0
0.0 3.0 0.0
0.0 6.0 0.0
0.0 6.0 0.0
4.869432 5.0287805 0.0
0.0 6.0 0.0
0.0 9.0 0.0
0.0 9.0 0.0
-6.678078 6.8966136 0.0
-6.678078 6.8966136 0.0
-7.6495705 0.0312877 6.674618
-6.678078 6.8966136 0.0
-8.661412 2.0482376 4.645492
-8.661412 2.0482376 4.645492
-8.661412 2.1682374 4.645492
-8.661412 2.0482376 4.645492
-4.26902 0.109362364 9.3624735
0.0 9.0 0.0
0.0 12.0 0.0
0.0 12.0 0.0
-9.04323 9.339164 0.0
0.0 12.0 0.0
0.0 15.0 0.0
0.0 15.0 0.0
11.13013 11.494355 0.0
0.0 15.0 0.0
0.0 18.0 0.0
0.0 18.0 0.0
13.564846 14.008745 0.0
13.564846 14.008745 0.0
13.564846 14.758745 0.0
13.564846 14.008745 0.0
17.789139 4.362531 9.436156
17.789139 4.362531 9.436156
4.408279 9.005215 18.083662
17.789139 4.362531 9.436156
8.543415 -0.11212683 19.153622
0.0 18.0 0.0
0.0 21.0 0.0
0.0 21.0 0.0
-15.025676 15.51738 0.0
0.0 21.0 0.0
0.0 24.0 0.0
0.0 24.0 0.0
17.112576 17.672571 0.0
0.0 24.0 0.0
0.0 27.0 0.0
