0.0 0.0 0.0
0.0 3.0 0.0
0.0 3.0 0.0
-3.1143968 1.8056943 0.0
0.0 3.0 0.0
0.0 6.0 0.0
0.0 6.0 0.0
6.0557714 3.5110726 0.0
0.0 6.0 0.0
0.0 9.0 0.0
0.0 9.0 0.0
-8.651102 5.0158176 0.0
-8.651102 5.0158176 0.0
-6.777696 1.0725014 7.5078335
-8.651102 5.0158176 0.0
-7.380827 -0.73649216 7.4841566
-7.380827 -0.73649216 7.4841566
-7.380827 -0.61649215 7.4841566
-7.380827 -0.73649216 7.4841566
0.7301332 2.7815075 10.139145
0.0 9.0 0.0
0.0 12.0 0.0
0.0 12.0 0.0
-11.246433 6.520563 0.0
0.0 12.0 0.0
0.0 15.0 0.0
0.0 15.0 0.0
13.8417635 8.025309 0.0
0.0 15.0 0.0
0.0 18.0 0.0
0.0 18.0 0.0
16.86965 9.780845 0.0
16.86965 9.780845 0.0
16.86965 10.114178 0.0
16.86965 9.780845 0.0
13.224714 -2.1132946 14.594107
13.224714 -2.1132946 14.594107
8.012269 17.578165 4.2262187
13.224714 -2.1132946 14.594107
-3.9687185 4.6255355 18.760973
0.0 18.0 0.0
0.0 21.0 0.0
0.0 21.0 0.0
-19.032425 11.0348 0.0
0.0 21.0 0.0
0.0 24.0 0.0
0.0 24.0 0.0
21.627756 12.539545 0.0
0.0 24.0 0.0
0.0 27.0 0.0
