0.0 0.0 0.0
0.0 3.0 0.0
0.0 3.0 0.0
-1.5273136 3.696933 0.0
0.0 3.0 0.0
0.0 6.0 0.0
0.0 6.0 0.0
2.6727989 6.4696326 0.0
0.0 6.0 0.0
0.0 9.0 0.0
0.0 9.0 0.0
-3.6655529 8.87264 0.0
-3.6655529 8.87264 0.0
-8.337108 4.688878 2.587136
-3.6655529 8.87264 0.0
-6.748064 7.4613605 1.3996122
-6.748064 7.4613605 1.3996122
-6.748064 7.5813603 1.3996122
-6.748064 7.4613605 1.3996122
-8.692025 6.1050596 3.8701706
0.0 9.0 0.0
0.0 12.0 0.0
0.0 12.0 0.0
-4.963769 12.015033 0.0
0.0 12.0 0.0
0.0 15.0 0.0
0.0 15.0 0.0
5.956523 14.418039 0.0
0.0 15.0 0.0
0.0 18.0 0.0
0.0 18.0 0.0
7.1020083 17.190739 0.0
7.1020083 17.190739 0.0
7.1020083 17.31074 0.0
7.1020083 17.190739 0.0
12.859595 13.936504 2.7117484
12.859595 13.936504 2.7117484
15.169339 5.0300574 10.997305
12.859595 13.936504 2.7117484
15.578236 9.292343 7.4164467
0.0 18.0 0.0
0.0 21.0 0.0
0.0 21.0 0.0
-8.247494 19.963438 0.0
0.0 21.0 0.0
0.0 24.0 0.0
0.0 24.0 0.0
9.736624 23.567947 0.0
0.0 24.0 0.0
0.0 27.0 0.0
