0.0 0.0 0.0
0.0 3.0 0.0
0.0 3.0 0.0
-1.3682016 3.7587264 0.0
0.0 3.0 0.0
0.0 6.0 0.0
0.0 6.0 0.0
2.2575326 6.2018986 0.0
0.0 6.0 0.0
0.0 9.0 0.0
0.0 9.0 0.0
-3.283684 9.020944 0.0
-3.283684 9.020944 0.0
-7.940011 5.548469 2.1108735
-3.283684 9.020944 0.0
-6.498191 8.8309 1.1231854
-6.498191 8.8309 1.1231854
-6.498191 9.164233 1.1231854
-6.498191 8.8309 1.1231854
-8.739563 7.2806883 3.2781453
0.0 9.0 0.0
0.0 12.0 0.0
0.0 12.0 0.0
-4.3098354 11.839989 0.0
0.0 12.0 0.0
0.0 15.0 0.0
0.0 15.0 0.0
5.6438317 15.504746 0.0
0.0 15.0 0.0
0.0 18.0 0.0
0.0 18.0 0.0
6.362138 17.478079 0.0
6.362138 17.478079 0.0
6.362138 17.59808 0.0
6.362138 17.478079 0.0
11.938211 15.318602 2.1761718
11.938211 15.318602 2.1761718
15.994934 7.0101547 9.341277
11.938211 15.318602 2.1761718
15.286961 11.375864 6.1283784
0.0 18.0 0.0
0.0 21.0 0.0
0.0 21.0 0.0
-7.525109 20.672995 0.0
0.0 21.0 0.0
0.0 24.0 0.0
0.0 24.0 0.0
8.722285 23.96188 0.0
0.0 24.0 0.0
0.0 27.0 0.0
