0.0 0.0 0.0
0.0 3.0 0.0
0.0 3.0 0.0
-3.4235632 2.920482 0.0
0.0 3.0 0.0
0.0 6.0 0.0
0.0 6.0 0.0
5.705939 4.86747 0.0
0.0 6.0 0.0
0.0 9.0 0.0
0.0 9.0 0.0
-7.988314 6.814458 0.0
-7.988314 6.814458 0.0
-7.256889 0.11673772 7.8884735
-7.988314 6.814458 0.0
-9.690216 1.451813 6.077444
-9.690216 1.451813 6.077444
-9.690216 1.7851464 6.077444
-9.690216 1.451813 6.077444
-2.9460545 0.32431448 11.316474
0.0 9.0 0.0
0.0 12.0 0.0
0.0 12.0 0.0
-10.27069 8.761446 0.0
0.0 12.0 0.0
0.0 15.0 0.0
0.0 15.0 0.0
11.868353 10.124338 0.0
0.0 15.0 0.0
0.0 18.0 0.0
0.0 18.0 0.0
14.150728 12.071325 0.0
14.150728 12.071325 0.0
14.150728 12.404658 0.0
14.150728 12.071325 0.0
15.904785 1.4963036 10.7657585
15.904785 1.4963036 10.7657585
3.666752 12.718988 14.009228
15.904785 1.4963036 10.7657585
3.6629891 0.3228544 19.087166
0.0 18.0 0.0
0.0 21.0 0.0
0.0 21.0 0.0
-16.737421 14.277912 0.0
0.0 21.0 0.0
0.0 24.0 0.0
0.0 24.0 0.0
18.715479 15.9653015 0.0
0.0 24.0 0.0
0.0 27.0 0.0
