0.0 0.0 0.0
0.0 3.0 0.0
0.0 3.0 0.0
-1.2189649 3.8097408 0.0
0.0 3.0 0.0
0.0 6.0 0.0
0.0 6.0 0.0
2.1331887 6.6670465 0.0
0.0 6.0 0.0
0.0 9.0 0.0
0.0 9.0 0.0
-3.1997828 10.000569 0.0
-3.1997828 10.000569 0.0
-8.1203 6.9020824 1.8574501
-3.1997828 10.000569 0.0
-6.1330585 9.16763 0.97510576
-6.1330585 9.16763 0.97510576
-6.1330585 9.500963 0.97510576
-6.1330585 9.16763 0.97510576
-8.531345 8.470685 2.797721
0.0 9.0 0.0
0.0 12.0 0.0
0.0 12.0 0.0
-4.1140065 12.857875 0.0
0.0 12.0 0.0
0.0 15.0 0.0
0.0 15.0 0.0
4.8758597 15.238963 0.0
0.0 15.0 0.0
0.0 18.0 0.0
0.0 18.0 0.0
5.942454 18.572487 0.0
5.942454 18.572487 0.0
5.942454 18.692488 0.0
5.942454 18.572487 0.0
11.507509 17.392967 1.8109107
11.507509 17.392967 1.8109107
16.93998 9.431118 8.154586
11.507509 17.392967 1.8109107
15.670695 14.822491 5.2315874
0.0 18.0 0.0
0.0 21.0 0.0
0.0 21.0 0.0
-6.8566775 21.429792 0.0
0.0 21.0 0.0
0.0 24.0 0.0
0.0 24.0 0.0
7.6185308 23.81088 0.0
0.0 24.0 0.0
0.0 27.0 0.0
