0.0 0.0 0.0
0.0 3.0 0.0
0.0 3.0 0.0
-3.3081577 3.050589 0.0
0.0 3.0 0.0
0.0 6.0 0.0
0.0 6.0 0.0
5.1460233 4.7453604 0.0
0.0 6.0 0.0
0.0 9.0 0.0
0.0 9.0 0.0
-7.0574036 6.5079236 0.0
-7.0574036 6.5079236 0.0
-6.8650107 0.015611827 7.0342827
-7.0574036 6.5079236 0.0
-9.130295 1.911499 5.1882234
-9.130295 1.911499 5.1882234
-9.130295 2.031499 5.1882234
-9.130295 1.911499 5.1882234
-4.118257 0.5664159 10.229242
0.0 9.0 0.0
0.0 12.0 0.0
0.0 12.0 0.0
-9.262842 8.54165 0.0
0.0 12.0 0.0
0.0 15.0 0.0
0.0 15.0 0.0
11.762339 10.846539 0.0
0.0 15.0 0.0
0.0 18.0 0.0
0.0 18.0 0.0
14.33535 13.219219 0.0
14.33535 13.219219 0.0
14.33535 13.339219 0.0
14.33535 13.219219 0.0
17.04116 2.4951391 10.538578
17.04116 2.4951391 10.538578
4.195548 11.580942 16.132975
17.04116 2.4951391 10.538578
5.516423 -0.088858604 19.671938
0.0 18.0 0.0
0.0 21.0 0.0
0.0 21.0 0.0
-15.879157 14.642827 0.0
0.0 21.0 0.0
0.0 24.0 0.0
0.0 24.0 0.0
18.746227 17.28667 0.0
0.0 24.0 0.0
0.0 27.0 0.0
