0.0 0.0 0.0
0.0 3.0 0.0
0.0 3.0 0.0
-3.6898863 2.5757987 0.0
0.0 3.0 0.0
0.0 6.0 0.0
0.0 6.0 0.0
5.739823 4.0067983 0.0
0.0 6.0 0.0
0.0 9.0 0.0
0.0 9.0 0.0
-8.199747 5.723997 0.0
-8.199747 5.723997 0.0
-7.051559 0.42164397 7.697157
-8.199747 5.723997 0.0
-8.200085 2.3579597E-4 6.723585
-8.200085 2.3579597E-4 6.723585
-8.200085 0.7502358 6.723585
-8.200085 2.3579597E-4 6.723585
-0.35111898 1.2444575 10.572441
0.0 9.0 0.0
0.0 12.0 0.0
0.0 12.0 0.0
-10.659672 7.4411964 0.0
0.0 12.0 0.0
0.0 15.0 0.0
0.0 15.0 0.0
13.529583 9.444595 0.0
0.0 15.0 0.0
0.0 18.0 0.0
0.0 18.0 0.0
15.579519 10.875595 0.0
15.579519 10.875595 0.0
15.579519 11.208928 0.0
15.579519 10.875595 0.0
14.842184 -0.51471186 12.774812
14.842184 -0.51471186 12.774812
6.118339 15.97843 9.528761
14.842184 -0.51471186 12.774812
-1.0630507 1.6718438 19.482513
0.0 18.0 0.0
0.0 21.0 0.0
0.0 21.0 0.0
-17.711454 12.363834 0.0
0.0 21.0 0.0
0.0 24.0 0.0
0.0 24.0 0.0
20.499369 14.309994 0.0
0.0 24.0 0.0
0.0 27.0 0.0
