0.0 0.0 0.0
0.0 3.0 0.0
0.0 3.0 0.0
-3.3494234 3.0052223 0.0
0.0 3.0 0.0
0.0 6.0 0.0
0.0 6.0 0.0
5.2102146 4.6747904 0.0
0.0 6.0 0.0
0.0 9.0 0.0
0.0 9.0 0.0
-7.4431634 6.678272 0.0
-7.4431634 6.678272 0.0
-7.057422 0.04191047 7.3996162
-7.4431634 6.678272 0.0
-8.736937 1.1608195 5.540068
-8.736937 1.1608195 5.540068
-8.736937 1.9108195 5.540068
-8.736937 1.1608195 5.540068
-2.453393 -0.09775138 10.202852
0.0 9.0 0.0
0.0 12.0 0.0
0.0 12.0 0.0
-10.04827 9.015667 0.0
0.0 12.0 0.0
0.0 15.0 0.0
0.0 15.0 0.0
11.909061 10.685235 0.0
0.0 15.0 0.0
0.0 18.0 0.0
0.0 18.0 0.0
13.844284 12.421586 0.0
13.844284 12.421586 0.0
13.844284 12.541586 0.0
13.844284 12.421586 0.0
16.53652 2.4155703 10.304527
16.53652 2.4155703 10.304527
3.820184 11.686149 15.326742
16.53652 2.4155703 10.304527
4.4975934 -0.4972279 19.190044
0.0 18.0 0.0
0.0 21.0 0.0
0.0 21.0 0.0
-16.37496 14.692198 0.0
0.0 21.0 0.0
0.0 24.0 0.0
0.0 24.0 0.0
18.980066 17.029593 0.0
0.0 24.0 0.0
0.0 27.0 0.0
