0.0 0.0 0.0
0.0 3.0 0.0
0.0 3.0 0.0
-2.3860486 3.8153336 0.0
0.0 3.0 0.0
0.0 6.0 0.0
0.0 6.0 0.0
3.7116313 5.9349637 0.0
0.0 6.0 0.0
0.0 9.0 0.0
0.0 9.0 0.0
-5.090237 8.139379 0.0
-5.090237 8.139379 0.0
-8.401378 1.6119192 4.576725
-5.090237 8.139379 0.0
-8.770248 5.884403 2.6990118
-8.770248 5.884403 2.6990118
-8.770248 6.2177367 2.6990118
-8.770248 5.884403 2.6990118
-8.529398 2.313888 6.9386377
0.0 9.0 0.0
0.0 12.0 0.0
0.0 12.0 0.0
-6.6809363 10.682935 0.0
0.0 12.0 0.0
0.0 15.0 0.0
0.0 15.0 0.0
8.748845 13.989557 0.0
0.0 15.0 0.0
0.0 18.0 0.0
0.0 18.0 0.0
10.339544 16.533113 0.0
10.339544 16.533113 0.0
10.339544 16.653114 0.0
10.339544 16.533113 0.0
16.729246 10.217249 5.482368
16.729246 10.217249 5.482368
10.533734 2.4662888 17.441235
16.729246 10.217249 5.482368
15.508974 3.5311327 13.518635
0.0 18.0 0.0
0.0 21.0 0.0
0.0 21.0 0.0
-11.453033 18.313602 0.0
0.0 21.0 0.0
0.0 24.0 0.0
0.0 24.0 0.0
13.043733 20.857159 0.0
0.0 24.0 0.0
0.0 27.0 0.0
