0.0 0.0 0.0
0.0 3.0 0.0
0.0 3.0 0.0
-3.3284256 2.2184641 0.0
0.0 3.0 0.0
0.0 6.0 0.0
0.0 6.0 0.0
6.240798 4.1596203 0.0
0.0 6.0 0.0
0.0 9.0 0.0
0.0 9.0 0.0
-8.321064 5.54616 0.0
-8.321064 5.54616 0.0
-7.043473 0.5326333 7.6803346
-8.321064 5.54616 0.0
-8.422706 0.06774616 6.9240108
-8.422706 0.06774616 6.9240108
-8.422706 0.4010795 6.9240108
-8.422706 0.06774616 6.9240108
-0.6999191 1.7766147 10.848755
0.0 9.0 0.0
0.0 12.0 0.0
0.0 12.0 0.0
-10.484541 6.988162 0.0
0.0 12.0 0.0
0.0 15.0 0.0
0.0 15.0 0.0
13.729755 9.151165 0.0
0.0 15.0 0.0
0.0 18.0 0.0
0.0 18.0 0.0
16.226074 10.815013 0.0
16.226074 10.815013 0.0
16.226074 10.935013 0.0
16.226074 10.815013 0.0
14.489629 -1.1573768 13.501821
14.489629 -1.1573768 13.501821
6.180396 16.965973 8.178384
14.489629 -1.1573768 13.501821
-1.4889904 2.8517418 19.545238
0.0 18.0 0.0
0.0 21.0 0.0
0.0 21.0 0.0
-18.722395 12.478861 0.0
0.0 21.0 0.0
0.0 24.0 0.0
0.0 24.0 0.0
20.80266 13.865401 0.0
0.0 24.0 0.0
0.0 27.0 0.0
