0.0 0.0 0.0
0.0 3.0 0.0
0.0 3.0 0.0
-2.7347157 2.9191318 0.0
0.0 3.0 0.0
0.0 6.0 0.0
0.0 6.0 0.0
4.7857523 5.1084805 0.0
0.0 6.0 0.0
0.0 9.0 0.0
0.0 9.0 0.0
-6.836789 7.2978296 0.0
-6.836789 7.2978296 0.0
-7.6439757 0.052713335 6.822257
-6.836789 7.2978296 0.0
-9.040738 2.3525727 4.6741686
-9.040738 2.3525727 4.6741686
-9.040738 2.685906 4.6741686
-9.040738 2.3525727 4.6741686
-4.774911 0.12067485 9.592091
0.0 9.0 0.0
0.0 12.0 0.0
0.0 12.0 0.0
-8.887826 9.487178 0.0
0.0 12.0 0.0
0.0 15.0 0.0
0.0 15.0 0.0
10.938863 11.676527 0.0
0.0 15.0 0.0
0.0 18.0 0.0
0.0 18.0 0.0
13.331739 14.230767 0.0
13.331739 14.230767 0.0
13.331739 14.980767 0.0
13.331739 14.230767 0.0
17.855053 4.8283443 9.11463
17.855053 4.8283443 9.11463
5.0496078 8.27837 18.411066
17.855053 4.8283443 9.11463
8.672917 -0.68670607 18.858826
0.0 18.0 0.0
0.0 21.0 0.0
0.0 21.0 0.0
-14.767465 15.763311 0.0
0.0 21.0 0.0
0.0 24.0 0.0
0.0 24.0 0.0
17.433813 18.609465 0.0
0.0 24.0 0.0
0.0 27.0 0.0
