0.0 0.0 0.0
0.0 3.0 0.0
0.0 3.0 0.0
-2.9633892 2.0440948 0.0
0.0 3.0 0.0
0.0 6.0 0.0
0.0 6.0 0.0
5.762146 3.9746287 0.0
0.0 6.0 0.0
0.0 9.0 0.0
0.0 9.0 0.0
-7.902372 5.4509196 0.0
-7.902372 5.4509196 0.0
-6.20465 0.64509106 7.38707
-7.902372 5.4509196 0.0
-7.528634 -0.25779772 6.5049458
-7.528634 -0.25779772 6.5049458
-7.528634 -0.13779771 6.5049458
-7.528634 -0.25779772 6.5049458
-0.40939486 1.5942175 9.890833
0.0 9.0 0.0
0.0 12.0 0.0
0.0 12.0 0.0
-11.11271 7.665355 0.0
0.0 12.0 0.0
0.0 15.0 0.0
0.0 15.0 0.0
12.841353 8.857744 0.0
0.0 15.0 0.0
0.0 18.0 0.0
0.0 18.0 0.0
15.310845 10.561156 0.0
15.310845 10.561156 0.0
15.310845 10.681156 0.0
15.310845 10.561156 0.0
14.864545 -0.3078494 12.603332
14.864545 -0.3078494 12.603332
5.8845325 16.015509 9.418585
14.864545 -0.3078494 12.603332
-0.117056906 2.2692819 19.392178
0.0 18.0 0.0
0.0 21.0 0.0
0.0 21.0 0.0
-18.521183 12.775592 0.0
0.0 21.0 0.0
0.0 24.0 0.0
0.0 24.0 0.0
20.990675 14.479005 0.0
0.0 24.0 0.0
0.0 27.0 0.0
