0.0 0.0 0.0
0.0 3.0 0.0
0.0 3.0 0.0
-3.4104533 2.0901692 0.0
0.0 3.0 0.0
0.0 6.0 0.0
0.0 6.0 0.0
5.968293 3.6577961 0.0
0.0 6.0 0.0
0.0 9.0 0.0
0.0 9.0 0.0
-8.526134 5.225423 0.0
-8.526134 5.225423 0.0
-6.7097387 0.9252651 7.597238
-8.526134 5.225423 0.0
-7.6359434 -0.54557204 7.269495
-7.6359434 -0.54557204 7.269495
-7.6359434 -0.2122387 7.269495
-7.6359434 -0.54557204 7.269495
0.76630366 2.119998 10.309126
0.0 9.0 0.0
0.0 12.0 0.0
0.0 12.0 0.0
-11.083973 6.79305 0.0
0.0 12.0 0.0
0.0 15.0 0.0
0.0 15.0 0.0
13.641813 8.360677 0.0
0.0 15.0 0.0
0.0 18.0 0.0
0.0 18.0 0.0
16.199654 9.928304 0.0
16.199654 9.928304 0.0
16.199654 10.261637 0.0
16.199654 9.928304 0.0
13.399895 -1.7158909 13.81204
13.399895 -1.7158909 13.81204
7.115027 17.01353 5.670747
13.399895 -1.7158909 13.81204
-3.4462066 3.487547 18.642303
0.0 18.0 0.0
0.0 21.0 0.0
0.0 21.0 0.0
-18.757494 11.495931 0.0
0.0 21.0 0.0
0.0 24.0 0.0
0.0 24.0 0.0
21.74164 13.324828 0.0
0.0 24.0 0.0
0.0 27.0 0.0
