0.0 0.0 0.0
0.0 3.0 0.0
0.0 3.0 0.0
-1.4868106 3.7134073 0.0
0.0 3.0 0.0
0.0 6.0 0.0
0.0 6.0 0.0
2.4532373 6.127122 0.0
0.0 6.0 0.0
0.0 9.0 0.0
0.0 9.0 0.0
-3.9028778 9.747694 0.0
-3.9028778 9.747694 0.0
-9.288851 5.647667 2.6935387
-3.9028778 9.747694 0.0
-7.2099104 8.259532 1.4507099
-7.2099104 8.259532 1.4507099
-7.2099104 8.379532 1.4507099
-7.2099104 8.259532 1.4507099
-9.154963 6.308608 4.026712
0.0 9.0 0.0
0.0 12.0 0.0
0.0 12.0 0.0
-5.017986 12.532749 0.0
0.0 12.0 0.0
0.0 15.0 0.0
0.0 15.0 0.0
6.1330934 15.317805 0.0
0.0 15.0 0.0
0.0 18.0 0.0
0.0 18.0 0.0
6.913669 17.267344 0.0
6.913669 17.267344 0.0
6.913669 17.387344 0.0
6.913669 17.267344 0.0
12.934328 15.036991 2.569829
12.934328 15.036991 2.569829
15.9507675 5.732831 10.786238
12.934328 15.036991 2.569829
16.221502 10.779766 7.1934295
0.0 18.0 0.0
0.0 21.0 0.0
0.0 21.0 0.0
-8.36331 20.887917 0.0
0.0 21.0 0.0
0.0 24.0 0.0
0.0 24.0 0.0
9.292566 23.208796 0.0
0.0 24.0 0.0
0.0 27.0 0.0
