0.0 0.0 0.0
0.0 3.0 0.0
0.0 3.0 0.0
-2.2471638 3.8987503 0.0
0.0 3.0 0.0
0.0 6.0 0.0
0.0 6.0 0.0
3.29584 5.7181673 0.0
0.0 6.0 0.0
0.0 9.0 0.0
0.0 9.0 0.0
-4.7939496 8.317334 0.0
-4.7939496 8.317334 0.0
-8.505333 2.1499755 4.1481895
-4.7939496 8.317334 0.0
-8.051529 5.6517854 2.3939533
-8.051529 5.6517854 2.3939533
-8.051529 5.985119 2.3939533
-8.051529 5.6517854 2.3939533
-8.579363 3.3097274 6.0947843
0.0 9.0 0.0
0.0 12.0 0.0
0.0 12.0 0.0
-6.491806 11.263057 0.0
0.0 12.0 0.0
0.0 15.0 0.0
0.0 15.0 0.0
7.790168 13.515668 0.0
0.0 15.0 0.0
0.0 18.0 0.0
0.0 18.0 0.0
9.737709 16.894585 0.0
9.737709 16.894585 0.0
9.737709 17.644585 0.0
9.737709 16.894585 0.0
16.245428 11.290667 4.862717
16.245428 11.290667 4.862717
12.391452 2.6301382 16.494602
16.245428 11.290667 4.862717
16.228043 4.8325553 12.3254795
0.0 18.0 0.0
0.0 21.0 0.0
0.0 21.0 0.0
-10.986134 19.060558 0.0
0.0 21.0 0.0
0.0 24.0 0.0
0.0 24.0 0.0
12.733928 22.092918 0.0
0.0 24.0 0.0
0.0 27.0 0.0
