0.0 0.0 0.0
0.0 3.0 0.0
0.0 3.0 0.0
-3.1228385 2.4995759 0.0
0.0 3.0 0.0
0.0 6.0 0.0
0.0 6.0 0.0
5.1526833 4.1243 0.0
0.0 6.0 0.0
0.0 9.0 0.0
0.0 9.0 0.0
-8.197451 6.5613866 0.0
-8.197451 6.5613866 0.0
-7.120538 0.24172878 7.998429
-8.197451 6.5613866 0.0
-8.7920065 0.47589278 6.3998284
-8.7920065 0.47589278 6.3998284
-8.7920065 1.2258928 6.3998284
-8.7920065 0.47589278 6.3998284
-1.1509473 0.28378752 10.863218
0.0 9.0 0.0
0.0 12.0 0.0
0.0 12.0 0.0
-10.149225 8.123622 0.0
0.0 12.0 0.0
0.0 15.0 0.0
0.0 15.0 0.0
12.17907 9.748346 0.0
0.0 15.0 0.0
0.0 18.0 0.0
0.0 18.0 0.0
14.521199 11.623028 0.0
14.521199 11.623028 0.0
14.521199 12.373028 0.0
14.521199 11.623028 0.0
15.915693 1.1161771 11.33684
15.915693 1.1161771 11.33684
4.3922577 13.923444 13.046346
15.915693 1.1161771 11.33684
2.726634 0.7800803 19.509857
0.0 18.0 0.0
0.0 21.0 0.0
0.0 21.0 0.0
-17.175611 13.747667 0.0
0.0 21.0 0.0
0.0 24.0 0.0
0.0 24.0 0.0
19.205458 15.372392 0.0
0.0 24.0 0.0
0.0 27.0 0.0
