0.0 0.0 0.0
0.0 3.0 0.0
0.0 3.0 0.0
-1.8773439 3.071739 0.0
0.0 3.0 0.0
0.0 6.0 0.0
0.0 6.0 0.0
3.9111333 6.399456 0.0
0.0 6.0 0.0
0.0 9.0 0.0
0.0 9.0 0.0
-5.4755864 8.959239 0.0
-5.4755864 8.959239 0.0
-9.7796 2.2059116 4.8728585
-5.4755864 8.959239 0.0
-9.180111 6.0613995 2.855433
-9.180111 6.0613995 2.855433
-9.180111 6.8113995 2.855433
-9.180111 6.0613995 2.855433
-9.356209 3.1435666 7.223714
0.0 9.0 0.0
0.0 12.0 0.0
0.0 12.0 0.0
-6.570704 10.751086 0.0
0.0 12.0 0.0
0.0 15.0 0.0
0.0 15.0 0.0
8.604493 14.078803 0.0
0.0 15.0 0.0
0.0 18.0 0.0
0.0 18.0 0.0
10.168946 16.638586 0.0
10.168946 16.638586 0.0
10.168946 17.388586 0.0
10.168946 16.638586 0.0
16.601791 10.5255165 5.302947
16.601791 10.5255165 5.302947
10.774975 2.3165622 17.193056
16.601791 10.5255165 5.302947
15.998508 4.315848 13.182373
0.0 18.0 0.0
0.0 21.0 0.0
0.0 21.0 0.0
-11.733399 19.198368 0.0
0.0 21.0 0.0
0.0 24.0 0.0
0.0 24.0 0.0
13.297853 21.75815 0.0
0.0 24.0 0.0
0.0 27.0 0.0
