0.0 0.0 0.0
0.0 3.0 0.0
0.0 3.0 0.0
-1.7947013 3.1207445 0.0
0.0 3.0 0.0
0.0 6.0 0.0
0.0 6.0 0.0
3.7389612 6.501551 0.0
0.0 6.0 0.0
0.0 9.0 0.0
0.0 9.0 0.0
-4.9852815 8.6687355 0.0
-4.9852815 8.6687355 0.0
-8.857312 2.2530923 4.308887
-4.9852815 8.6687355 0.0
-8.367014 5.880378 2.4853032
-8.367014 5.880378 2.4853032
-8.367014 6.630378 2.4853032
-8.367014 5.880378 2.4853032
-8.643569 2.9661944 6.325636
0.0 9.0 0.0
0.0 12.0 0.0
0.0 12.0 0.0
-6.281455 10.922606 0.0
0.0 12.0 0.0
0.0 15.0 0.0
0.0 15.0 0.0
8.225715 14.303412 0.0
0.0 15.0 0.0
0.0 18.0 0.0
0.0 18.0 0.0
9.272624 16.123848 0.0
9.272624 16.123848 0.0
9.272624 16.243849 0.0
9.272624 16.123848 0.0
15.75408 11.270382 4.622664
15.75408 11.270382 4.622664
11.820439 2.3337212 15.941513
15.75408 11.270382 4.622664
15.758698 4.630696 11.861117
0.0 18.0 0.0
0.0 21.0 0.0
0.0 21.0 0.0
-10.7682085 18.724468 0.0
0.0 21.0 0.0
0.0 24.0 0.0
0.0 24.0 0.0
12.263793 21.325089 0.0
0.0 24.0 0.0
0.0 27.0 0.0
