0.0 0.0 0.0
0.0 3.0 0.0
0.0 3.0 0.0
-1.7528174 3.1444602 0.0
0.0 3.0 0.0
0.0 6.0 0.0
0.0 6.0 0.0
3.6517031 6.550959 0.0
0.0 6.0 0.0
0.0 9.0 0.0
0.0 9.0 0.0
-5.1123843 9.171343 0.0
-5.1123843 9.171343 0.0
-9.852522 2.930628 4.348418
-5.1123843 9.171343 0.0
-8.8527775 6.7100644 2.489188
-8.8527775 6.7100644 2.489188
-8.8527775 7.043398 2.489188
-8.8527775 6.7100644 2.489188
-9.692908 3.996339 6.484571
0.0 9.0 0.0
0.0 12.0 0.0
0.0 12.0 0.0
-6.5730658 11.791726 0.0
0.0 12.0 0.0
0.0 15.0 0.0
0.0 15.0 0.0
7.5955424 13.625995 0.0
0.0 15.0 0.0
0.0 18.0 0.0
0.0 18.0 0.0
9.250981 16.595762 0.0
9.250981 16.595762 0.0
9.250981 16.929096 0.0
9.250981 16.595762 0.0
15.625158 11.434932 4.504245
15.625158 11.434932 4.504245
12.3159485 2.4582994 15.658865
15.625158 11.434932 4.504245
15.865128 4.9347363 11.542075
0.0 18.0 0.0
0.0 21.0 0.0
0.0 21.0 0.0
-10.711662 19.216146 0.0
0.0 21.0 0.0
0.0 24.0 0.0
0.0 24.0 0.0
11.977587 21.487146 0.0
0.0 24.0 0.0
0.0 27.0 0.0
