0.0 0.0 0.0
0.0 3.0 0.0
0.0 3.0 0.0
-3.6134615 2.6819575 0.0
0.0 3.0 0.0
0.0 6.0 0.0
0.0 6.0 0.0
6.0224357 4.469929 0.0
0.0 6.0 0.0
0.0 9.0 0.0
0.0 9.0 0.0
-7.7087183 5.7215095 0.0
-7.7087183 5.7215095 0.0
-6.2376776 0.44507015 7.3784046
-7.7087183 5.7215095 0.0
-7.814291 0.07835746 6.190035
-7.814291 0.07835746 6.190035
-7.814291 0.4116908 6.190035
-7.814291 0.07835746 6.190035
-1.0806828 1.1922646 9.964011
0.0 9.0 0.0
0.0 12.0 0.0
0.0 12.0 0.0
-10.438889 7.747877 0.0
0.0 12.0 0.0
0.0 15.0 0.0
0.0 15.0 0.0
12.847863 9.535849 0.0
0.0 15.0 0.0
0.0 18.0 0.0
0.0 18.0 0.0
14.935641 11.085424 0.0
14.935641 11.085424 0.0
14.935641 11.418757 0.0
14.935641 11.085424 0.0
15.411199 0.35296488 11.993193
15.411199 0.35296488 11.993193
5.069416 15.1221485 11.277723
15.411199 0.35296488 11.993193
1.2223997 1.462084 19.52289
0.0 18.0 0.0
0.0 21.0 0.0
0.0 21.0 0.0
-17.344616 12.873396 0.0
0.0 21.0 0.0
0.0 24.0 0.0
0.0 24.0 0.0
19.75359 14.661367 0.0
0.0 24.0 0.0
0.0 27.0 0.0
