0.0 0.0 0.0
0.0 3.0 0.0
0.0 3.0 0.0
-3.1288228 3.2342649 0.0
0.0 3.0 0.0
0.0 6.0 0.0
0.0 6.0 0.0
5.2147045 5.3904414 0.0
0.0 6.0 0.0
0.0 9.0 0.0
0.0 9.0 0.0
-6.6748223 6.899765 0.0
-6.6748223 6.899765 0.0
-7.236455 0.018618584 6.671158
-6.6748223 6.899765 0.0
-8.66253 2.054693 4.6409636
-8.66253 2.054693 4.6409636
-8.66253 2.1746929 4.6409636
-8.66253 2.054693 4.6409636
-4.0013556 -0.1772933 9.358583
0.0 9.0 0.0
0.0 12.0 0.0
0.0 12.0 0.0
-9.038821 9.343431 0.0
0.0 12.0 0.0
0.0 15.0 0.0
0.0 15.0 0.0
11.47235 11.858971 0.0
0.0 15.0 0.0
0.0 18.0 0.0
0.0 18.0 0.0
13.558232 14.015147 0.0
13.558232 14.015147 0.0
13.558232 14.765147 0.0
13.558232 14.015147 0.0
17.443668 4.0163746 9.426957
17.443668 4.0163746 9.426957
3.841084 8.97602 17.746431
17.443668 4.0163746 9.426957
7.509659 -0.84183145 18.903872
0.0 18.0 0.0
0.0 21.0 0.0
0.0 21.0 0.0
-15.6441145 16.171324 0.0
0.0 21.0 0.0
0.0 24.0 0.0
0.0 24.0 0.0
17.382349 17.968138 0.0
0.0 24.0 0.0
0.0 27.0 0.0
