0.0 0.0 0.0
0.0 3.0 0.0
0.0 3.0 0.0
-1.7374306 3.602962 0.0
0.0 3.0 0.0
0.0 6.0 0.0
0.0 6.0 0.0
2.8667605 5.944887 0.0
0.0 6.0 0.0
0.0 9.0 0.0
0.0 9.0 0.0
-4.1698337 8.647109 0.0
-4.1698337 8.647109 0.0
-8.969819 3.8196058 3.2628407
-4.1698337 8.647109 0.0
-7.7906 7.5084915 1.8111991
-7.7906 7.5084915 1.8111991
-7.7906 7.841825 1.8111991
-7.7906 7.5084915 1.8111991
-9.13414 4.597338 5.015327
0.0 9.0 0.0
0.0 12.0 0.0
0.0 12.0 0.0
-5.6466494 11.709626 0.0
0.0 12.0 0.0
0.0 15.0 0.0
0.0 15.0 0.0
7.166901 14.862218 0.0
0.0 15.0 0.0
0.0 18.0 0.0
0.0 18.0 0.0
8.079052 16.753775 0.0
8.079052 16.753775 0.0
8.079052 17.503775 0.0
8.079052 16.753775 0.0
14.09255 12.470371 3.509198
14.09255 12.470371 3.509198
14.098867 3.5142245 13.212299
14.09255 12.470371 3.509198
15.911766 7.281759 9.2820835
0.0 18.0 0.0
0.0 21.0 0.0
0.0 21.0 0.0
-9.7730465 20.26666 0.0
0.0 21.0 0.0
0.0 24.0 0.0
0.0 24.0 0.0
10.858941 22.518513 0.0
0.0 24.0 0.0
0.0 27.0 0.0
