0.0 0.0 0.0
0.0 3.0 0.0
0.0 3.0 0.0
-3.3278646 3.0290785 0.0
0.0 3.0 0.0
0.0 6.0 0.0
0.0 6.0 0.0
5.1766787 4.7118998 0.0
0.0 6.0 0.0
0.0 9.0 0.0
0.0 9.0 0.0
-7.7650175 7.0678496 0.0
-7.7650175 7.0678496 0.0
-7.8516984 -0.008166254 7.7307854
-7.7650175 7.0678496 0.0
-9.188915 1.296056 5.7424283
-9.188915 1.296056 5.7424283
-9.188915 2.046056 5.7424283
-9.188915 1.296056 5.7424283
-2.7071419 -0.15739107 10.66083
0.0 9.0 0.0
0.0 12.0 0.0
0.0 12.0 0.0
-9.6138315 8.750671 0.0
0.0 12.0 0.0
0.0 15.0 0.0
0.0 15.0 0.0
12.20217 11.106621 0.0
0.0 15.0 0.0
0.0 18.0 0.0
0.0 18.0 0.0
13.755175 12.520191 0.0
13.755175 12.520191 0.0
13.755175 13.270191 0.0
13.755175 12.520191 0.0
16.600786 2.5901241 10.172302
16.600786 2.5901241 10.172302
4.4213614 11.319742 15.573481
16.600786 2.5901241 10.172302
5.1131096 -0.28397417 19.123972
0.0 18.0 0.0
0.0 21.0 0.0
0.0 21.0 0.0
-15.973751 14.539577 0.0
0.0 21.0 0.0
0.0 24.0 0.0
0.0 24.0 0.0
18.192327 16.558962 0.0
0.0 24.0 0.0
0.0 27.0 0.0
