0.0 0.0 0.0
0.0 3.0 0.0
0.0 3.0 0.0
-1.4107301 3.312075 0.0
0.0 3.0 0.0
0.0 6.0 0.0
0.0 6.0 0.0
2.5863385 6.0721374 0.0
0.0 6.0 0.0
0.0 9.0 0.0
0.0 9.0 0.0
-4.1146297 9.660218 0.0
-4.1146297 9.660218 0.0
-9.181254 4.8686166 2.9668791
-4.1146297 9.660218 0.0
-7.6601944 8.324183 1.6123978
-7.6601944 8.324183 1.6123978
-7.6601944 8.444183 1.6123978
-7.6601944 8.324183 1.6123978
-9.752365 6.5243406 4.485236
0.0 9.0 0.0
0.0 12.0 0.0
0.0 12.0 0.0
-4.937556 11.592262 0.0
0.0 12.0 0.0
0.0 15.0 0.0
0.0 15.0 0.0
6.269912 14.720333 0.0
0.0 15.0 0.0
0.0 18.0 0.0
0.0 18.0 0.0
7.2887726 17.112387 0.0
7.2887726 17.112387 0.0
7.2887726 17.862387 0.0
7.2887726 17.112387 0.0
13.463122 14.4959755 2.8562477
13.463122 14.4959755 2.8562477
15.575298 4.885877 11.686694
13.463122 14.4959755 2.8562477
16.438345 9.841396 7.903594
0.0 18.0 0.0
0.0 21.0 0.0
0.0 21.0 0.0
-8.817063 20.700468 0.0
0.0 21.0 0.0
0.0 24.0 0.0
0.0 24.0 0.0
9.796737 23.00052 0.0
0.0 24.0 0.0
0.0 27.0 0.0
