0.0 0.0 0.0
0.0 3.0 0.0
0.0 3.0 0.0
-2.6513746 3.635961 0.0
0.0 3.0 0.0
0.0 6.0 0.0
0.0 6.0 0.0
4.1243606 5.655939 0.0
0.0 6.0 0.0
0.0 9.0 0.0
0.0 9.0 0.0
-5.656266 7.756717 0.0
-5.656266 7.756717 0.0
-8.0282345 0.76156855 5.3854885
-5.656266 7.756717 0.0
-8.616424 4.05941 3.3326402
-8.616424 4.05941 3.3326402
-8.616424 4.80941 3.3326402
-8.616424 4.05941 3.3326402
-7.019658 1.1429169 7.7694926
0.0 9.0 0.0
0.0 12.0 0.0
0.0 12.0 0.0
-7.659527 10.503887 0.0
0.0 12.0 0.0
0.0 15.0 0.0
0.0 15.0 0.0
9.191432 12.604665 0.0
0.0 15.0 0.0
0.0 18.0 0.0
0.0 18.0 0.0
11.48929 15.755831 0.0
11.48929 15.755831 0.0
11.48929 16.50583 0.0
11.48929 15.755831 0.0
17.137547 7.7457323 6.769425
17.137547 7.7457323 6.769425
7.720224 3.7458024 18.386547
17.137547 7.7457323 6.769425
13.118504 1.2579141 15.566982
0.0 18.0 0.0
0.0 21.0 0.0
0.0 21.0 0.0
-13.256873 18.179806 0.0
0.0 21.0 0.0
0.0 24.0 0.0
0.0 24.0 0.0
14.729859 20.199783 0.0
0.0 24.0 0.0
0.0 27.0 0.0
