0.0 0.0 0.0
0.0 3.0 0.0
0.0 3.0 0.0
-2.1983557 3.3417408 0.0
0.0 3.0 0.0
0.0 6.0 0.0
0.0 6.0 0.0
3.8471224 5.8480463 0.0
0.0 6.0 0.0
0.0 9.0 0.0
0.0 9.0 0.0
-5.770684 8.77207 0.0
-5.770684 8.77207 0.0
-9.265915 1.5069022 5.299172
-5.770684 8.77207 0.0
-9.398281 5.514345 3.1715038
-9.398281 5.514345 3.1715038
-9.398281 5.634345 3.1715038
-9.398281 5.514345 3.1715038
-8.683578 2.085077 7.8147774
0.0 9.0 0.0
0.0 12.0 0.0
0.0 12.0 0.0
-7.4194503 11.278376 0.0
0.0 12.0 0.0
0.0 15.0 0.0
0.0 15.0 0.0
8.793423 13.366963 0.0
0.0 15.0 0.0
0.0 18.0 0.0
0.0 18.0 0.0
10.716984 16.290987 0.0
10.716984 16.290987 0.0
10.716984 17.040987 0.0
10.716984 16.290987 0.0
16.763039 9.190666 5.8899355
16.763039 9.190666 5.8899355
9.036029 2.5585828 17.725212
16.763039 9.190666 5.8899355
14.596132 2.5960035 14.13344
0.0 18.0 0.0
0.0 21.0 0.0
0.0 21.0 0.0
-12.090956 18.379574 0.0
0.0 21.0 0.0
0.0 24.0 0.0
0.0 24.0 0.0
14.014518 21.303598 0.0
0.0 24.0 0.0
0.0 27.0 0.0
