0.0 0.0 0.0
0.0 3.0 0.0
0.0 3.0 0.0
-3.083929 1.8572507 0.0
0.0 3.0 0.0
0.0 6.0 0.0
0.0 6.0 0.0
5.65387 3.4049597 0.0
0.0 6.0 0.0
0.0 9.0 0.0
0.0 9.0 0.0
-8.56647 5.15903 0.0
-8.56647 5.15903 0.0
-6.5398636 1.0723236 7.571847
-8.56647 5.15903 0.0
-7.2134724 -0.8148227 7.338441
-7.2134724 -0.8148227 7.338441
-7.2134724 -0.69482267 7.338441
-7.2134724 -0.8148227 7.338441
1.507319 2.086473 9.965323
0.0 9.0 0.0
0.0 12.0 0.0
0.0 12.0 0.0
-11.136412 6.706739 0.0
0.0 12.0 0.0
0.0 15.0 0.0
0.0 15.0 0.0
13.706352 8.254448 0.0
0.0 15.0 0.0
0.0 18.0 0.0
0.0 18.0 0.0
16.276293 9.802156 0.0
16.276293 9.802156 0.0
16.276293 10.135489 0.0
16.276293 9.802156 0.0
13.585667 -1.6203895 13.943038
13.585667 -1.6203895 13.943038
7.4093046 17.21109 5.487288
13.585667 -1.6203895 13.943038
-3.0776296 3.9078135 18.831375
0.0 18.0 0.0
0.0 21.0 0.0
0.0 21.0 0.0
-18.503576 11.143505 0.0
0.0 21.0 0.0
0.0 24.0 0.0
0.0 24.0 0.0
21.416176 12.897575 0.0
0.0 24.0 0.0
0.0 27.0 0.0
