0.0 0.0 0.0
0.0 3.0 0.0
0.0 3.0 0.0
-3.1954489 3.168455 0.0
0.0 3.0 0.0
0.0 6.0 0.0
0.0 6.0 0.0
4.9706984 4.9287076 0.0
0.0 6.0 0.0
0.0 9.0 0.0
0.0 9.0 0.0
-7.4560475 7.3930616 0.0
-7.4560475 7.3930616 0.0
-8.143306 -0.0058304593 7.455779
-7.4560475 7.3930616 0.0
-10.011358 2.5337248 5.2945375
-10.011358 2.5337248 5.2945375
-10.011358 2.867058 5.2945375
-10.011358 2.5337248 5.2945375
-5.180388 0.50437737 10.836952
0.0 9.0 0.0
0.0 12.0 0.0
0.0 12.0 0.0
-8.947257 8.871674 0.0
0.0 12.0 0.0
0.0 15.0 0.0
0.0 15.0 0.0
11.716646 11.617668 0.0
0.0 15.0 0.0
0.0 18.0 0.0
0.0 18.0 0.0
13.207856 13.09628 0.0
13.207856 13.09628 0.0
13.207856 13.21628 0.0
13.207856 13.09628 0.0
16.557669 3.321516 9.378896
16.557669 3.321516 9.378896
4.152123 9.48414 16.477507
16.557669 3.321516 9.378896
6.588031 -0.5065224 18.361288
0.0 18.0 0.0
0.0 21.0 0.0
0.0 21.0 0.0
-15.338155 15.208584 0.0
0.0 21.0 0.0
0.0 24.0 0.0
0.0 24.0 0.0
17.752495 17.602528 0.0
0.0 24.0 0.0
0.0 27.0 0.0
