0.0 0.0 0.0
0.0 3.0 0.0
0.0 3.0 0.0
-2.8090825 3.5155444 0.0
0.0 3.0 0.0
0.0 6.0 0.0
0.0 6.0 0.0
4.369684 5.468625 0.0
0.0 6.0 0.0
0.0 9.0 0.0
0.0 9.0 0.0
-6.242406 7.812321 0.0
-6.242406 7.812321 0.0
-8.040731 0.40682232 6.0885534
-6.242406 7.812321 0.0
-9.0612 3.5276988 3.896763
-9.0612 3.5276988 3.896763
-9.0612 3.6476986 3.896763
-9.0612 3.5276988 3.896763
-6.7683973 1.0273385 8.700645
0.0 9.0 0.0
0.0 12.0 0.0
0.0 12.0 0.0
-8.115128 10.156017 0.0
0.0 12.0 0.0
0.0 15.0 0.0
0.0 15.0 0.0
9.738153 12.187222 0.0
0.0 15.0 0.0
0.0 18.0 0.0
0.0 18.0 0.0
11.860571 14.8434105 0.0
11.860571 14.8434105 0.0
11.860571 15.5934105 0.0
11.860571 14.8434105 0.0
17.441006 6.983872 7.4038496
17.441006 6.983872 7.4038496
6.7990036 4.9963846 18.644789
17.441006 6.983872 7.4038496
11.768133 0.30429506 16.671509
0.0 18.0 0.0
0.0 21.0 0.0
0.0 21.0 0.0
-14.045413 17.577723 0.0
0.0 21.0 0.0
0.0 24.0 0.0
0.0 24.0 0.0
15.606014 19.530804 0.0
0.0 24.0 0.0
0.0 27.0 0.0
