0.0 0.0 0.0
0.0 3.0 0.0
0.0 3.0 0.0
-1.3266759 3.7735834 0.0
0.0 3.0 0.0
0.0 6.0 0.0
0.0 6.0 0.0
2.4875174 7.075469 0.0
0.0 6.0 0.0
0.0 9.0 0.0
0.0 9.0 0.0
-3.1840222 9.056601 0.0
-3.1840222 9.056601 0.0
-7.679744 5.6035132 1.9925302
-3.1840222 9.056601 0.0
-6.335063 8.962788 1.0560414
-6.335063 8.962788 1.0560414
-6.335063 9.296121 1.0560414
-6.335063 8.962788 1.0560414
-8.612097 7.532811 3.0974088
0.0 9.0 0.0
0.0 12.0 0.0
0.0 12.0 0.0
-4.477531 12.735844 0.0
0.0 12.0 0.0
0.0 15.0 0.0
0.0 15.0 0.0
5.3067036 15.094334 0.0
0.0 15.0 0.0
0.0 18.0 0.0
0.0 18.0 0.0
6.3017106 17.92452 0.0
6.3017106 17.92452 0.0
6.3017106 18.67452 0.0
6.3017106 17.92452 0.0
11.752504 15.504181 2.090082
11.752504 15.504181 2.090082
16.301582 7.760099 8.984849
11.752504 15.504181 2.090082
15.445461 12.59429 5.8697157
0.0 18.0 0.0
0.0 21.0 0.0
0.0 21.0 0.0
-7.16405 20.37735 0.0
0.0 21.0 0.0
0.0 24.0 0.0
0.0 24.0 0.0
8.457559 24.056595 0.0
0.0 24.0 0.0
0.0 27.0 0.0
