0.0 0.0 0.0
0.0 3.0 0.0
0.0 3.0 0.0
-1.2985907 3.3576274 0.0
0.0 3.0 0.0
0.0 6.0 0.0
0.0 6.0 0.0
2.7053971 6.995057 0.0
0.0 6.0 0.0
0.0 9.0 0.0
0.0 9.0 0.0
-3.4629085 8.953673 0.0
-3.4629085 8.953673 0.0
-8.144001 5.146475 2.3300798
-3.4629085 8.953673 0.0
-6.458517 7.745426 1.2491391
-6.458517 7.745426 1.2491391
-6.458517 7.865426 1.2491391
-6.458517 7.745426 1.2491391
-8.532897 6.6126437 3.4947538
0.0 9.0 0.0
0.0 12.0 0.0
0.0 12.0 0.0
-4.5450673 11.751697 0.0
0.0 12.0 0.0
0.0 15.0 0.0
0.0 15.0 0.0
5.6272264 14.549719 0.0
0.0 15.0 0.0
0.0 18.0 0.0
0.0 18.0 0.0
6.853673 17.720812 0.0
6.853673 17.720812 0.0
6.853673 18.054146 0.0
6.853673 17.720812 0.0
12.570559 14.781543 2.4722543
12.570559 14.781543 2.4722543
15.675398 5.885768 10.287206
12.570559 14.781543 2.4722543
15.795856 10.8115635 6.8402553
0.0 18.0 0.0
0.0 21.0 0.0
0.0 21.0 0.0
-8.116192 20.985172 0.0
0.0 21.0 0.0
0.0 24.0 0.0
0.0 24.0 0.0
9.19835 23.783194 0.0
0.0 24.0 0.0
0.0 27.0 0.0
