0.0 0.0 0.0
0.0 3.0 0.0
0.0 3.0 0.0
-2.6362221 2.4515977 0.0
0.0 3.0 0.0
0.0 6.0 0.0
0.0 6.0 0.0
4.833074 4.494596 0.0
0.0 6.0 0.0
0.0 9.0 0.0
0.0 9.0 0.0
-7.6889815 7.1504936 0.0
-7.6889815 7.1504936 0.0
-7.504536 0.013403773 7.668759
-7.6889815 7.1504936 0.0
-9.534319 1.7161021 5.630518
-9.534319 1.7161021 5.630518
-9.534319 2.0494354 5.630518
-9.534319 1.7161021 5.630518
-3.6027412 0.11435032 10.816208
0.0 9.0 0.0
0.0 12.0 0.0
0.0 12.0 0.0
-9.519691 8.852992 0.0
0.0 12.0 0.0
0.0 15.0 0.0
0.0 15.0 0.0
12.082685 11.23649 0.0
0.0 15.0 0.0
0.0 18.0 0.0
0.0 18.0 0.0
14.279537 13.279489 0.0
14.279537 13.279489 0.0
14.279537 14.029489 0.0
14.279537 13.279489 0.0
17.445065 2.9438329 10.456676
17.445065 2.9438329 10.456676
3.9033206 11.440764 16.641287
17.445065 2.9438329 10.456676
6.1298876 -0.06605768 19.895731
0.0 18.0 0.0
0.0 21.0 0.0
0.0 21.0 0.0
-16.110247 14.981987 0.0
0.0 21.0 0.0
0.0 24.0 0.0
0.0 24.0 0.0
18.307098 17.024984 0.0
0.0 24.0 0.0
0.0 27.0 0.0
