0.0 0.0 0.0
0.0 3.0 0.0
0.0 3.0 0.0
-2.6362658 3.008339 0.0
0.0 3.0 0.0
0.0 6.0 0.0
0.0 6.0 0.0
4.9429984 5.6406355 0.0
0.0 6.0 0.0
0.0 9.0 0.0
0.0 9.0 0.0
-6.9201975 7.8968897 0.0
-6.9201975 7.8968897 0.0
-8.066759 0.15181446 6.860321
-6.9201975 7.8968897 0.0
-9.514297 2.9602206 4.5608697
-9.514297 2.9602206 4.5608697
-9.514297 3.7102206 4.5608697
-9.514297 2.9602206 4.5608697
-5.4673033 -0.057301283 9.700714
0.0 9.0 0.0
0.0 12.0 0.0
0.0 12.0 0.0
-8.897397 10.153144 0.0
0.0 12.0 0.0
0.0 15.0 0.0
0.0 15.0 0.0
10.545063 12.033356 0.0
0.0 15.0 0.0
0.0 18.0 0.0
0.0 18.0 0.0
12.851795 14.665652 0.0
12.851795 14.665652 0.0
12.851795 15.415652 0.0
12.851795 14.665652 0.0
17.594086 5.411599 8.470187
17.594086 5.411599 8.470187
5.3092303 6.8435683 18.553677
17.594086 5.411599 8.470187
9.715362 -0.52051306 17.96597
0.0 18.0 0.0
0.0 21.0 0.0
0.0 21.0 0.0
-14.499462 16.545864 0.0
0.0 21.0 0.0
0.0 24.0 0.0
0.0 24.0 0.0
16.213036 18.501286 0.0
0.0 24.0 0.0
0.0 27.0 0.0
