0.0 0.0 0.0
0.0 3.0 0.0
0.0 3.0 0.0
-2.4842417 2.605483 0.0
0.0 3.0 0.0
0.0 6.0 0.0
0.0 6.0 0.0
4.83047 5.066217 0.0
0.0 6.0 0.0
0.0 9.0 0.0
0.0 9.0 0.0
-6.900672 7.237453 0.0
-6.900672 7.237453 0.0
-7.5778446 0.03227988 6.892845
-6.900672 7.237453 0.0
-9.6440525 2.8772683 4.761927
-9.6440525 2.8772683 4.761927
-9.6440525 3.6272683 4.761927
-9.6440525 2.8772683 4.761927
-5.6939707 0.61906576 10.101466
0.0 9.0 0.0
0.0 12.0 0.0
0.0 12.0 0.0
-9.315907 9.770561 0.0
0.0 12.0 0.0
0.0 15.0 0.0
0.0 15.0 0.0
10.765048 11.290427 0.0
0.0 15.0 0.0
0.0 18.0 0.0
0.0 18.0 0.0
12.83525 13.461662 0.0
12.83525 13.461662 0.0
12.83525 13.794995 0.0
12.83525 13.461662 0.0
16.42669 3.7667165 8.857184
16.42669 3.7667165 8.857184
4.1275826 8.270903 16.829788
16.42669 3.7667165 8.857184
7.4702044 -0.53641343 17.745865
0.0 18.0 0.0
0.0 21.0 0.0
0.0 21.0 0.0
-15.181478 15.922397 0.0
0.0 21.0 0.0
0.0 24.0 0.0
0.0 24.0 0.0
16.975653 17.804134 0.0
0.0 24.0 0.0
0.0 27.0 0.0
