0.0 0.0 0.0
0.0 3.0 0.0
0.0 3.0 0.0
-2.8048313 2.8518276 0.0
0.0 3.0 0.0
0.0 6.0 0.0
0.0 6.0 0.0
5.2590585 5.3471766 0.0
0.0 6.0 0.0
0.0 9.0 0.0
0.0 9.0 0.0
-6.7315955 6.8443866 0.0
-6.7315955 6.8443866 0.0
-6.9652834 0.0038832948 6.730666
-6.7315955 6.8443866 0.0
-8.641783 1.9421937 4.7202473
-8.641783 1.9421937 4.7202473
-8.641783 2.6921937 4.7202473
-8.641783 1.9421937 4.7202473
-4.446579 0.4547509 9.425018
0.0 9.0 0.0
0.0 12.0 0.0
0.0 12.0 0.0
-9.115702 9.26844 0.0
0.0 12.0 0.0
0.0 15.0 0.0
0.0 15.0 0.0
10.938842 11.122128 0.0
0.0 15.0 0.0
0.0 18.0 0.0
0.0 18.0 0.0
13.322948 13.546181 0.0
13.322948 13.546181 0.0
13.322948 13.666181 0.0
13.322948 13.546181 0.0
16.691566 3.4250631 9.342155
16.691566 3.4250631 9.342155
3.3939815 9.121183 16.844484
16.691566 3.4250631 9.342155
6.636422 -0.8814678 18.36481
0.0 18.0 0.0
0.0 21.0 0.0
0.0 21.0 0.0
-15.14609 15.399869 0.0
0.0 21.0 0.0
0.0 24.0 0.0
0.0 24.0 0.0
17.8808 18.1804 0.0
0.0 24.0 0.0
0.0 27.0 0.0
