0.0 0.0 0.0
0.0 3.0 0.0
0.0 3.0 0.0
-2.7437038 2.9106853 0.0
0.0 3.0 0.0
0.0 6.0 0.0
0.0 6.0 0.0
5.1444445 5.457535 0.0
0.0 6.0 0.0
0.0 9.0 0.0
0.0 9.0 0.0
-6.5848894 6.985645 0.0
-6.5848894 6.985645 0.0
-7.116193 0.031407505 6.5734143
-6.5848894 6.985645 0.0
-8.689926 2.233149 4.5167465
-8.689926 2.233149 4.5167465
-8.689926 2.5664823 4.5167465
-8.689926 2.233149 4.5167465
-4.907591 0.50421834 9.247353
0.0 9.0 0.0
0.0 12.0 0.0
0.0 12.0 0.0
-8.642668 9.168659 0.0
0.0 12.0 0.0
0.0 15.0 0.0
0.0 15.0 0.0
10.700445 11.351673 0.0
0.0 15.0 0.0
0.0 18.0 0.0
0.0 18.0 0.0
13.375556 14.18959 0.0
13.375556 14.18959 0.0
13.375556 14.93959 0.0
13.375556 14.18959 0.0
17.501366 4.376906 9.174641
17.501366 4.376906 9.174641
4.6384544 8.414261 18.012272
17.501366 4.376906 9.174641
8.718866 -0.14235973 18.680763
0.0 18.0 0.0
0.0 21.0 0.0
0.0 21.0 0.0
-14.816001 15.717701 0.0
0.0 21.0 0.0
0.0 24.0 0.0
0.0 24.0 0.0
17.14815 18.191784 0.0
0.0 24.0 0.0
0.0 27.0 0.0
