0.0 0.0 0.0
0.0 3.0 0.0
0.0 3.0 0.0
-1.3169943 3.3504515 0.0
0.0 3.0 0.0
0.0 6.0 0.0
0.0 6.0 0.0
2.7437382 6.9801073 0.0
0.0 6.0 0.0
0.0 9.0 0.0
0.0 9.0 0.0
-3.511985 8.934538 0.0
-3.511985 8.934538 0.0
-8.478166 5.340964 2.39147
-3.511985 8.934538 0.0
-6.6763353 8.050151 1.2847956
-6.6763353 8.050151 1.2847956
-6.6763353 8.800151 1.2847956
-6.6763353 8.050151 1.2847956
-8.839132 6.7869816 3.6381502
0.0 9.0 0.0
0.0 12.0 0.0
0.0 12.0 0.0
-4.755813 12.098853 0.0
0.0 12.0 0.0
0.0 15.0 0.0
0.0 15.0 0.0
5.853308 14.890896 0.0
0.0 15.0 0.0
0.0 18.0 0.0
0.0 18.0 0.0
7.1337194 18.14828 0.0
7.1337194 18.14828 0.0
7.1337194 18.89828 0.0
7.1337194 18.14828 0.0
13.184042 15.392103 2.6097412
13.184042 15.392103 2.6097412
16.332249 5.9955335 10.888815
13.184042 15.392103 2.6097412
16.52779 11.1162815 7.251978
0.0 18.0 0.0
0.0 21.0 0.0
0.0 21.0 0.0
-8.048299 20.474981 0.0
0.0 21.0 0.0
0.0 24.0 0.0
0.0 24.0 0.0
9.32871 23.732365 0.0
0.0 24.0 0.0
0.0 27.0 0.0
