0.0 0.0 0.0
0.0 3.0 0.0
0.0 3.0 0.0
-2.6765692 3.6174545 0.0
0.0 3.0 0.0
0.0 6.0 0.0
0.0 6.0 0.0
4.163552 5.6271515 0.0
0.0 6.0 0.0
0.0 9.0 0.0
0.0 9.0 0.0
-5.7100143 7.7172365 0.0
-5.7100143 7.7172365 0.0
-8.186959 0.7574775 5.460391
-5.7100143 7.7172365 0.0
-8.636967 3.9558551 3.3962774
-8.636967 3.9558551 3.3962774
-8.636967 4.0758553 3.3962774
-8.636967 3.9558551 3.3962774
-6.66728 0.7341938 7.867404
0.0 9.0 0.0
0.0 12.0 0.0
0.0 12.0 0.0
-8.029707 10.852364 0.0
0.0 12.0 0.0
0.0 15.0 0.0
0.0 15.0 0.0
9.814087 13.264 0.0
0.0 15.0 0.0
0.0 18.0 0.0
0.0 18.0 0.0
11.301069 15.273697 0.0
11.301069 15.273697 0.0
11.301069 15.60703 0.0
11.301069 15.273697 0.0
16.744556 7.357017 6.7217984
16.744556 7.357017 6.7217984
6.702379 3.650787 17.978277
16.744556 7.357017 6.7217984
12.874807 1.4917302 15.363058
0.0 18.0 0.0
0.0 21.0 0.0
0.0 21.0 0.0
-13.382846 18.087273 0.0
0.0 21.0 0.0
0.0 24.0 0.0
0.0 24.0 0.0
15.167225 20.498909 0.0
0.0 24.0 0.0
0.0 27.0 0.0
