0.0 0.0 0.0
0.0 3.0 0.0
0.0 3.0 0.0
-2.622408 3.0204268 0.0
0.0 3.0 0.0
0.0 6.0 0.0
0.0 6.0 0.0
4.917015 5.6633 0.0
0.0 6.0 0.0
0.0 9.0 0.0
0.0 9.0 0.0
-6.2937794 7.2490244 0.0
-6.2937794 7.2490244 0.0
-7.6312985 0.18962789 6.2314634
-6.2937794 7.2490244 0.0
-8.734461 2.8111188 4.126214
-8.734461 2.8111188 4.126214
-8.734461 3.5611188 4.126214
-8.734461 2.8111188 4.126214
-5.7639666 0.7048693 8.842062
0.0 9.0 0.0
0.0 12.0 0.0
0.0 12.0 0.0
-8.522825 9.816387 0.0
0.0 12.0 0.0
0.0 15.0 0.0
0.0 15.0 0.0
10.817432 12.45926 0.0
0.0 15.0 0.0
0.0 18.0 0.0
0.0 18.0 0.0
12.784239 14.724581 0.0
12.784239 14.724581 0.0
12.784239 15.474581 0.0
12.784239 14.724581 0.0
17.598461 5.544906 8.381372
17.598461 5.544906 8.381372
5.0019417 6.5954905 18.600727
17.598461 5.544906 8.381372
9.913816 -0.46961784 17.866417
0.0 18.0 0.0
0.0 21.0 0.0
0.0 21.0 0.0
-14.4232435 16.612347 0.0
0.0 21.0 0.0
0.0 24.0 0.0
0.0 24.0 0.0
16.71785 19.25522 0.0
0.0 24.0 0.0
0.0 27.0 0.0
