0.0 0.0 0.0
0.0 3.0 0.0
0.0 3.0 0.0
-2.1548293 3.369972 0.0
0.0 3.0 0.0
0.0 6.0 0.0
0.0 6.0 0.0
3.7709513 5.897451 0.0
0.0 6.0 0.0
0.0 9.0 0.0
0.0 9.0 0.0
-5.1715903 8.087934 0.0
-5.1715903 8.087934 0.0
-8.360942 1.4742702 4.6943264
-5.1715903 8.087934 0.0
-8.8358555 5.730603 2.7859735
-8.8358555 5.730603 2.7859735
-8.8358555 6.480603 2.7859735
-8.8358555 5.730603 2.7859735
-8.633032 2.468775 7.1071033
0.0 9.0 0.0
0.0 12.0 0.0
0.0 12.0 0.0
-7.0031953 10.952409 0.0
0.0 12.0 0.0
0.0 15.0 0.0
0.0 15.0 0.0
8.888671 13.9011345 0.0
0.0 15.0 0.0
0.0 18.0 0.0
0.0 18.0 0.0
10.019957 15.67037 0.0
10.019957 15.67037 0.0
10.019957 16.003704 0.0
10.019957 15.67037 0.0
16.09256 9.497042 5.397824
16.09256 9.497042 5.397824
9.506846 2.3535933 16.872313
16.09256 9.497042 5.397824
14.896755 3.527686 13.216808
0.0 18.0 0.0
0.0 21.0 0.0
0.0 21.0 0.0
-11.851561 18.534845 0.0
0.0 21.0 0.0
0.0 24.0 0.0
0.0 24.0 0.0
13.737037 21.483572 0.0
0.0 24.0 0.0
0.0 27.0 0.0
