0.0 0.0 0.0
0.0 3.0 0.0
0.0 3.0 0.0
-3.5649698 2.7460864 0.0
0.0 3.0 0.0
0.0 6.0 0.0
0.0 6.0 0.0
5.2286224 4.027593 0.0
0.0 6.0 0.0
0.0 9.0 0.0
0.0 9.0 0.0
-7.9221554 6.102414 0.0
-7.9221554 6.102414 0.0
-6.532352 0.36684084 7.6598167
-7.9221554 6.102414 0.0
-8.9729185 0.8093996 6.2760544
-8.9729185 0.8093996 6.2760544
-8.9729185 0.9293996 6.2760544
-8.9729185 0.8093996 6.2760544
-1.740788 0.70516425 10.938394
0.0 9.0 0.0
0.0 12.0 0.0
0.0 12.0 0.0
-10.298801 7.9331384 0.0
0.0 12.0 0.0
0.0 15.0 0.0
0.0 15.0 0.0
13.071556 10.068983 0.0
0.0 15.0 0.0
0.0 18.0 0.0
0.0 18.0 0.0
14.735209 11.350491 0.0
14.735209 11.350491 0.0
14.735209 11.683824 0.0
14.735209 11.350491 0.0
15.271563 0.41315126 11.673462
15.271563 0.41315126 11.673462
4.3907113 14.545478 11.786658
15.271563 0.41315126 11.673462
1.163117 0.8057662 19.221998
0.0 18.0 0.0
0.0 21.0 0.0
0.0 21.0 0.0
-17.111856 13.181214 0.0
0.0 21.0 0.0
0.0 24.0 0.0
0.0 24.0 0.0
19.805387 15.256035 0.0
0.0 24.0 0.0
0.0 27.0 0.0
