0.0 0.0 0.0
0.0 3.0 0.0
0.0 3.0 0.0
-1.5786936 3.2353864 0.0
0.0 3.0 0.0
0.0 6.0 0.0
0.0 6.0 0.0
3.288945 6.7403884 0.0
0.0 6.0 0.0
0.0 9.0 0.0
0.0 9.0 0.0
-4.38526 8.987185 0.0
-4.38526 8.987185 0.0
-9.33579 3.8650317 3.4565623
-4.38526 8.987185 0.0
-7.746182 6.8878994 1.9230506
-7.746182 6.8878994 1.9230506
-7.746182 7.0078993 1.9230506
-7.746182 6.8878994 1.9230506
-8.782293 4.0464673 5.1251836
0.0 9.0 0.0
0.0 12.0 0.0
0.0 12.0 0.0
-5.525428 11.3238535 0.0
0.0 12.0 0.0
0.0 15.0 0.0
0.0 15.0 0.0
7.016416 14.379496 0.0
0.0 15.0 0.0
0.0 18.0 0.0
0.0 18.0 0.0
8.331994 17.075651 0.0
8.331994 17.075651 0.0
8.331994 17.825651 0.0
8.331994 17.075651 0.0
14.656352 12.961186 3.653796
14.656352 12.961186 3.653796
14.585574 3.598537 13.800981
14.656352 12.961186 3.653796
16.344791 7.1140966 9.710926
0.0 18.0 0.0
0.0 21.0 0.0
0.0 21.0 0.0
-9.6475725 19.771807 0.0
0.0 21.0 0.0
0.0 24.0 0.0
0.0 24.0 0.0
10.96315 22.467962 0.0
0.0 24.0 0.0
0.0 27.0 0.0
