0.0 0.0 0.0
0.0 3.0 0.0
0.0 3.0 0.0
-1.3104194 3.7792592 0.0
0.0 3.0 0.0
0.0 6.0 0.0
0.0 6.0 0.0
2.162192 6.2357774 0.0
0.0 6.0 0.0
0.0 9.0 0.0
0.0 9.0 0.0
-3.145007 9.070223 0.0
-3.145007 9.070223 0.0
-8.018989 6.183298 1.9469224
-3.145007 9.070223 0.0
-6.106523 8.541035 1.0303196
-6.106523 8.541035 1.0303196
-6.106523 8.874368 1.0303196
-6.106523 8.541035 1.0303196
-8.126877 6.857037 2.9739878
0.0 9.0 0.0
0.0 12.0 0.0
0.0 12.0 0.0
-4.1278214 11.904667 0.0
0.0 12.0 0.0
0.0 15.0 0.0
0.0 15.0 0.0
5.1106358 14.739111 0.0
0.0 15.0 0.0
0.0 18.0 0.0
0.0 18.0 0.0
6.0934505 17.573555 0.0
6.0934505 17.573555 0.0
6.0934505 17.693556 0.0
6.0934505 17.573555 0.0
11.524258 15.662488 1.9962441
11.524258 15.662488 1.9962441
16.297535 8.051784 8.701864
11.524258 15.662488 1.9962441
14.997198 12.012229 5.661484
0.0 18.0 0.0
0.0 21.0 0.0
0.0 21.0 0.0
-7.207307 20.785925 0.0
0.0 21.0 0.0
0.0 24.0 0.0
0.0 24.0 0.0
8.05908 23.242445 0.0
0.0 24.0 0.0
0.0 27.0 0.0
