0.0 0.0 0.0
0.0 3.0 0.0
0.0 3.0 0.0
-2.5580075 2.5331001 0.0
0.0 3.0 0.0
0.0 6.0 0.0
0.0 6.0 0.0
4.6896806 4.644017 0.0
0.0 6.0 0.0
0.0 9.0 0.0
0.0 9.0 0.0
-7.1055765 7.03639 0.0
-7.1055765 7.03639 0.0
-7.370051 -0.0025878325 7.1052365
-7.1055765 7.03639 0.0
-9.228345 2.1020994 5.0489216
-9.228345 2.1020994 5.0489216
-9.228345 2.4354327 5.0489216
-9.228345 2.1020994 5.0489216
-3.964683 -0.16348815 10.109889
0.0 9.0 0.0
0.0 12.0 0.0
0.0 12.0 0.0
-9.237249 9.147306 0.0
0.0 12.0 0.0
0.0 15.0 0.0
0.0 15.0 0.0
11.0847 10.9767685 0.0
0.0 15.0 0.0
0.0 18.0 0.0
0.0 18.0 0.0
13.855874 13.72096 0.0
13.855874 13.72096 0.0
13.855874 14.054293 0.0
13.855874 13.72096 0.0
17.036018 3.149181 9.845397
17.036018 3.149181 9.845397
3.9969513 9.972982 16.938873
17.036018 3.149181 9.845397
6.4604354 -0.62721205 19.032679
0.0 18.0 0.0
0.0 21.0 0.0
0.0 21.0 0.0
-15.348045 15.198602 0.0
0.0 21.0 0.0
0.0 24.0 0.0
0.0 24.0 0.0
18.11922 17.942793 0.0
0.0 24.0 0.0
0.0 27.0 0.0
