0.0 0.0 0.0
0.0 3.0 0.0
0.0 3.0 0.0
-2.5693078 2.5216377 0.0
0.0 3.0 0.0
0.0 6.0 0.0
0.0 6.0 0.0
4.7103977 4.6230025 0.0
0.0 6.0 0.0
0.0 9.0 0.0
0.0 9.0 0.0
-7.1369667 7.0045495 0.0
-7.1369667 7.0045495 0.0
-7.755692 -0.011588156 7.135715
-7.1369667 7.0045495 0.0
-9.571329 2.389196 5.0936294
-9.571329 2.389196 5.0936294
-9.571329 2.7225292 5.0936294
-9.571329 2.389196 5.0936294
-4.28306 -0.09652257 10.398884
0.0 9.0 0.0
0.0 12.0 0.0
0.0 12.0 0.0
-8.9925785 8.825732 0.0
0.0 12.0 0.0
0.0 15.0 0.0
0.0 15.0 0.0
11.133668 10.927097 0.0
0.0 15.0 0.0
0.0 18.0 0.0
0.0 18.0 0.0
13.560237 13.308644 0.0
13.560237 13.308644 0.0
13.560237 13.641977 0.0
13.560237 13.308644 0.0
17.222036 3.5938587 9.677896
17.222036 3.5938587 9.677896
4.1137366 9.923401 17.03779
17.222036 3.5938587 9.677896
6.6048145 -0.74233913 19.07024
0.0 18.0 0.0
0.0 21.0 0.0
0.0 21.0 0.0
-15.701326 15.410009 0.0
0.0 21.0 0.0
0.0 24.0 0.0
0.0 24.0 0.0
17.842417 17.511374 0.0
0.0 24.0 0.0
0.0 27.0 0.0
