0.0 0.0 0.0
0.0 3.0 0.0
0.0 3.0 0.0
-2.0317812 2.9718451 0.0
0.0 3.0 0.0
0.0 6.0 0.0
0.0 6.0 0.0
3.7249322 5.448383 0.0
0.0 6.0 0.0
0.0 9.0 0.0
0.0 9.0 0.0
-5.9260287 8.667882 0.0
-5.9260287 8.667882 0.0
-9.556311 1.4140003 5.5219426
-5.9260287 8.667882 0.0
-9.269058 4.889782 3.344554
-9.269058 4.889782 3.344554
-9.269058 5.009782 3.344554
-9.269058 4.889782 3.344554
-7.856691 1.2787132 7.992276
0.0 9.0 0.0
0.0 12.0 0.0
0.0 12.0 0.0
-7.336988 10.731664 0.0
0.0 12.0 0.0
0.0 15.0 0.0
0.0 15.0 0.0
8.804386 12.877996 0.0
0.0 15.0 0.0
0.0 18.0 0.0
0.0 18.0 0.0
11.005482 16.097496 0.0
11.005482 16.097496 0.0
11.005482 16.43083 0.0
11.005482 16.097496 0.0
17.149466 8.986679 6.211314
17.149466 8.986679 6.211314
8.842916 2.9759002 18.234419
17.149466 8.986679 6.211314
14.203542 1.9023719 14.8063965
0.0 18.0 0.0
0.0 21.0 0.0
0.0 21.0 0.0
-12.190688 17.831072 0.0
0.0 21.0 0.0
0.0 24.0 0.0
0.0 24.0 0.0
14.109592 20.637815 0.0
0.0 24.0 0.0
0.0 27.0 0.0
