0.0 0.0 0.0
0.0 3.0 0.0
0.0 3.0 0.0
-2.058568 2.9533536 0.0
0.0 3.0 0.0
0.0 6.0 0.0
0.0 6.0 0.0
4.002771 5.7426324 0.0
0.0 6.0 0.0
0.0 9.0 0.0
0.0 9.0 0.0
-5.489515 7.8756104 0.0
-5.489515 7.8756104 0.0
-8.750049 1.2025449 5.150384
-5.489515 7.8756104 0.0
-8.541098 4.3779955 3.1390388
-8.541098 4.3779955 3.1390388
-8.541098 4.4979954 3.1390388
-8.541098 4.3779955 3.1390388
-7.6369257 1.841856 7.459201
0.0 9.0 0.0
0.0 12.0 0.0
0.0 12.0 0.0
-7.4337177 10.664888 0.0
0.0 12.0 0.0
0.0 15.0 0.0
0.0 15.0 0.0
8.920462 12.797867 0.0
0.0 15.0 0.0
0.0 18.0 0.0
0.0 18.0 0.0
10.635935 15.258995 0.0
10.635935 15.258995 0.0
10.635935 15.592328 0.0
10.635935 15.258995 0.0
16.226723 8.020905 6.0818872
16.226723 8.020905 6.0818872
8.197509 3.1205654 17.328808
16.226723 8.020905 6.0818872
13.512064 2.1872616 14.2682705
0.0 18.0 0.0
0.0 21.0 0.0
0.0 21.0 0.0
-12.580137 18.048273 0.0
0.0 21.0 0.0
0.0 24.0 0.0
0.0 24.0 0.0
14.066881 20.181252 0.0
0.0 24.0 0.0
0.0 27.0 0.0
