0.0 0.0 0.0
0.0 3.0 0.0
0.0 3.0 0.0
-1.2258791 4.329806 0.0
0.0 3.0 0.0
0.0 6.0 0.0
0.0 6.0 0.0
2.0431318 7.2163434 0.0
0.0 6.0 0.0
0.0 9.0 0.0
0.0 9.0 0.0
-2.7241757 9.621791 0.0
-2.7241757 9.621791 0.0
-7.082458 7.079757 1.4280919
-2.7241757 9.621791 0.0
-5.5517826 9.987109 0.74211335
-5.5517826 9.987109 0.74211335
-5.5517826 10.107109 0.74211335
-5.5517826 9.987109 0.74211335
-7.8293734 8.786567 2.226449
0.0 9.0 0.0
0.0 12.0 0.0
0.0 12.0 0.0
-3.6776373 12.989418 0.0
0.0 12.0 0.0
0.0 15.0 0.0
0.0 15.0 0.0
4.49489 15.875956 0.0
0.0 15.0 0.0
0.0 18.0 0.0
0.0 18.0 0.0
5.066967 17.896532 0.0
5.066967 17.896532 0.0
5.066967 18.646532 0.0
5.066967 17.896532 0.0
9.729721 16.468853 1.3803309
9.729721 16.468853 1.3803309
15.46625 10.698965 6.27606
9.729721 16.468853 1.3803309
13.295716 13.97543 3.9786725
0.0 18.0 0.0
0.0 21.0 0.0
0.0 21.0 0.0
-5.8842196 20.78307 0.0
0.0 21.0 0.0
0.0 24.0 0.0
0.0 24.0 0.0
6.7014723 23.669607 0.0
0.0 24.0 0.0
0.0 27.0 0.0
