0.0 0.0 0.0
0.0 3.0 0.0
0.0 3.0 0.0
-2.5207705 2.5701585 0.0
0.0 3.0 0.0
0.0 6.0 0.0
0.0 6.0 0.0
4.6214128 4.7119575 0.0
0.0 6.0 0.0
0.0 9.0 0.0
0.0 9.0 0.0
-6.7220554 6.8537564 0.0
-6.7220554 6.8537564 0.0
-6.9749737 0.0049076825 6.72079
-6.7220554 6.8537564 0.0
-8.645458 1.9610872 4.7068777
-8.645458 1.9610872 4.7068777
-8.645458 2.2944205 4.7068777
-8.645458 1.9610872 4.7068777
-4.4770985 0.45684958 9.414066
0.0 9.0 0.0
0.0 12.0 0.0
0.0 12.0 0.0
-9.102783 9.281128 0.0
0.0 12.0 0.0
0.0 15.0 0.0
0.0 15.0 0.0
11.553533 11.779893 0.0
0.0 15.0 0.0
0.0 18.0 0.0
0.0 18.0 0.0
13.023982 13.279153 0.0
13.023982 13.279153 0.0
13.023982 13.612486 0.0
13.023982 13.279153 0.0
16.63679 3.6835928 9.1195755
16.63679 3.6835928 9.1195755
3.8455405 8.871371 16.810581
16.63679 3.6835928 9.1195755
7.200363 -0.5017321 18.16008
0.0 18.0 0.0
0.0 21.0 0.0
0.0 21.0 0.0
-15.124624 15.420952 0.0
0.0 21.0 0.0
0.0 24.0 0.0
0.0 24.0 0.0
17.225267 17.56275 0.0
0.0 24.0 0.0
0.0 27.0 0.0
