0.0 0.0 0.0
0.0 3.0 0.0
0.0 3.0 0.0
-3.0728366 2.5607958 0.0
0.0 3.0 0.0
0.0 6.0 0.0
0.0 6.0 0.0
5.0701804 4.225313 0.0
0.0 6.0 0.0
0.0 9.0 0.0
0.0 9.0 0.0
-7.6820917 6.4019895 0.0
-7.6820917 6.4019895 0.0
-6.8746576 0.14799786 7.556208
-7.6820917 6.4019895 0.0
-9.218922 1.2807415 5.901453
-9.218922 1.2807415 5.901453
-9.218922 1.4007415 5.901453
-9.218922 1.2807415 5.901453
-2.3208473 0.15283608 10.860164
0.0 9.0 0.0
0.0 12.0 0.0
0.0 12.0 0.0
-9.679436 8.066507 0.0
0.0 12.0 0.0
0.0 15.0 0.0
0.0 15.0 0.0
11.984063 9.987103 0.0
0.0 15.0 0.0
0.0 18.0 0.0
0.0 18.0 0.0
14.288691 11.907701 0.0
14.288691 11.907701 0.0
14.288691 12.0277 0.0
14.288691 11.907701 0.0
15.464817 0.9801426 10.976703
15.464817 0.9801426 10.976703
4.151037 13.05045 13.232405
15.464817 0.9801426 10.976703
2.4610755 0.1398344 18.907488
0.0 18.0 0.0
0.0 21.0 0.0
0.0 21.0 0.0
-16.593319 13.828298 0.0
0.0 21.0 0.0
0.0 24.0 0.0
0.0 24.0 0.0
19.205229 16.004974 0.0
0.0 24.0 0.0
0.0 27.0 0.0
