0.0 0.0 0.0
0.0 3.0 0.0
0.0 3.0 0.0
-3.0495632 2.5884674 0.0
0.0 3.0 0.0
0.0 6.0 0.0
0.0 6.0 0.0
5.717931 4.8533764 0.0
0.0 6.0 0.0
0.0 9.0 0.0
0.0 9.0 0.0
-7.623908 6.4711685 0.0
-7.623908 6.4711685 0.0
-7.3264813 0.04897654 7.522601
-7.623908 6.4711685 0.0
-8.888539 1.0734189 5.8123975
-8.888539 1.0734189 5.8123975
-8.888539 1.4067522 5.8123975
-8.888539 1.0734189 5.8123975
-2.816537 0.6584853 10.537841
0.0 9.0 0.0
0.0 12.0 0.0
0.0 12.0 0.0
-9.606124 8.153672 0.0
0.0 12.0 0.0
0.0 15.0 0.0
0.0 15.0 0.0
11.893296 10.095023 0.0
0.0 15.0 0.0
0.0 18.0 0.0
0.0 18.0 0.0
14.485425 12.29522 0.0
14.485425 12.29522 0.0
14.485425 12.628553 0.0
14.485425 12.29522 0.0
16.58327 1.7806492 11.043554
16.58327 1.7806492 11.043554
4.2941914 13.067167 14.568558
16.58327 1.7806492 11.043554
3.310995 -0.2219435 19.789402
0.0 18.0 0.0
0.0 21.0 0.0
0.0 21.0 0.0
-16.467642 13.977724 0.0
0.0 21.0 0.0
0.0 24.0 0.0
0.0 24.0 0.0
19.440966 16.50148 0.0
0.0 24.0 0.0
0.0 27.0 0.0
