0.0 0.0 0.0
0.0 3.0 0.0
0.0 3.0 0.0
-3.7317877 2.5147088 0.0
0.0 3.0 0.0
0.0 6.0 0.0
0.0 6.0 0.0
5.805003 3.9117694 0.0
0.0 6.0 0.0
0.0 9.0 0.0
0.0 9.0 0.0
-7.9611473 5.364712 0.0
-7.9611473 5.364712 0.0
-6.789534 0.47457457 7.378792
-7.9611473 5.364712 0.0
-7.4325957 -0.35617042 6.6020694
-7.4325957 -0.35617042 6.6020694
-7.4325957 -0.23617041 6.6020694
-7.4325957 -0.35617042 6.6020694
0.5362762 1.2321515 9.853145
0.0 9.0 0.0
0.0 12.0 0.0
0.0 12.0 0.0
-11.195363 7.5441265 0.0
0.0 12.0 0.0
0.0 15.0 0.0
0.0 15.0 0.0
13.268579 8.941187 0.0
0.0 15.0 0.0
0.0 18.0 0.0
0.0 18.0 0.0
15.424723 10.39413 0.0
15.424723 10.39413 0.0
15.424723 11.14413 0.0
15.424723 10.39413 0.0
13.934181 -1.0044188 12.791509
13.934181 -1.0044188 12.791509
5.793045 16.089165 8.112571
13.934181 -1.0044188 12.791509
-1.1655002 2.6164122 18.703629
0.0 18.0 0.0
0.0 21.0 0.0
0.0 21.0 0.0
-17.91258 12.070602 0.0
0.0 21.0 0.0
0.0 24.0 0.0
0.0 24.0 0.0
20.732155 13.970605 0.0
0.0 24.0 0.0
0.0 27.0 0.0
