0.0 0.0 0.0
0.0 3.0 0.0
0.0 3.0 0.0
-3.8865056 2.2682755 0.0
0.0 3.0 0.0
0.0 6.0 0.0
0.0 6.0 0.0
6.0456753 3.5284286 0.0
0.0 6.0 0.0
0.0 9.0 0.0
0.0 9.0 0.0
-8.291212 4.838988 0.0
-8.291212 4.838988 0.0
-6.5091887 1.0066564 7.2190175
-8.291212 4.838988 0.0
-6.8040915 -0.86792564 7.160854
-6.8040915 -0.86792564 7.160854
-6.8040915 -0.74792564 7.160854
-6.8040915 -0.86792564 7.160854
0.8427467 2.6979413 9.485984
0.0 9.0 0.0
0.0 12.0 0.0
0.0 12.0 0.0
-11.659516 6.8048267 0.0
0.0 12.0 0.0
0.0 15.0 0.0
0.0 15.0 0.0
14.250521 8.31701 0.0
0.0 15.0 0.0
0.0 18.0 0.0
0.0 18.0 0.0
16.064224 9.375539 0.0
16.064224 9.375539 0.0
16.064224 9.708872 0.0
16.064224 9.375539 0.0
13.474415 -1.5114856 13.874155
13.474415 -1.5114856 13.874155
8.538076 16.66267 4.9080157
13.474415 -1.5114856 13.874155
-3.0582004 4.2252483 18.630844
0.0 18.0 0.0
0.0 21.0 0.0
0.0 21.0 0.0
-19.432528 11.341377 0.0
0.0 21.0 0.0
0.0 24.0 0.0
0.0 24.0 0.0
22.023531 12.853561 0.0
0.0 24.0 0.0
0.0 27.0 0.0
