0.0 0.0 0.0
0.0 3.0 0.0
0.0 3.0 0.0
-3.476023 2.8578424 0.0
0.0 3.0 0.0
0.0 6.0 0.0
0.0 6.0 0.0
5.7933717 4.7630706 0.0
0.0 6.0 0.0
0.0 9.0 0.0
0.0 9.0 0.0
-7.415516 6.0967307 0.0
-7.415516 6.0967307 0.0
-6.585962 0.16348505 7.275574
-7.415516 6.0967307 0.0
-8.858929 1.1867151 5.7281117
-8.858929 1.1867151 5.7281117
-8.858929 1.3067151 5.7281117
-8.858929 1.1867151 5.7281117
-2.1431382 0.20666641 10.480862
0.0 9.0 0.0
0.0 12.0 0.0
0.0 12.0 0.0
-10.041844 8.255989 0.0
0.0 12.0 0.0
0.0 15.0 0.0
0.0 15.0 0.0
12.050213 9.907187 0.0
0.0 15.0 0.0
0.0 18.0 0.0
0.0 18.0 0.0
14.367562 11.812416 0.0
14.367562 11.812416 0.0
14.367562 12.562416 0.0
14.367562 11.812416 0.0
15.382715 0.83461666 11.098217
15.382715 0.83461666 11.098217
4.235241 13.295114 12.946506
15.382715 0.83461666 11.098217
2.5631669 0.55851483 18.930584
0.0 18.0 0.0
0.0 21.0 0.0
0.0 21.0 0.0
-16.68491 13.717644 0.0
0.0 21.0 0.0
0.0 24.0 0.0
0.0 24.0 0.0
19.697464 16.19444 0.0
0.0 24.0 0.0
0.0 27.0 0.0
