0.0 0.0 0.0
0.0 3.0 0.0
0.0 3.0 0.0
-2.0113761 2.9856935 0.0
0.0 3.0 0.0
0.0 6.0 0.0
0.0 6.0 0.0
4.1903667 6.220195 0.0
0.0 6.0 0.0
0.0 9.0 0.0
0.0 9.0 0.0
-5.8665137 8.708273 0.0
-5.8665137 8.708273 0.0
-9.207272 1.3542299 5.4368033
-5.8665137 8.708273 0.0
-9.738726 5.7479243 3.2777126
-9.738726 5.7479243 3.2777126
-9.738726 6.4979243 3.2777126
-9.738726 5.7479243 3.2777126
-8.726524 1.7751999 8.159579
0.0 9.0 0.0
0.0 12.0 0.0
0.0 12.0 0.0
-7.0398164 10.449927 0.0
0.0 12.0 0.0
0.0 15.0 0.0
0.0 15.0 0.0
8.939449 13.269749 0.0
0.0 15.0 0.0
0.0 18.0 0.0
0.0 18.0 0.0
10.894954 16.172506 0.0
10.894954 16.172506 0.0
10.894954 16.50584 0.0
10.894954 16.172506 0.0
16.865013 8.861975 6.0871806
16.865013 8.861975 6.0871806
8.782651 2.8108654 17.91648
16.865013 8.861975 6.0871806
14.2897625 2.264472 14.471206
0.0 18.0 0.0
0.0 21.0 0.0
0.0 21.0 0.0
-12.291742 18.245905 0.0
0.0 21.0 0.0
0.0 24.0 0.0
0.0 24.0 0.0
13.744404 20.402239 0.0
0.0 24.0 0.0
0.0 27.0 0.0
