0.0 0.0 0.0
0.0 3.0 0.0
0.0 3.0 0.0
-1.755573 3.1429226 0.0
0.0 3.0 0.0
0.0 6.0 0.0
0.0 6.0 0.0
3.2185507 5.762025 0.0
0.0 6.0 0.0
0.0 9.0 0.0
0.0 9.0 0.0
-4.8765917 8.730341 0.0
-4.8765917 8.730341 0.0
-8.876865 2.4635181 4.1523504
-4.8765917 8.730341 0.0
-8.461972 6.4187436 2.3781147
-8.461972 6.4187436 2.3781147
-8.461972 6.5387435 2.3781147
-8.461972 6.4187436 2.3781147
-9.05497 3.4397326 6.2027335
0.0 9.0 0.0
0.0 12.0 0.0
0.0 12.0 0.0
-6.144506 11.00023 0.0
0.0 12.0 0.0
0.0 15.0 0.0
0.0 15.0 0.0
7.802547 13.968545 0.0
0.0 15.0 0.0
0.0 18.0 0.0
0.0 18.0 0.0
9.509355 17.024164 0.0
9.509355 17.024164 0.0
9.509355 17.144165 0.0
9.509355 17.024164 0.0
15.842506 11.337954 4.6373243
15.842506 11.337954 4.6373243
12.578395 2.6271632 15.921382
15.842506 11.337954 4.6373243
16.361214 5.565942 11.774286
0.0 18.0 0.0
0.0 21.0 0.0
0.0 21.0 0.0
-10.533439 18.857536 0.0
0.0 21.0 0.0
0.0 24.0 0.0
0.0 24.0 0.0
12.435309 22.26237 0.0
0.0 24.0 0.0
0.0 27.0 0.0
