0.0 0.0 0.0
0.0 3.0 0.0
0.0 3.0 0.0
-2.998094 1.9928449 0.0
0.0 3.0 0.0
0.0 6.0 0.0
0.0 6.0 0.0
5.4965057 3.6535492 0.0
0.0 6.0 0.0
0.0 9.0 0.0
0.0 9.0 0.0
-7.994918 5.314254 0.0
-7.994918 5.314254 0.0
-6.789571 0.50608015 7.371533
-7.994918 5.314254 0.0
-7.375357 -0.41182423 6.658199
-7.375357 -0.41182423 6.658199
-7.375357 0.33817577 6.658199
-7.375357 -0.41182423 6.658199
-0.09680337 1.8201149 9.827992
0.0 9.0 0.0
0.0 12.0 0.0
0.0 12.0 0.0
-10.82645 7.196385 0.0
0.0 12.0 0.0
0.0 15.0 0.0
0.0 15.0 0.0
13.3248625 8.857089 0.0
0.0 15.0 0.0
0.0 18.0 0.0
0.0 18.0 0.0
15.823275 10.517794 0.0
15.823275 10.517794 0.0
15.823275 10.637794 0.0
15.823275 10.517794 0.0
14.857311 -0.6420789 13.177685
14.857311 -0.6420789 13.177685
6.448867 16.708076 8.597439
14.857311 -0.6420789 13.177685
-1.5572971 2.266829 19.667973
0.0 18.0 0.0
0.0 21.0 0.0
0.0 21.0 0.0
-18.738089 12.455281 0.0
0.0 21.0 0.0
0.0 24.0 0.0
0.0 24.0 0.0
21.2365 14.115986 0.0
0.0 24.0 0.0
0.0 27.0 0.0
