0.0 0.0 0.0
0.0 3.0 0.0
0.0 3.0 0.0
-3.2441697 2.3399494 0.0
0.0 3.0 0.0
0.0 6.0 0.0
0.0 6.0 0.0
5.677297 4.0949116 0.0
0.0 6.0 0.0
0.0 9.0 0.0
0.0 9.0 0.0
-7.7860074 5.6158786 0.0
-7.7860074 5.6158786 0.0
-6.815989 0.32260346 7.3881354
-7.7860074 5.6158786 0.0
-8.43573 0.46863103 6.314782
-8.43573 0.46863103 6.314782
-8.43573 0.58863103 6.314782
-8.43573 0.46863103 6.314782
-1.4873905 1.3030952 10.535803
0.0 9.0 0.0
0.0 12.0 0.0
0.0 12.0 0.0
-10.949073 7.8973293 0.0
0.0 12.0 0.0
0.0 15.0 0.0
0.0 15.0 0.0
12.652262 9.125803 0.0
0.0 15.0 0.0
0.0 18.0 0.0
0.0 18.0 0.0
15.085389 10.880765 0.0
15.085389 10.880765 0.0
15.085389 11.214098 0.0
15.085389 10.880765 0.0
14.798178 -0.20715904 12.234891
14.798178 -0.20715904 12.234891
5.6526384 15.276466 10.180894
14.798178 -0.20715904 12.234891
0.3077976 1.7832932 19.159206
0.0 18.0 0.0
0.0 21.0 0.0
0.0 21.0 0.0
-17.518517 12.635727 0.0
0.0 21.0 0.0
0.0 24.0 0.0
0.0 24.0 0.0
20.27606 14.624683 0.0
0.0 24.0 0.0
0.0 27.0 0.0
