0.0 0.0 0.0
0.0 3.0 0.0
0.0 3.0 0.0
-2.167183 3.9437695 0.0
0.0 3.0 0.0
0.0 6.0 0.0
0.0 6.0 0.0
3.3711734 6.1347523 0.0
0.0 6.0 0.0
0.0 9.0 0.0
0.0 9.0 0.0
-5.0567603 9.202128 0.0
-5.0567603 9.202128 0.0
-9.32263 2.7093544 4.26859
-5.0567603 9.202128 0.0
-9.038025 7.244978 2.4353166
-9.038025 7.244978 2.4353166
-9.038025 7.5783114 2.4353166
-9.038025 7.244978 2.4353166
-9.692034 3.6254623 6.4869733
0.0 9.0 0.0
0.0 12.0 0.0
0.0 12.0 0.0
-6.0681124 11.042555 0.0
0.0 12.0 0.0
0.0 15.0 0.0
0.0 15.0 0.0
7.705539 14.022291 0.0
0.0 15.0 0.0
0.0 18.0 0.0
0.0 18.0 0.0
9.150328 16.65147 0.0
9.150328 16.65147 0.0
9.150328 16.984804 0.0
9.150328 16.65147 0.0
15.528929 11.607571 4.406763
15.528929 11.607571 4.406763
12.36887 2.3997357 15.471115
15.528929 11.607571 4.406763
16.139034 5.5170135 11.340731
0.0 18.0 0.0
0.0 21.0 0.0
0.0 21.0 0.0
-10.402478 18.930094 0.0
0.0 21.0 0.0
0.0 24.0 0.0
0.0 24.0 0.0
12.280704 22.348026 0.0
0.0 24.0 0.0
0.0 27.0 0.0
