0.0 0.0 0.0
0.0 3.0 0.0
0.0 3.0 0.0
-2.4912653 3.1294725 0.0
0.0 3.0 0.0
0.0 6.0 0.0
0.0 6.0 0.0
4.1105876 5.1636295 0.0
0.0 6.0 0.0
0.0 9.0 0.0
0.0 9.0 0.0
-6.2281632 7.8236814 0.0
-6.2281632 7.8236814 0.0
-8.0545225 0.4201653 6.0696144
-6.2281632 7.8236814 0.0
-9.307791 3.8685591 3.8790019
-9.307791 3.8685591 3.8790019
-9.307791 4.2018924 3.8790019
-9.307791 3.8685591 3.8790019
-6.839388 0.77824855 8.831851
0.0 9.0 0.0
0.0 12.0 0.0
0.0 12.0 0.0
-7.847486 9.857839 0.0
0.0 12.0 0.0
0.0 15.0 0.0
0.0 15.0 0.0
9.715935 12.204943 0.0
0.0 15.0 0.0
0.0 18.0 0.0
0.0 18.0 0.0
12.144918 15.256179 0.0
12.144918 15.256179 0.0
12.144918 16.00618 0.0
12.144918 15.256179 0.0
17.309391 6.4874945 7.5640535
17.309391 6.4874945 7.5640535
5.6566663 4.883272 18.564608
17.309391 6.4874945 7.5640535
11.57266 0.35769987 16.698444
0.0 18.0 0.0
0.0 21.0 0.0
0.0 21.0 0.0
-13.70196 17.2121 0.0
0.0 21.0 0.0
0.0 24.0 0.0
0.0 24.0 0.0
15.570408 19.559202 0.0
0.0 24.0 0.0
0.0 27.0 0.0
