0.0 0.0 0.0
0.0 3.0 0.0
0.0 3.0 0.0
-1.4350811 3.3015969 0.0
0.0 3.0 0.0
0.0 6.0 0.0
0.0 6.0 0.0
2.9897525 6.878327 0.0
0.0 6.0 0.0
0.0 9.0 0.0
0.0 9.0 0.0
-3.9863367 9.171103 0.0
-3.9863367 9.171103 0.0
-9.109264 4.779619 2.9147377
-3.9863367 9.171103 0.0
-7.2479634 7.50381 1.589088
-7.2479634 7.50381 1.589088
-7.2479634 8.25381 1.589088
-7.2479634 7.50381 1.589088
-8.905148 5.4016614 4.346651
0.0 9.0 0.0
0.0 12.0 0.0
0.0 12.0 0.0
-5.022784 11.55559 0.0
0.0 12.0 0.0
0.0 15.0 0.0
0.0 15.0 0.0
6.218685 14.30692 0.0
0.0 15.0 0.0
0.0 18.0 0.0
0.0 18.0 0.0
7.414586 17.05825 0.0
7.414586 17.05825 0.0
7.414586 17.80825 0.0
7.414586 17.05825 0.0
13.43497 13.850701 2.9557035
13.43497 13.850701 2.9557035
15.453737 4.839185 11.839738
13.43497 13.850701 2.9557035
16.338764 9.636269 8.066338
0.0 18.0 0.0
0.0 21.0 0.0
0.0 21.0 0.0
-8.76994 20.176426 0.0
0.0 21.0 0.0
0.0 24.0 0.0
0.0 24.0 0.0
10.165158 23.386312 0.0
0.0 24.0 0.0
0.0 27.0 0.0
