0.0 0.0 0.0
0.0 3.0 0.0
0.0 3.0 0.0
-2.726143 2.3512006 0.0
0.0 3.0 0.0
0.0 6.0 0.0
0.0 6.0 0.0
5.3008337 4.571779 0.0
0.0 6.0 0.0
0.0 9.0 0.0
0.0 9.0 0.0
-7.5726194 6.5311127 0.0
-7.5726194 6.5311127 0.0
-7.365527 0.030753851 7.4904766
-7.5726194 6.5311127 0.0
-9.3117895 1.4999721 5.7344565
-9.3117895 1.4999721 5.7344565
-9.3117895 2.249972 5.7344565
-9.3117895 1.4999721 5.7344565
-2.726087 0.054524064 10.796701
0.0 9.0 0.0
0.0 12.0 0.0
0.0 12.0 0.0
-10.223036 8.817002 0.0
0.0 12.0 0.0
0.0 15.0 0.0
0.0 15.0 0.0
11.813287 10.188537 0.0
0.0 15.0 0.0
0.0 18.0 0.0
0.0 18.0 0.0
14.766607 12.73567 0.0
14.766607 12.73567 0.0
14.766607 12.85567 0.0
14.766607 12.73567 0.0
17.078892 1.9942627 11.18219
17.078892 1.9942627 11.18219
4.2956085 13.080536 15.251064
17.078892 1.9942627 11.18219
4.0220704 -0.07885063 20.236408
0.0 18.0 0.0
0.0 21.0 0.0
0.0 21.0 0.0
-16.659763 14.368448 0.0
0.0 21.0 0.0
0.0 24.0 0.0
0.0 24.0 0.0
18.93155 16.327782 0.0
0.0 24.0 0.0
0.0 27.0 0.0
