0.0 0.0 0.0
0.0 3.0 0.0
0.0 3.0 0.0
-1.6418395 3.6475146 0.0
0.0 3.0 0.0
0.0 6.0 0.0
0.0 6.0 0.0
2.7090352 6.018399 0.0
0.0 6.0 0.0
0.0 9.0 0.0
0.0 9.0 0.0
-4.104599 9.118787 0.0
-4.104599 9.118787 0.0
-8.880161 4.2299 3.0726175
-4.104599 9.118787 0.0
-7.5664234 7.6907964 1.6847732
-7.5664234 7.6907964 1.6847732
-7.5664234 7.8107963 1.6847732
-7.5664234 7.6907964 1.6847732
-9.064099 5.0120125 4.642022
0.0 9.0 0.0
0.0 12.0 0.0
0.0 12.0 0.0
-5.3359785 11.854423 0.0
0.0 12.0 0.0
0.0 15.0 0.0
0.0 15.0 0.0
6.567358 14.590058 0.0
0.0 15.0 0.0
0.0 18.0 0.0
0.0 18.0 0.0
7.634554 16.960943 0.0
7.634554 16.960943 0.0
7.634554 17.710943 0.0
7.634554 16.960943 0.0
13.925781 13.976606 3.133678
13.925781 13.976606 3.133678
15.278927 4.332211 12.502321
13.925781 13.976606 3.133678
16.389812 8.607775 8.573508
0.0 18.0 0.0
0.0 21.0 0.0
0.0 21.0 0.0
-9.235347 20.51727 0.0
0.0 21.0 0.0
0.0 24.0 0.0
0.0 24.0 0.0
10.466727 23.252905 0.0
0.0 24.0 0.0
0.0 27.0 0.0
