0.0 0.0 0.0
0.0 3.0 0.0
0.0 3.0 0.0
-1.3932298 3.3194742 0.0
0.0 3.0 0.0
0.0 6.0 0.0
0.0 6.0 0.0
2.5542548 6.085703 0.0
0.0 6.0 0.0
0.0 9.0 0.0
0.0 9.0 0.0
-3.870083 9.220762 0.0
-3.870083 9.220762 0.0
-8.717555 4.7574563 2.7620873
-3.870083 9.220762 0.0
-7.2459598 8.043279 1.4977543
-7.2459598 8.043279 1.4977543
-7.2459598 8.793279 1.4977543
-7.2459598 8.043279 1.4977543
-9.126041 5.97719 4.1852903
0.0 9.0 0.0
0.0 12.0 0.0
0.0 12.0 0.0
-5.031108 11.986991 0.0
0.0 12.0 0.0
0.0 15.0 0.0
0.0 15.0 0.0
6.3856373 15.214258 0.0
0.0 15.0 0.0
0.0 18.0 0.0
0.0 18.0 0.0
7.546662 17.980486 0.0
7.546662 17.980486 0.0
7.546662 18.31382 0.0
7.546662 17.980486 0.0
13.955467 15.269457 2.920621
13.955467 15.269457 2.920621
16.820026 5.731987 12.005796
13.955467 15.269457 2.920621
17.119469 10.459091 8.093917
0.0 18.0 0.0
0.0 21.0 0.0
0.0 21.0 0.0
-8.707687 20.746716 0.0
0.0 21.0 0.0
0.0 24.0 0.0
0.0 24.0 0.0
9.520405 22.683075 0.0
0.0 24.0 0.0
0.0 27.0 0.0
