0.0 0.0 0.0
0.0 3.0 0.0
0.0 3.0 0.0
-2.042173 4.009929 0.0
0.0 3.0 0.0
0.0 6.0 0.0
0.0 6.0 0.0
3.4036212 6.683215 0.0
0.0 6.0 0.0
0.0 9.0 0.0
0.0 9.0 0.0
-4.3566356 8.554516 0.0
-4.3566356 8.554516 0.0
-8.522636 3.0292683 3.5235898
-4.3566356 8.554516 0.0
-8.022292 7.1977367 1.9771117
-8.022292 7.1977367 1.9771117
-8.022292 7.53107 1.9771117
-8.022292 7.1977367 1.9771117
-9.109316 4.1115484 5.402441
0.0 9.0 0.0
0.0 12.0 0.0
0.0 12.0 0.0
-5.8996105 11.584239 0.0
0.0 12.0 0.0
0.0 15.0 0.0
0.0 15.0 0.0
7.0795326 13.901088 0.0
0.0 15.0 0.0
0.0 18.0 0.0
0.0 18.0 0.0
8.622507 16.93081 0.0
8.622507 16.93081 0.0
8.622507 17.050812 0.0
8.622507 16.93081 0.0
14.984001 12.491176 3.9130332
14.984001 12.491176 3.9130332
14.030481 3.2196903 14.420126
14.984001 12.491176 3.9130332
16.256641 6.4119396 10.286868
0.0 18.0 0.0
0.0 21.0 0.0
0.0 21.0 0.0
-9.983955 19.604097 0.0
0.0 21.0 0.0
0.0 24.0 0.0
0.0 24.0 0.0
11.345405 22.277384 0.0
0.0 24.0 0.0
0.0 27.0 0.0
