0.0 0.0 0.0
0.0 3.0 0.0
0.0 3.0 0.0
-3.7854803 2.433134 0.0
0.0 3.0 0.0
0.0 6.0 0.0
0.0 6.0 0.0
5.5520377 3.5685964 0.0
0.0 6.0 0.0
0.0 9.0 0.0
0.0 9.0 0.0
-8.8327875 5.677313 0.0
-8.8327875 5.677313 0.0
-7.3702307 0.6676936 8.035071
-8.8327875 5.677313 0.0
-8.199364 -0.40713692 7.4302983
-8.199364 -0.40713692 7.4302983
-8.199364 0.34286308 7.4302983
-8.199364 -0.40713692 7.4302983
0.8202772 1.6328846 10.914987
0.0 9.0 0.0
0.0 12.0 0.0
0.0 12.0 0.0
-10.935832 7.0290537 0.0
0.0 12.0 0.0
0.0 15.0 0.0
0.0 15.0 0.0
13.880094 8.921492 0.0
0.0 15.0 0.0
0.0 18.0 0.0
0.0 18.0 0.0
16.403748 10.543581 0.0
16.403748 10.543581 0.0
16.403748 11.293581 0.0
16.403748 10.543581 0.0
14.169857 -1.4358425 13.799125
14.169857 -1.4358425 13.799125
6.460013 17.318861 7.1594296
14.169857 -1.4358425 13.799125
-2.5004852 3.0841894 19.381073
0.0 18.0 0.0
0.0 21.0 0.0
0.0 21.0 0.0
-18.506792 11.895322 0.0
0.0 21.0 0.0
0.0 24.0 0.0
0.0 24.0 0.0
21.030445 13.517411 0.0
0.0 24.0 0.0
0.0 27.0 0.0
