0.0 0.0 0.0
0.0 3.0 0.0
0.0 3.0 0.0
-3.1911914 2.4117 0.0
0.0 3.0 0.0
0.0 6.0 0.0
0.0 6.0 0.0
5.983484 4.5219374 0.0
0.0 6.0 0.0
0.0 9.0 0.0
0.0 9.0 0.0
-8.376878 6.3307123 0.0
-8.376878 6.3307123 0.0
-6.8298945 0.4389379 8.058763
-8.376878 6.3307123 0.0
-8.574458 0.14931822 6.683055
-8.574458 0.14931822 6.683055
-8.574458 0.26931822 6.683055
-8.574458 0.14931822 6.683055
-0.8192667 0.82217366 10.870066
0.0 9.0 0.0
0.0 12.0 0.0
0.0 12.0 0.0
-10.371372 7.838025 0.0
0.0 12.0 0.0
0.0 15.0 0.0
0.0 15.0 0.0
12.445647 9.40563 0.0
0.0 15.0 0.0
0.0 18.0 0.0
0.0 18.0 0.0
15.158159 11.455575 0.0
15.158159 11.455575 0.0
15.158159 11.788908 0.0
15.158159 11.455575 0.0
15.846203 0.519979 12.093147
15.846203 0.519979 12.093147
4.97198 15.178577 11.943456
15.846203 0.519979 12.093147
0.8369529 0.7501094 19.933327
0.0 18.0 0.0
0.0 21.0 0.0
0.0 21.0 0.0
-17.232433 13.02318 0.0
0.0 21.0 0.0
0.0 24.0 0.0
0.0 24.0 0.0
20.343845 15.374588 0.0
0.0 24.0 0.0
0.0 27.0 0.0
