0.0 0.0 0.0
0.0 3.0 0.0
0.0 3.0 0.0
-2.5387323 3.0910902 0.0
0.0 3.0 0.0
0.0 6.0 0.0
0.0 6.0 0.0
4.4427814 5.4094076 0.0
0.0 6.0 0.0
0.0 9.0 0.0
0.0 9.0 0.0
-6.092958 7.418617 0.0
-6.092958 7.418617 0.0
-8.243006 0.42599535 5.9767733
-6.092958 7.418617 0.0
-8.727858 3.2081804 3.8670974
-8.727858 3.2081804 3.8670974
-8.727858 3.9581804 3.8670974
-8.727858 3.2081804 3.8670974
-5.9862623 0.52900577 8.52781
0.0 9.0 0.0
0.0 12.0 0.0
0.0 12.0 0.0
-8.568221 10.432429 0.0
0.0 12.0 0.0
0.0 15.0 0.0
0.0 15.0 0.0
10.154929 12.364361 0.0
0.0 15.0 0.0
0.0 18.0 0.0
0.0 18.0 0.0
12.37632 15.069065 0.0
12.37632 15.069065 0.0
12.37632 15.402398 0.0
12.37632 15.069065 0.0
17.906963 6.733959 7.8550406
17.906963 6.733959 7.8550406
6.111389 5.517949 19.092165
17.906963 6.733959 7.8550406
11.495747 0.048919678 17.435406
0.0 18.0 0.0
0.0 21.0 0.0
0.0 21.0 0.0
-14.280369 17.387383 0.0
0.0 21.0 0.0
0.0 24.0 0.0
0.0 24.0 0.0
15.867077 19.319313 0.0
0.0 24.0 0.0
0.0 27.0 0.0
