0.0 0.0 0.0
0.0 3.0 0.0
0.0 3.0 0.0
-2.3725846 2.7075527 0.0
0.0 3.0 0.0
0.0 6.0 0.0
0.0 6.0 0.0
4.3497386 4.9638467 0.0
0.0 6.0 0.0
0.0 9.0 0.0
0.0 9.0 0.0
-6.9200387 7.8970284 0.0
-6.9200387 7.8970284 0.0
-8.691469 0.23462492 6.860127
-6.9200387 7.8970284 0.0
-9.777927 3.2613733 4.5606604
-9.777927 3.2613733 4.5606604
-9.777927 3.5947065 4.5606604
-9.777927 3.2613733 4.5606604
-6.4082994 0.7152996 9.874219
0.0 9.0 0.0
0.0 12.0 0.0
0.0 12.0 0.0
-8.567667 9.777273 0.0
0.0 12.0 0.0
0.0 15.0 0.0
0.0 15.0 0.0
10.544821 12.033567 0.0
0.0 15.0 0.0
0.0 18.0 0.0
0.0 18.0 0.0
12.8515005 14.665911 0.0
12.8515005 14.665911 0.0
12.8515005 15.415911 0.0
12.8515005 14.665911 0.0
17.923634 5.78823 8.469798
17.923634 5.78823 8.469798
5.0636096 6.766495 18.880564
17.923634 5.78823 8.469798
10.150465 -0.4008088 18.182713
0.0 18.0 0.0
0.0 21.0 0.0
0.0 21.0 0.0
-14.499128 16.546156 0.0
0.0 21.0 0.0
0.0 24.0 0.0
0.0 24.0 0.0
16.805809 19.178497 0.0
0.0 24.0 0.0
0.0 27.0 0.0
