0.0 0.0 0.0
0.0 3.0 0.0
0.0 3.0 0.0
-2.0728993 3.9941316 0.0
0.0 3.0 0.0
0.0 6.0 0.0
0.0 6.0 0.0
3.2245102 6.2130938 0.0
0.0 6.0 0.0
0.0 9.0 0.0
0.0 9.0 0.0
-4.4221854 8.520815 0.0
-4.4221854 8.520815 0.0
-8.705437 3.015082 3.6161172
-4.4221854 8.520815 0.0
-7.869537 6.6424723 2.0370545
-7.869537 6.6424723 2.0370545
-7.869537 6.9758058 2.0370545
-7.869537 6.6424723 2.0370545
-8.887264 3.9980454 5.433116
0.0 9.0 0.0
0.0 12.0 0.0
0.0 12.0 0.0
-5.8041186 11.183569 0.0
0.0 12.0 0.0
0.0 15.0 0.0
0.0 15.0 0.0
7.1860514 13.846323 0.0
0.0 15.0 0.0
0.0 18.0 0.0
0.0 18.0 0.0
8.567985 16.509077 0.0
8.567985 16.509077 0.0
8.567985 16.629078 0.0
8.567985 16.509077 0.0
14.815372 12.037677 3.9467933
14.815372 12.037677 3.9467933
12.992667 2.6637478 14.386681
14.815372 12.037677 3.9467933
16.063694 6.3520994 10.32773
0.0 18.0 0.0
0.0 21.0 0.0
0.0 21.0 0.0
-9.949917 19.171833 0.0
0.0 21.0 0.0
0.0 24.0 0.0
0.0 24.0 0.0
11.746429 22.633413 0.0
0.0 24.0 0.0
0.0 27.0 0.0
