0.0 0.0 0.0
0.0 3.0 0.0
0.0 3.0 0.0
-2.5018885 3.120986 0.0
0.0 3.0 0.0
0.0 6.0 0.0
0.0 6.0 0.0
4.128116 5.1496267 0.0
0.0 6.0 0.0
0.0 9.0 0.0
0.0 9.0 0.0
-6.567457 8.192588 0.0
-6.567457 8.192588 0.0
-8.424338 0.41391563 6.410133
-6.567457 8.192588 0.0
-9.497685 3.6553197 4.1077614
-9.497685 3.6553197 4.1077614
-9.497685 4.4053197 4.1077614
-9.497685 3.6553197 4.1077614
-7.001874 0.9943557 9.145604
0.0 9.0 0.0
0.0 12.0 0.0
0.0 12.0 0.0
-8.443873 10.533328 0.0
0.0 12.0 0.0
0.0 15.0 0.0
0.0 15.0 0.0
10.007554 12.483944 0.0
0.0 15.0 0.0
0.0 18.0 0.0
0.0 18.0 0.0
11.88397 14.824683 0.0
11.88397 14.824683 0.0
11.88397 15.574683 0.0
11.88397 14.824683 0.0
16.882488 6.2354107 7.433092
16.882488 6.2354107 7.433092
5.42385 4.878858 18.095278
16.882488 6.2354107 7.433092
11.175831 0.31431055 16.359169
0.0 18.0 0.0
0.0 21.0 0.0
0.0 21.0 0.0
-13.760386 17.165422 0.0
0.0 21.0 0.0
0.0 24.0 0.0
0.0 24.0 0.0
15.636804 19.506163 0.0
0.0 24.0 0.0
0.0 27.0 0.0
