0.0 0.0 0.0
0.0 3.0 0.0
0.0 3.0 0.0
-1.1516942 3.4108064 0.0
0.0 3.0 0.0
0.0 6.0 0.0
0.0 6.0 0.0
2.1114392 6.253145 0.0
0.0 6.0 0.0
0.0 9.0 0.0
0.0 9.0 0.0
-3.359108 9.948185 0.0
-3.359108 9.948185 0.0
-8.609979 6.8888674 2.0363069
-3.359108 9.948185 0.0
-6.389841 8.975685 1.0746292
-6.389841 8.975685 1.0746292
-6.389841 9.309018 1.0746292
-6.389841 8.975685 1.0746292
-8.473553 7.245655 3.0623598
0.0 9.0 0.0
0.0 12.0 0.0
0.0 12.0 0.0
-4.03093 11.937823 0.0
0.0 12.0 0.0
0.0 15.0 0.0
0.0 15.0 0.0
4.990675 14.780162 0.0
0.0 15.0 0.0
0.0 18.0 0.0
0.0 18.0 0.0
6.2383437 18.4752 0.0
6.2383437 18.4752 0.0
6.2383437 18.808535 0.0
6.2383437 18.4752 0.0
11.70232 16.181871 1.99574
11.70232 16.181871 1.99574
16.451313 8.226168 8.681231
11.70232 16.181871 1.99574
15.396465 12.936155 5.634605
0.0 18.0 0.0
0.0 21.0 0.0
0.0 21.0 0.0
-6.9101653 20.464838 0.0
0.0 21.0 0.0
0.0 24.0 0.0
0.0 24.0 0.0
8.157834 24.15988 0.0
0.0 24.0 0.0
0.0 27.0 0.0
