0.0 0.0 0.0
0.0 3.0 0.0
0.0 3.0 0.0
-3.2157474 2.3788588 0.0
0.0 3.0 0.0
0.0 6.0 0.0
0.0 6.0 0.0
5.6275578 4.163003 0.0
0.0 6.0 0.0
0.0 9.0 0.0
0.0 9.0 0.0
-7.717794 5.7092614 0.0
-7.717794 5.7092614 0.0
-6.438975 0.3913504 7.3799562
-7.717794 5.7092614 0.0
-8.525463 0.5974755 6.204619
-8.525463 0.5974755 6.204619
-8.525463 0.71747553 6.204619
-8.525463 0.5974755 6.204619
-1.7350619 1.1813991 10.543912
0.0 9.0 0.0
0.0 12.0 0.0
0.0 12.0 0.0
-10.451179 7.7312913 0.0
0.0 12.0 0.0
0.0 15.0 0.0
0.0 15.0 0.0
12.862989 9.515435 0.0
0.0 15.0 0.0
0.0 18.0 0.0
0.0 18.0 0.0
15.676768 11.596936 0.0
15.676768 11.596936 0.0
15.676768 11.716936 0.0
15.676768 11.596936 0.0
16.073757 0.29367256 12.603131
16.073757 0.29367256 12.603131
5.90101 15.716246 11.682106
16.073757 0.29367256 12.603131
0.3777909 0.99199265 20.417553
0.0 18.0 0.0
0.0 21.0 0.0
0.0 21.0 0.0
-18.08858 13.381081 0.0
0.0 21.0 0.0
0.0 24.0 0.0
0.0 24.0 0.0
20.098421 14.867867 0.0
0.0 24.0 0.0
0.0 27.0 0.0
