0.0 0.0 0.0
0.0 3.0 0.0
0.0 3.0 0.0
-1.9987658 2.9941502 0.0
0.0 3.0 0.0
0.0 6.0 0.0
0.0 6.0 0.0
4.1640954 6.237813 0.0
0.0 6.0 0.0
0.0 9.0 0.0
0.0 9.0 0.0
-5.3300424 7.9844007 0.0
-5.3300424 7.9844007 0.0
-8.465654 1.3019724 4.9225616
-5.3300424 7.9844007 0.0
-8.675251 5.011121 2.9593074
-8.675251 5.011121 2.9593074
-8.675251 5.761121 2.9593074
-8.675251 5.011121 2.9593074
-7.74984 1.573041 7.2778907
0.0 9.0 0.0
0.0 12.0 0.0
0.0 12.0 0.0
-6.995681 10.479526 0.0
0.0 12.0 0.0
0.0 15.0 0.0
0.0 15.0 0.0
8.883404 13.307334 0.0
0.0 15.0 0.0
0.0 18.0 0.0
0.0 18.0 0.0
10.549042 15.802459 0.0
10.549042 15.802459 0.0
10.549042 15.922459 0.0
10.549042 15.802459 0.0
16.903728 9.519316 5.856962
16.903728 9.519316 5.856962
9.313864 2.70549 17.857456
16.903728 9.519316 5.856962
15.10643 3.1646104 14.25645
0.0 18.0 0.0
0.0 21.0 0.0
0.0 21.0 0.0
-11.992596 17.964901 0.0
0.0 21.0 0.0
0.0 24.0 0.0
0.0 24.0 0.0
13.658234 20.460026 0.0
0.0 24.0 0.0
0.0 27.0 0.0
