0.0 0.0 0.0
0.0 3.0 0.0
0.0 3.0 0.0
-2.4693215 2.6196282 0.0
0.0 3.0 0.0
0.0 6.0 0.0
0.0 6.0 0.0
4.8014584 5.0937214 0.0
0.0 6.0 0.0
0.0 9.0 0.0
0.0 9.0 0.0
-6.5848575 6.9856753 0.0
-6.5848575 6.9856753 0.0
-7.745128 0.068599164 6.5733786
-6.5848575 6.9856753 0.0
-9.307266 2.8881207 4.5167027
-9.307266 2.8881207 4.5167027
-9.307266 3.0081205 4.5167027
-9.307266 2.8881207 4.5167027
-5.3408275 0.30882788 9.6707535
0.0 9.0 0.0
0.0 12.0 0.0
0.0 12.0 0.0
-8.916994 9.459768 0.0
0.0 12.0 0.0
0.0 15.0 0.0
0.0 15.0 0.0
11.317723 12.006629 0.0
0.0 15.0 0.0
0.0 18.0 0.0
0.0 18.0 0.0
13.375491 14.189652 0.0
13.375491 14.189652 0.0
13.375491 14.522985 0.0
13.375491 14.189652 0.0
17.844345 4.7408724 9.174552
17.844345 4.7408724 9.174552
4.586978 8.390731 18.354723
17.844345 4.7408724 9.174552
8.5329075 -0.70366955 18.915928
0.0 18.0 0.0
0.0 21.0 0.0
0.0 21.0 0.0
-15.433259 16.372677 0.0
0.0 21.0 0.0
0.0 24.0 0.0
0.0 24.0 0.0
17.491028 18.555698 0.0
0.0 24.0 0.0
0.0 27.0 0.0
