0.0 0.0 0.0
0.0 3.0 0.0
0.0 3.0 0.0
-1.9041424 3.517704 0.0
0.0 3.0 0.0
0.0 6.0 0.0
0.0 6.0 0.0
3.570267 6.595695 0.0
0.0 6.0 0.0
0.0 9.0 0.0
0.0 9.0 0.0
-4.569942 8.44249 0.0
-4.569942 8.44249 0.0
-9.062922 2.9341242 3.8263035
-4.569942 8.44249 0.0
-8.267326 6.830532 2.175455
-8.267326 6.830532 2.175455
-8.267326 7.1638656 2.175455
-8.267326 6.830532 2.175455
-9.020338 3.5665653 5.8486934
0.0 9.0 0.0
0.0 12.0 0.0
0.0 12.0 0.0
-6.4264803 11.8722515 0.0
0.0 12.0 0.0
0.0 15.0 0.0
0.0 15.0 0.0
7.4261556 13.719046 0.0
0.0 15.0 0.0
0.0 18.0 0.0
0.0 18.0 0.0
9.282694 17.148808 0.0
9.282694 17.148808 0.0
9.282694 17.268808 0.0
9.282694 17.148808 0.0
15.628208 11.722673 4.418893
15.628208 11.722673 4.418893
13.092421 2.7629056 15.501289
15.628208 11.722673 4.418893
16.102816 5.2956815 11.325672
0.0 18.0 0.0
0.0 21.0 0.0
0.0 21.0 0.0
-10.710801 19.787085 0.0
0.0 21.0 0.0
0.0 24.0 0.0
0.0 24.0 0.0
12.138907 22.425364 0.0
0.0 24.0 0.0
0.0 27.0 0.0
