0.0 0.0 0.0
0.0 3.0 0.0
0.0 3.0 0.0
-2.6480155 3.6384082 0.0
0.0 3.0 0.0
0.0 6.0 0.0
0.0 6.0 0.0
3.883756 5.336332 0.0
0.0 6.0 0.0
0.0 9.0 0.0
0.0 9.0 0.0
-5.6491 7.7619376 0.0
-5.6491 7.7619376 0.0
-8.034162 0.77063525 5.3754663
-5.6491 7.7619376 0.0
-9.143148 4.8008695 3.3242009
-9.143148 4.8008695 3.3242009
-9.143148 5.5508695 3.3242009
-9.143148 4.8008695 3.3242009
-7.8090606 1.4911466 8.067999
0.0 9.0 0.0
0.0 12.0 0.0
0.0 12.0 0.0
-7.4144435 10.187543 0.0
0.0 12.0 0.0
0.0 15.0 0.0
0.0 15.0 0.0
9.415166 12.936563 0.0
0.0 15.0 0.0
0.0 18.0 0.0
0.0 18.0 0.0
11.474733 15.766436 0.0
11.474733 15.766436 0.0
11.474733 15.8864355 0.0
11.474733 15.766436 0.0
17.661764 8.501062 6.7522826
17.661764 8.501062 6.7522826
8.497047 3.7910795 18.8823
17.661764 8.501062 6.7522826
14.218508 2.0212007 15.852486
0.0 18.0 0.0
0.0 21.0 0.0
0.0 21.0 0.0
-12.710474 17.46436 0.0
0.0 21.0 0.0
0.0 24.0 0.0
0.0 24.0 0.0
14.475818 19.889965 0.0
0.0 24.0 0.0
0.0 27.0 0.0
