0.0 0.0 0.0
0.0 3.0 0.0
0.0 3.0 0.0
-2.2457976 3.8995376 0.0
0.0 3.0 0.0
0.0 6.0 0.0
0.0 6.0 0.0
3.2938366 5.7193217 0.0
0.0 6.0 0.0
0.0 9.0 0.0
0.0 9.0 0.0
-4.9906616 8.665639 0.0
-4.9906616 8.665639 0.0
-9.040615 2.349898 4.31665
-4.9906616 8.665639 0.0
-8.820978 6.6508503 2.4906702
-8.820978 6.6508503 2.4906702
-8.820978 6.984184 2.4906702
-8.820978 6.6508503 2.4906702
-9.365097 3.4354625 6.5605764
0.0 9.0 0.0
0.0 12.0 0.0
0.0 12.0 0.0
-6.737393 11.698613 0.0
0.0 12.0 0.0
0.0 15.0 0.0
0.0 15.0 0.0
7.9850583 13.865023 0.0
0.0 15.0 0.0
0.0 18.0 0.0
0.0 18.0 0.0
9.482257 16.464714 0.0
9.482257 16.464714 0.0
9.482257 17.214714 0.0
9.482257 16.464714 0.0
16.08612 11.466755 4.7322736
16.08612 11.466755 4.7322736
12.564212 2.688761 16.288584
16.08612 11.466755 4.7322736
16.504288 5.458367 12.128856
0.0 18.0 0.0
0.0 21.0 0.0
0.0 21.0 0.0
-10.779829 18.717781 0.0
0.0 21.0 0.0
0.0 24.0 0.0
0.0 24.0 0.0
12.277027 21.317472 0.0
0.0 24.0 0.0
0.0 27.0 0.0
