0.0 0.0 0.0
0.0 3.0 0.0
0.0 3.0 0.0
-1.1291424 3.8373215 0.0
0.0 3.0 0.0
0.0 6.0 0.0
0.0 6.0 0.0
1.8630849 6.3315806 0.0
0.0 6.0 0.0
0.0 9.0 0.0
0.0 9.0 0.0
-2.822856 9.593304 0.0
-2.822856 9.593304 0.0
-7.25562 6.880062 1.528888
-2.822856 9.593304 0.0
-5.475339 9.014302 0.7968516
-5.475339 9.014302 0.7968516
-5.475339 9.764302 0.7968516
-5.475339 9.014302 0.7968516
-7.650137 8.187772 2.3100533
0.0 9.0 0.0
0.0 12.0 0.0
0.0 12.0 0.0
-3.5567987 12.0875635 0.0
0.0 12.0 0.0
0.0 15.0 0.0
0.0 15.0 0.0
4.6577125 15.828951 0.0
0.0 15.0 0.0
0.0 18.0 0.0
0.0 18.0 0.0
5.250512 17.843546 0.0
5.250512 17.843546 0.0
5.250512 17.963547 0.0
5.250512 17.843546 0.0
10.292528 17.134985 1.482144
10.292528 17.134985 1.482144
15.943968 10.253704 6.8204737
10.292528 17.134985 1.482144
14.331381 15.207943 4.327298
0.0 18.0 0.0
0.0 21.0 0.0
0.0 21.0 0.0
-6.2102833 21.105268 0.0
0.0 21.0 0.0
0.0 24.0 0.0
0.0 24.0 0.0
7.1982827 24.462925 0.0
0.0 24.0 0.0
0.0 27.0 0.0
