0.0 0.0 0.0
0.0 3.0 0.0
0.0 3.0 0.0
-1.4659567 4.2545238 0.0
0.0 3.0 0.0
0.0 6.0 0.0
0.0 6.0 0.0
2.1500697 6.239968 0.0
0.0 6.0 0.0
0.0 9.0 0.0
0.0 9.0 0.0
-3.4205656 9.927222 0.0
-3.4205656 9.927222 0.0
-8.699746 6.7511544 2.1070504
-3.4205656 9.927222 0.0
-6.617299 9.277615 1.1143113
-6.617299 9.277615 1.1143113
-6.617299 10.027615 1.1143113
-6.617299 9.277615 1.1143113
-8.919953 7.797113 3.2092304
0.0 9.0 0.0
0.0 12.0 0.0
0.0 12.0 0.0
-4.39787 12.763571 0.0
0.0 12.0 0.0
0.0 15.0 0.0
0.0 15.0 0.0
5.2122903 15.127195 0.0
0.0 15.0 0.0
0.0 18.0 0.0
0.0 18.0 0.0
6.352479 18.43627 0.0
6.352479 18.43627 0.0
6.352479 18.769604 0.0
6.352479 18.43627 0.0
12.01004 16.419468 2.0694354
12.01004 16.419468 2.0694354
17.024944 8.482626 9.02832
12.01004 16.419468 2.0694354
15.935688 13.462513 5.8690357
0.0 18.0 0.0
0.0 21.0 0.0
0.0 21.0 0.0
-7.036592 20.421715 0.0
0.0 21.0 0.0
0.0 24.0 0.0
0.0 24.0 0.0
8.307088 24.108967 0.0
0.0 24.0 0.0
0.0 27.0 0.0
