0.0 0.0 0.0
0.0 3.0 0.0
0.0 3.0 0.0
-3.5838094 2.7214537 0.0
0.0 3.0 0.0
0.0 6.0 0.0
0.0 6.0 0.0
5.574815 4.2333727 0.0
0.0 6.0 0.0
0.0 9.0 0.0
0.0 9.0 0.0
-7.9640207 6.047675 0.0
-7.9640207 6.047675 0.0
-6.7208714 0.34652686 7.671551
-7.9640207 6.047675 0.0
-8.923775 0.7288127 6.3425627
-8.923775 0.7288127 6.3425627
-8.923775 1.4788127 6.3425627
-8.923775 0.7288127 6.3425627
-1.5858248 0.77031016 10.942689
0.0 9.0 0.0
0.0 12.0 0.0
0.0 12.0 0.0
-10.034667 7.620071 0.0
0.0 12.0 0.0
0.0 15.0 0.0
0.0 15.0 0.0
12.742434 9.67628 0.0
0.0 15.0 0.0
0.0 18.0 0.0
0.0 18.0 0.0
14.813079 11.248675 0.0
14.813079 11.248675 0.0
14.813079 11.582008 0.0
14.813079 11.248675 0.0
15.172661 0.27305794 11.797167
15.172661 0.27305794 11.797167
4.523916 14.765497 11.447774
15.172661 0.27305794 11.797167
0.8812064 0.9446001 19.218082
0.0 18.0 0.0
0.0 21.0 0.0
0.0 21.0 0.0
-17.919046 13.607268 0.0
0.0 21.0 0.0
0.0 24.0 0.0
0.0 24.0 0.0
20.308254 15.421572 0.0
0.0 24.0 0.0
0.0 27.0 0.0
