0.0 0.0 0.0
0.0 3.0 0.0
0.0 3.0 0.0
-2.9318674 2.0890553 0.0
0.0 3.0 0.0
0.0 6.0 0.0
0.0 6.0 0.0
5.3750906 3.8299348 0.0
0.0 6.0 0.0
0.0 9.0 0.0
0.0 9.0 0.0
-7.8183136 5.5708146 0.0
-7.8183136 5.5708146 0.0
-6.2124534 0.55475056 7.389795
-7.8183136 5.5708146 0.0
-7.6582985 -0.11401582 6.3672943
-7.6582985 -0.11401582 6.3672943
-7.6582985 0.6359842 6.3672943
-7.6582985 -0.11401582 6.3672943
0.03450665 0.8859086 9.931874
0.0 9.0 0.0
0.0 12.0 0.0
0.0 12.0 0.0
-10.994503 7.8339577 0.0
0.0 12.0 0.0
0.0 15.0 0.0
0.0 15.0 0.0
12.70476 9.052574 0.0
0.0 15.0 0.0
0.0 18.0 0.0
0.0 18.0 0.0
15.473745 11.02557 0.0
15.473745 11.02557 0.0
15.473745 11.358903 0.0
15.473745 11.02557 0.0
14.678585 -0.56657887 12.601936
14.678585 -0.56657887 12.601936
5.6275783 15.7286415 9.759276
14.678585 -0.56657887 12.601936
-0.2525602 1.9629872 19.26717
0.0 18.0 0.0
0.0 21.0 0.0
0.0 21.0 0.0
-18.324173 13.056597 0.0
0.0 21.0 0.0
0.0 24.0 0.0
0.0 24.0 0.0
20.360191 14.50733 0.0
0.0 24.0 0.0
0.0 27.0 0.0
