0.0 0.0 0.0
0.0 3.0 0.0
0.0 3.0 0.0
-1.9390283 3.4985952 0.0
0.0 3.0 0.0
0.0 6.0 0.0
0.0 6.0 0.0
3.1993966 5.772682 0.0
0.0 6.0 0.0
0.0 9.0 0.0
0.0 9.0 0.0
-4.8475704 8.746489 0.0
-4.8475704 8.746489 0.0
-8.880436 2.5206876 4.1106644
-4.8475704 8.746489 0.0
-8.6755 6.906747 2.349894
-8.6755 6.906747 2.349894
-8.6755 7.0267467 2.349894
-8.6755 6.906747 2.349894
-9.279461 3.4396234 6.2608414
0.0 9.0 0.0
0.0 12.0 0.0
0.0 12.0 0.0
-6.3018417 11.370435 0.0
0.0 12.0 0.0
0.0 15.0 0.0
0.0 15.0 0.0
7.756113 13.994381 0.0
0.0 15.0 0.0
0.0 18.0 0.0
0.0 18.0 0.0
9.210384 16.618328 0.0
9.210384 16.618328 0.0
9.210384 17.368328 0.0
9.210384 16.618328 0.0
15.586651 11.504719 4.464799
15.586651 11.504719 4.464799
12.410421 2.4795394 15.583675
15.586651 11.504719 4.464799
16.335041 5.8151245 11.46087
0.0 18.0 0.0
0.0 21.0 0.0
0.0 21.0 0.0
-10.907034 19.679598 0.0
0.0 21.0 0.0
0.0 24.0 0.0
0.0 24.0 0.0
12.118927 21.86622 0.0
0.0 24.0 0.0
0.0 27.0 0.0
