0.0 0.0 0.0
0.0 3.0 0.0
0.0 3.0 0.0
-3.074792 2.5584478 0.0
0.0 3.0 0.0
0.0 6.0 0.0
0.0 6.0 0.0
5.380886 4.4772835 0.0
0.0 6.0 0.0
0.0 9.0 0.0
0.0 9.0 0.0
-8.071329 6.7159257 0.0
-8.071329 6.7159257 0.0
-7.6082664 0.085608125 7.936835
-8.071329 6.7159257 0.0
-8.925746 0.71093607 6.2044144
-8.925746 0.71093607 6.2044144
-8.925746 1.0442694 6.2044144
-8.925746 0.71093607 6.2044144
-1.6087527 0.11615032 10.82962
0.0 9.0 0.0
0.0 12.0 0.0
0.0 12.0 0.0
-9.993073 8.314956 0.0
0.0 12.0 0.0
0.0 15.0 0.0
0.0 15.0 0.0
12.6835165 10.553597 0.0
0.0 15.0 0.0
0.0 18.0 0.0
0.0 18.0 0.0
14.297783 11.896783 0.0
14.297783 11.896783 0.0
14.297783 12.646783 0.0
14.297783 11.896783 0.0
15.455524 0.9633236 10.990677
15.455524 0.9633236 10.990677
3.7505717 13.154614 13.199956
15.455524 0.9633236 10.990677
2.8126915 0.4709314 18.910398
0.0 18.0 0.0
0.0 21.0 0.0
0.0 21.0 0.0
-17.295704 14.391269 0.0
0.0 21.0 0.0
0.0 24.0 0.0
0.0 24.0 0.0
19.21745 15.990299 0.0
0.0 24.0 0.0
0.0 27.0 0.0
