0.0 0.0 0.0
0.0 3.0 0.0
0.0 3.0 0.0
-3.1036553 2.5233555 0.0
0.0 3.0 0.0
0.0 6.0 0.0
0.0 6.0 0.0
5.1210313 4.1635365 0.0
0.0 6.0 0.0
0.0 9.0 0.0
0.0 9.0 0.0
-7.448773 6.0560536 0.0
-7.448773 6.0560536 0.0
-6.356313 0.22774756 7.2920003
-7.448773 6.0560536 0.0
-8.827143 1.1206524 5.779606
-8.827143 1.1206524 5.779606
-8.827143 1.4539858 5.779606
-8.827143 1.1206524 5.779606
-2.0189254 0.24434161 10.495102
0.0 9.0 0.0
0.0 12.0 0.0
0.0 12.0 0.0
-9.776515 7.9485703 0.0
0.0 12.0 0.0
0.0 15.0 0.0
0.0 15.0 0.0
12.414621 10.093422 0.0
0.0 15.0 0.0
0.0 18.0 0.0
0.0 18.0 0.0
15.13032 12.301358 0.0
15.13032 12.301358 0.0
15.13032 12.634691 0.0
15.13032 12.301358 0.0
16.03157 0.7327409 11.739824
16.03157 0.7327409 11.739824
4.4647484 14.151186 13.298241
16.03157 0.7327409 11.739824
1.6676093 0.06153661 19.845055
0.0 18.0 0.0
0.0 21.0 0.0
0.0 21.0 0.0
-16.759739 13.62612 0.0
0.0 21.0 0.0
0.0 24.0 0.0
0.0 24.0 0.0
19.785803 16.086391 0.0
0.0 24.0 0.0
0.0 27.0 0.0
