0.0 0.0 0.0
0.0 3.0 0.0
0.0 3.0 0.0
-2.7056036 3.5957906 0.0
0.0 3.0 0.0
0.0 6.0 0.0
0.0 6.0 0.0
4.5093393 5.9929843 0.0
0.0 6.0 0.0
0.0 9.0 0.0
0.0 9.0 0.0
-6.313075 8.390178 0.0
-6.313075 8.390178 0.0
-8.661578 0.67705 6.0660286
-6.313075 8.390178 0.0
-9.436226 4.1507187 3.7957063
-9.436226 4.1507187 3.7957063
-9.436226 4.2707186 3.7957063
-9.436226 4.1507187 3.7957063
-7.5989523 1.3539398 8.7065
0.0 9.0 0.0
0.0 12.0 0.0
0.0 12.0 0.0
-7.816188 10.387839 0.0
0.0 12.0 0.0
0.0 15.0 0.0
0.0 15.0 0.0
9.379426 12.465407 0.0
0.0 15.0 0.0
0.0 18.0 0.0
0.0 18.0 0.0
11.183162 14.862601 0.0
11.183162 14.862601 0.0
11.183162 15.195934 0.0
11.183162 14.862601 0.0
16.437311 6.982849 6.7238226
16.437311 6.982849 6.7238226
6.501508 3.8594303 17.656633
16.437311 6.982849 6.7238226
11.824092 0.5927806 15.255623
0.0 18.0 0.0
0.0 21.0 0.0
0.0 21.0 0.0
-12.986897 17.259794 0.0
0.0 21.0 0.0
0.0 24.0 0.0
0.0 24.0 0.0
15.331753 20.376146 0.0
0.0 24.0 0.0
0.0 27.0 0.0
