0.0 0.0 0.0
0.0 3.0 0.0
0.0 3.0 0.0
-2.1089582 3.3988667 0.0
0.0 3.0 0.0
0.0 6.0 0.0
0.0 6.0 0.0
3.4797812 5.60813 0.0
0.0 6.0 0.0
0.0 9.0 0.0
0.0 9.0 0.0
-5.0615 8.15728 0.0
-5.0615 8.15728 0.0
-8.414482 1.6616449 4.535147
-5.0615 8.15728 0.0
-8.271681 5.1736336 2.668623
-8.271681 5.1736336 2.668623
-8.271681 5.506967 2.668623
-8.271681 5.1736336 2.668623
-7.820839 1.9420326 6.628731
0.0 9.0 0.0
0.0 12.0 0.0
0.0 12.0 0.0
-6.6432185 10.70643 0.0
0.0 12.0 0.0
0.0 15.0 0.0
0.0 15.0 0.0
8.699452 14.020325 0.0
0.0 15.0 0.0
0.0 18.0 0.0
0.0 18.0 0.0
10.281172 16.569475 0.0
10.281172 16.569475 0.0
10.281172 16.689476 0.0
10.281172 16.569475 0.0
16.475622 9.983181 5.4206405
16.475622 9.983181 5.4206405
10.335501 2.3777678 17.169262
16.475622 9.983181 5.4206405
15.52162 3.8831396 13.292608
0.0 18.0 0.0
0.0 21.0 0.0
0.0 21.0 0.0
-11.388374 18.35388 0.0
0.0 21.0 0.0
0.0 24.0 0.0
0.0 24.0 0.0
13.444609 21.667774 0.0
0.0 24.0 0.0
0.0 27.0 0.0
