0.0 0.0 0.0
0.0 3.0 0.0
0.0 3.0 0.0
-2.5619953 3.0718367 0.0
0.0 3.0 0.0
0.0 6.0 0.0
0.0 6.0 0.0
4.483492 5.3757143 0.0
0.0 6.0 0.0
0.0 9.0 0.0
0.0 9.0 0.0
-6.148789 7.3724084 0.0
-6.148789 7.3724084 0.0
-8.188615 0.3722422 6.048895
-6.148789 7.3724084 0.0
-8.7326355 3.0980368 3.938292
-8.7326355 3.0980368 3.938292
-8.7326355 3.8480368 3.938292
-8.7326355 3.0980368 3.938292
-5.5816035 0.16019917 8.61769
0.0 9.0 0.0
0.0 12.0 0.0
0.0 12.0 0.0
-8.646734 10.367449 0.0
0.0 12.0 0.0
0.0 15.0 0.0
0.0 15.0 0.0
9.991782 11.980164 0.0
0.0 15.0 0.0
0.0 18.0 0.0
0.0 18.0 0.0
11.913279 14.284041 0.0
11.913279 14.284041 0.0
11.913279 15.034041 0.0
11.913279 14.284041 0.0
17.13565 6.261632 7.6304407
17.13565 6.261632 7.6304407
6.1023917 5.617012 18.227097
17.13565 6.261632 7.6304407
10.747573 -0.028876305 16.835232
0.0 18.0 0.0
0.0 21.0 0.0
0.0 21.0 0.0
-14.090974 16.895102 0.0
0.0 21.0 0.0
0.0 24.0 0.0
0.0 24.0 0.0
16.33272 19.582958 0.0
0.0 24.0 0.0
0.0 27.0 0.0
