0.0 0.0 0.0
0.0 3.0 0.0
0.0 3.0 0.0
-3.3505445 2.1849146 0.0
0.0 3.0 0.0
0.0 6.0 0.0
0.0 6.0 0.0
6.282271 4.096715 0.0
0.0 6.0 0.0
0.0 9.0 0.0
0.0 9.0 0.0
-8.795179 5.7354007 0.0
-8.795179 5.7354007 0.0
-6.9837084 0.7982998 8.048307
-8.795179 5.7354007 0.0
-7.9309406 -0.56357646 7.36716
-7.9309406 -0.56357646 7.36716
-7.9309406 -0.23024312 7.36716
-7.9309406 -0.56357646 7.36716
0.63889134 1.7787093 10.667397
0.0 9.0 0.0
0.0 12.0 0.0
0.0 12.0 0.0
-10.554215 6.882481 0.0
0.0 12.0 0.0
0.0 15.0 0.0
0.0 15.0 0.0
13.820996 9.012773 0.0
0.0 15.0 0.0
0.0 18.0 0.0
0.0 18.0 0.0
15.580032 10.159853 0.0
15.580032 10.159853 0.0
15.580032 10.493186 0.0
15.580032 10.159853 0.0
14.415262 -0.75955534 13.050398
14.415262 -0.75955534 13.050398
6.57495 16.505554 7.9283266
14.415262 -0.75955534 13.050398
-1.4686644 2.6923723 19.203245
0.0 18.0 0.0
0.0 21.0 0.0
0.0 21.0 0.0
-18.092941 11.798539 0.0
0.0 21.0 0.0
0.0 24.0 0.0
0.0 24.0 0.0
21.35972 13.92883 0.0
0.0 24.0 0.0
0.0 27.0 0.0
