0.0 0.0 0.0
0.0 3.0 0.0
0.0 3.0 0.0
-1.9847382 3.4728682 0.0
0.0 3.0 0.0
0.0 6.0 0.0
0.0 6.0 0.0
3.274818 5.7302322 0.0
0.0 6.0 0.0
0.0 9.0 0.0
0.0 9.0 0.0
-4.9618454 8.682171 0.0
-4.9618454 8.682171 0.0
-9.046151 2.4062448 4.2750854
-4.9618454 8.682171 0.0
-8.544387 6.2686834 2.461991
-8.544387 6.2686834 2.461991
-8.544387 6.602017 2.461991
-8.544387 6.2686834 2.461991
-8.986759 3.2360482 6.3771358
0.0 9.0 0.0
0.0 12.0 0.0
0.0 12.0 0.0
-6.4503994 11.286821 0.0
0.0 12.0 0.0
0.0 15.0 0.0
0.0 15.0 0.0
7.938953 13.891473 0.0
0.0 15.0 0.0
0.0 18.0 0.0
0.0 18.0 0.0
9.2290325 16.148838 0.0
9.2290325 16.148838 0.0
9.2290325 16.482172 0.0
9.2290325 16.148838 0.0
15.465841 10.913084 4.5793033
15.465841 10.913084 4.5793033
12.031002 2.5556874 15.649705
15.465841 10.913084 4.5793033
15.398033 4.460656 11.64974
0.0 18.0 0.0
0.0 21.0 0.0
0.0 21.0 0.0
-10.7175865 18.753489 0.0
0.0 21.0 0.0
0.0 24.0 0.0
0.0 24.0 0.0
12.4046135 21.705427 0.0
0.0 24.0 0.0
0.0 27.0 0.0
