0.0 0.0 0.0
0.0 3.0 0.0
0.0 3.0 0.0
-2.9037688 2.751023 0.0
0.0 3.0 0.0
0.0 6.0 0.0
0.0 6.0 0.0
5.0815954 4.8142905 0.0
0.0 6.0 0.0
0.0 9.0 0.0
0.0 9.0 0.0
-7.622393 7.2214355 0.0
-7.622393 7.2214355 0.0
-7.352944 0.014567196 7.611278
-7.622393 7.2214355 0.0
-9.283362 1.5735979 5.5334167
-9.283362 1.5735979 5.5334167
-9.283362 1.6935979 5.5334167
-9.283362 1.5735979 5.5334167
-3.206337 -0.22394192 10.544824
0.0 9.0 0.0
0.0 12.0 0.0
0.0 12.0 0.0
-9.437248 8.9408245 0.0
0.0 12.0 0.0
0.0 15.0 0.0
0.0 15.0 0.0
11.324698 10.728991 0.0
0.0 15.0 0.0
0.0 18.0 0.0
0.0 18.0 0.0
13.792902 13.06736 0.0
13.792902 13.06736 0.0
13.792902 13.400693 0.0
13.792902 13.06736 0.0
17.099213 3.1323905 10.01285
17.099213 3.1323905 10.01285
3.8372257 10.729832 16.533743
17.099213 3.1323905 10.01285
6.451787 -0.07449412 19.299435
0.0 18.0 0.0
0.0 21.0 0.0
0.0 21.0 0.0
-16.3337 15.474504 0.0
0.0 21.0 0.0
0.0 24.0 0.0
0.0 24.0 0.0
18.511526 17.537771 0.0
0.0 24.0 0.0
0.0 27.0 0.0
