0.0 0.0 0.0
0.0 3.0 0.0
0.0 3.0 0.0
-1.890647 3.0635686 0.0
0.0 3.0 0.0
0.0 6.0 0.0
0.0 6.0 0.0
3.4661863 5.6165423 0.0
0.0 6.0 0.0
0.0 9.0 0.0
0.0 9.0 0.0
-5.0417256 8.169517 0.0
-5.0417256 8.169517 0.0
-8.423136 1.696187 4.5065303
-5.0417256 8.169517 0.0
-8.7293825 5.9754095 2.6478121
-8.7293825 5.9754095 2.6478121
-8.7293825 6.7254095 2.6478121
-8.7293825 5.9754095 2.6478121
-8.5916 2.424554 6.83776
0.0 9.0 0.0
0.0 12.0 0.0
0.0 12.0 0.0
-6.6172647 10.722491 0.0
0.0 12.0 0.0
0.0 15.0 0.0
0.0 15.0 0.0
8.402876 13.615861 0.0
0.0 15.0 0.0
0.0 18.0 0.0
0.0 18.0 0.0
10.241005 16.59433 0.0
10.241005 16.59433 0.0
10.241005 17.34433 0.0
10.241005 16.59433 0.0
16.65658 10.395678 5.3783684
16.65658 10.395678 5.3783684
10.592485 2.33649 17.299944
16.65658 10.395678 5.3783684
15.4334545 3.396439 13.324644
0.0 18.0 0.0
0.0 21.0 0.0
0.0 21.0 0.0
-11.343883 18.381413 0.0
0.0 21.0 0.0
0.0 24.0 0.0
0.0 24.0 0.0
12.919422 20.934387 0.0
0.0 24.0 0.0
0.0 27.0 0.0
