0.0 0.0 0.0
0.0 3.0 0.0
0.0 3.0 0.0
-2.3436975 2.732596 0.0
0.0 3.0 0.0
0.0 6.0 0.0
0.0 6.0 0.0
4.882704 5.6929083 0.0
0.0 6.0 0.0
0.0 9.0 0.0
0.0 9.0 0.0
-6.835785 7.9700713 0.0
-6.835785 7.9700713 0.0
-8.776925 0.2991799 6.756012
-6.835785 7.9700713 0.0
-10.103804 3.810294 4.4502816
-10.103804 3.810294 4.4502816
-10.103804 3.9302938 4.4502816
-10.103804 3.810294 4.4502816
-6.7539024 0.54452014 9.955856
0.0 9.0 0.0
0.0 12.0 0.0
0.0 12.0 0.0
-8.463353 9.867707 0.0
0.0 12.0 0.0
0.0 15.0 0.0
0.0 15.0 0.0
10.416434 12.144871 0.0
0.0 15.0 0.0
0.0 18.0 0.0
0.0 18.0 0.0
12.695029 14.801561 0.0
12.695029 14.801561 0.0
12.695029 15.551561 0.0
12.695029 14.801561 0.0
17.341248 5.417184 8.264809
17.341248 5.417184 8.264809
5.253329 6.401748 18.397833
17.341248 5.417184 8.264809
10.410491 0.18400717 17.563063
0.0 18.0 0.0
0.0 21.0 0.0
0.0 21.0 0.0
-14.64811 17.078724 0.0
0.0 21.0 0.0
0.0 24.0 0.0
0.0 24.0 0.0
16.275679 18.97636 0.0
0.0 24.0 0.0
0.0 27.0 0.0
