0.0 0.0 0.0
0.0 3.0 0.0
0.0 3.0 0.0
-1.2306464 3.8059833 0.0
0.0 3.0 0.0
0.0 6.0 0.0
0.0 6.0 0.0
2.1536312 6.660471 0.0
0.0 6.0 0.0
0.0 9.0 0.0
0.0 9.0 0.0
-3.0766158 9.514958 0.0
-3.0766158 9.514958 0.0
-7.6630526 6.350667 1.8012892
-3.0766158 9.514958 0.0
-5.897381 8.723697 0.9465565
-5.897381 8.723697 0.9465565
-5.897381 8.843697 0.9465565
-5.897381 8.723697 0.9465565
-7.9306097 7.234664 2.715042
0.0 9.0 0.0
0.0 12.0 0.0
0.0 12.0 0.0
-3.9996006 12.369446 0.0
0.0 12.0 0.0
0.0 15.0 0.0
0.0 15.0 0.0
5.0764165 15.699681 0.0
0.0 15.0 0.0
0.0 18.0 0.0
0.0 18.0 0.0
5.84557 18.07842 0.0
5.84557 18.07842 0.0
5.84557 18.82842 0.0
5.84557 18.07842 0.0
11.315782 16.91756 1.7984574
11.315782 16.91756 1.7984574
16.558403 9.057718 8.083124
11.315782 16.91756 1.7984574
15.230745 13.906152 5.192656
0.0 18.0 0.0
0.0 21.0 0.0
0.0 21.0 0.0
-6.9223857 21.408655 0.0
0.0 21.0 0.0
0.0 24.0 0.0
0.0 24.0 0.0
7.845371 24.263144 0.0
0.0 24.0 0.0
0.0 27.0 0.0
