0.0 0.0 0.0
0.0 3.0 0.0
0.0 3.0 0.0
-3.2257795 3.1375701 0.0
0.0 3.0 0.0
0.0 6.0 0.0
0.0 6.0 0.0
5.0178795 4.8806643 0.0
0.0 6.0 0.0
0.0 9.0 0.0
0.0 9.0 0.0
-7.168399 6.972378 0.0
-7.168399 6.972378 0.0
-7.7249184 -0.015432075 7.165644
-7.168399 6.972378 0.0
-8.913032 1.6969259 5.138594
-8.913032 1.6969259 5.138594
-8.913032 2.0302591 5.138594
-8.913032 1.6969259 5.138594
-3.69794 0.06611061 9.972039
0.0 9.0 0.0
0.0 12.0 0.0
0.0 12.0 0.0
-9.032183 8.785196 0.0
0.0 12.0 0.0
0.0 15.0 0.0
0.0 15.0 0.0
11.469439 11.155805 0.0
0.0 15.0 0.0
0.0 18.0 0.0
0.0 18.0 0.0
13.619958 13.247518 0.0
13.619958 13.247518 0.0
13.619958 13.367517 0.0
13.619958 13.247518 0.0
16.547667 2.847651 9.7633295
16.547667 2.847651 9.7633295
3.879508 10.114613 16.270678
16.547667 2.847651 9.7633295
5.9228525 -0.57094765 18.66939
0.0 18.0 0.0
0.0 21.0 0.0
0.0 21.0 0.0
-16.128899 15.68785 0.0
0.0 21.0 0.0
0.0 24.0 0.0
0.0 24.0 0.0
17.634262 17.15205 0.0
0.0 24.0 0.0
0.0 27.0 0.0
