0.0 0.0 0.0
0.0 3.0 0.0
0.0 3.0 0.0
-2.0268273 3.4484737 0.0
0.0 3.0 0.0
0.0 6.0 0.0
0.0 6.0 0.0
3.8003013 6.465888 0.0
0.0 6.0 0.0
0.0 9.0 0.0
0.0 9.0 0.0
-4.8643856 8.276338 0.0
-4.8643856 8.276338 0.0
-9.037451 2.3237054 4.249929
-4.8643856 8.276338 0.0
-8.315829 5.8723373 2.4648175
-8.315829 5.8723373 2.4648175
-8.315829 5.992337 2.4648175
-8.315829 5.8723373 2.4648175
-8.383568 2.58007 6.338652
0.0 9.0 0.0
0.0 12.0 0.0
0.0 12.0 0.0
-6.384506 10.862693 0.0
0.0 12.0 0.0
0.0 15.0 0.0
0.0 15.0 0.0
8.360662 14.224954 0.0
0.0 15.0 0.0
0.0 18.0 0.0
0.0 18.0 0.0
9.62743 16.38025 0.0
9.62743 16.38025 0.0
9.62743 16.500252 0.0
9.62743 16.38025 0.0
16.215614 11.209235 4.8782845
16.215614 11.209235 4.8782845
11.662564 2.3429902 16.540567
16.215614 11.209235 4.8782845
16.361046 5.1257243 12.422221
0.0 18.0 0.0
0.0 21.0 0.0
0.0 21.0 0.0
-10.944868 18.621758 0.0
0.0 21.0 0.0
0.0 24.0 0.0
0.0 24.0 0.0
12.667671 21.552961 0.0
0.0 24.0 0.0
0.0 27.0 0.0
