0.0 0.0 0.0
0.0 3.0 0.0
0.0 3.0 0.0
-3.029693 2.611697 0.0
0.0 3.0 0.0
0.0 6.0 0.0
0.0 6.0 0.0
4.9989934 4.3093 0.0
0.0 6.0 0.0
0.0 9.0 0.0
0.0 9.0 0.0
-7.574232 6.5292425 0.0
-7.574232 6.5292425 0.0
-6.952155 0.092693806 7.4915214
-7.574232 6.5292425 0.0
-9.310507 1.4967263 5.7368994
-9.310507 1.4967263 5.7368994
-9.310507 1.6167263 5.7368994
-9.310507 1.4967263 5.7368994
-3.401827 0.64341855 10.797754
0.0 9.0 0.0
0.0 12.0 0.0
0.0 12.0 0.0
-10.225213 8.814477 0.0
0.0 12.0 0.0
0.0 15.0 0.0
0.0 15.0 0.0
12.118772 10.446788 0.0
0.0 15.0 0.0
0.0 18.0 0.0
0.0 18.0 0.0
14.7697525 12.732022 0.0
14.7697525 12.732022 0.0
14.7697525 13.482022 0.0
14.7697525 12.732022 0.0
16.697447 1.6617365 11.186954
16.697447 1.6617365 11.186954
3.7556906 13.115366 14.866378
16.697447 1.6617365 11.186954
3.9806662 0.22466218 19.951267
0.0 18.0 0.0
0.0 21.0 0.0
0.0 21.0 0.0
-16.663311 14.364333 0.0
0.0 21.0 0.0
0.0 24.0 0.0
0.0 24.0 0.0
19.314293 16.649569 0.0
0.0 24.0 0.0
0.0 27.0 0.0
