0.0 0.0 0.0
0.0 3.0 0.0
0.0 3.0 0.0
-1.2109 3.390239 0.0
0.0 3.0 0.0
0.0 6.0 0.0
0.0 6.0 0.0
2.5227084 7.062998 0.0
0.0 6.0 0.0
0.0 9.0 0.0
0.0 9.0 0.0
-3.5317917 9.888197 0.0
-3.5317917 9.888197 0.0
-8.589887 6.1774406 2.2374775
-3.5317917 9.888197 0.0
-6.6600304 8.758343 1.1879574
-6.6600304 8.758343 1.1879574
-6.6600304 9.508343 1.1879574
-6.6600304 8.758343 1.1879574
-8.98073 7.685378 3.358914
0.0 9.0 0.0
0.0 12.0 0.0
0.0 12.0 0.0
-4.23815 11.865837 0.0
0.0 12.0 0.0
0.0 15.0 0.0
0.0 15.0 0.0
5.2472334 14.691036 0.0
0.0 15.0 0.0
0.0 18.0 0.0
0.0 18.0 0.0
6.5590415 18.363794 0.0
6.5590415 18.363794 0.0
6.5590415 18.483795 0.0
6.5590415 18.363794 0.0
12.195642 15.781176 2.2062066
12.195642 15.781176 2.2062066
16.293243 7.210599 9.433233
12.195642 15.781176 2.2062066
15.929714 12.660741 6.1797976
0.0 18.0 0.0
0.0 21.0 0.0
0.0 21.0 0.0
-7.568125 21.188993 0.0
0.0 21.0 0.0
0.0 24.0 0.0
0.0 24.0 0.0
8.409028 23.543327 0.0
0.0 24.0 0.0
0.0 27.0 0.0
