0.0 0.0 0.0
0.0 3.0 0.0
0.0 3.0 0.0
-2.85193 2.8047276 0.0
0.0 3.0 0.0
0.0 6.0 0.0
0.0 6.0 0.0
5.3473687 5.2588644 0.0
0.0 6.0 0.0
0.0 9.0 0.0
0.0 9.0 0.0
-7.486316 7.3624096 0.0
-7.486316 7.3624096 0.0
-8.113365 -0.010465629 7.485274
-7.486316 7.3624096 0.0
-9.999435 2.4715238 5.337612
-9.999435 2.4715238 5.337612
-9.999435 2.804857 5.337612
-9.999435 2.4715238 5.337612
-4.437791 -0.13198185 10.872059
0.0 9.0 0.0
0.0 12.0 0.0
0.0 12.0 0.0
-9.625263 9.465956 0.0
0.0 12.0 0.0
0.0 15.0 0.0
0.0 15.0 0.0
11.764211 11.569501 0.0
0.0 15.0 0.0
0.0 18.0 0.0
0.0 18.0 0.0
13.546667 13.322456 0.0
13.546667 13.322456 0.0
13.546667 13.442456 0.0
13.546667 13.322456 0.0
16.87196 3.270257 9.658536
16.87196 3.270257 9.658536
3.5556424 9.88079 16.70843
16.87196 3.270257 9.658536
6.226031 -0.81119275 18.801802
0.0 18.0 0.0
0.0 21.0 0.0
0.0 21.0 0.0
-15.685615 15.426002 0.0
0.0 21.0 0.0
0.0 24.0 0.0
0.0 24.0 0.0
17.53937 17.249075 0.0
0.0 24.0 0.0
0.0 27.0 0.0
