0.0 0.0 0.0
0.0 3.0 0.0
0.0 3.0 0.0
-1.6175975 3.65833 0.0
0.0 3.0 0.0
0.0 6.0 0.0
0.0 6.0 0.0
2.6690357 6.0362444 0.0
0.0 6.0 0.0
0.0 9.0 0.0
0.0 9.0 0.0
-3.882234 8.779992 0.0
-3.882234 8.779992 0.0
-8.341412 4.0565453 2.8717396
-3.882234 8.779992 0.0
-7.040601 7.1429076 1.569973
-7.040601 7.1429076 1.569973
-7.040601 7.2629075 1.569973
-7.040601 7.1429076 1.569973
-8.803711 5.5573916 4.2830844
0.0 9.0 0.0
0.0 12.0 0.0
0.0 12.0 0.0
-5.0954323 11.52374 0.0
0.0 12.0 0.0
0.0 15.0 0.0
0.0 15.0 0.0
6.47039 14.63332 0.0
0.0 15.0 0.0
0.0 18.0 0.0
0.0 18.0 0.0
7.683588 17.377068 0.0
7.683588 17.377068 0.0
7.683588 17.497068 0.0
7.683588 17.377068 0.0
13.696938 13.599686 3.107238
13.696938 13.599686 3.107238
14.962057 4.2581263 12.222734
13.696938 13.599686 3.107238
16.414028 9.252159 8.380858
0.0 18.0 0.0
0.0 21.0 0.0
0.0 21.0 0.0
-9.098986 20.578106 0.0
0.0 21.0 0.0
0.0 24.0 0.0
0.0 24.0 0.0
10.109984 22.864563 0.0
0.0 24.0 0.0
0.0 27.0 0.0
