0.0 0.0 0.0
0.0 3.0 0.0
0.0 3.0 0.0
-2.62425 2.464409 0.0
0.0 3.0 0.0
0.0 6.0 0.0
0.0 6.0 0.0
4.811125 4.5180836 0.0
0.0 6.0 0.0
0.0 9.0 0.0
0.0 9.0 0.0
-6.998 6.571758 0.0
-6.998 6.571758 0.0
-6.70613 0.018354058 6.984205
-6.998 6.571758 0.0
-8.798898 1.6912057 5.10125
-8.798898 1.6912057 5.10125
-8.798898 1.8112057 5.10125
-8.798898 1.6912057 5.10125
-3.2479343 -0.11160886 9.906132
0.0 9.0 0.0
0.0 12.0 0.0
0.0 12.0 0.0
-9.184875 8.625432 0.0
0.0 12.0 0.0
0.0 15.0 0.0
0.0 15.0 0.0
11.37175 10.679107 0.0
0.0 15.0 0.0
0.0 18.0 0.0
0.0 18.0 0.0
13.850208 13.006604 0.0
13.850208 13.006604 0.0
13.850208 13.756604 0.0
13.850208 13.006604 0.0
17.065191 3.0191617 10.096225
17.065191 3.0191617 10.096225
4.4613423 10.888809 16.397907
17.065191 3.0191617 10.096225
5.8887267 -0.39949083 19.351265
0.0 18.0 0.0
0.0 21.0 0.0
0.0 21.0 0.0
-16.037083 15.060278 0.0
0.0 21.0 0.0
0.0 24.0 0.0
0.0 24.0 0.0
18.588436 17.456232 0.0
0.0 24.0 0.0
0.0 27.0 0.0
