0.0 0.0 0.0
0.0 3.0 0.0
0.0 3.0 0.0
-3.4812322 2.8514948 0.0
0.0 3.0 0.0
0.0 6.0 0.0
0.0 6.0 0.0
5.41525 4.4356585 0.0
0.0 6.0 0.0
0.0 9.0 0.0
0.0 9.0 0.0
-8.122875 6.6534877 0.0
-8.122875 6.6534877 0.0
-6.955874 0.2344153 7.9638
-8.122875 6.6534877 0.0
-9.182386 0.86785126 6.283914
-9.182386 0.86785126 6.283914
-9.182386 1.2011846 6.283914
-9.182386 0.86785126 6.283914
-2.0515788 0.4430338 11.085459
0.0 9.0 0.0
0.0 12.0 0.0
0.0 12.0 0.0
-10.443696 8.554484 0.0
0.0 12.0 0.0
0.0 15.0 0.0
0.0 15.0 0.0
12.068272 9.885182 0.0
0.0 15.0 0.0
0.0 18.0 0.0
0.0 18.0 0.0
15.08534 12.356478 0.0
15.08534 12.356478 0.0
15.08534 12.689811 0.0
15.08534 12.356478 0.0
16.389912 1.0685825 11.670126
16.389912 1.0685825 11.670126
4.6718907 14.023923 13.770669
16.389912 1.0685825 11.670126
2.4605527 0.26051795 20.074308
0.0 18.0 0.0
0.0 21.0 0.0
0.0 21.0 0.0
-16.709915 13.687175 0.0
0.0 21.0 0.0
0.0 24.0 0.0
0.0 24.0 0.0
19.340178 15.841638 0.0
0.0 24.0 0.0
0.0 27.0 0.0
