0.0 0.0 0.0
0.0 3.0 0.0
0.0 3.0 0.0
-0.95190907 3.4718683 0.0
0.0 3.0 0.0
0.0 6.0 0.0
0.0 6.0 0.0
1.983144 7.233059 0.0
0.0 6.0 0.0
0.0 9.0 0.0
0.0 9.0 0.0
-2.644192 9.644078 0.0
-2.644192 9.644078 0.0
-7.2575397 7.780621 1.34858
-2.644192 9.644078 0.0
-5.406025 10.073147 0.6991751
-5.406025 10.073147 0.6991751
-5.406025 10.193147 0.6991751
-5.406025 10.073147 0.6991751
-7.671939 8.9635725 2.103747
0.0 9.0 0.0
0.0 12.0 0.0
0.0 12.0 0.0
-3.5696592 13.019506 0.0
0.0 12.0 0.0
0.0 15.0 0.0
0.0 15.0 0.0
4.230707 15.430526 0.0
0.0 15.0 0.0
0.0 18.0 0.0
0.0 18.0 0.0
5.023965 18.32375 0.0
5.023965 18.32375 0.0
5.023965 18.657084 0.0
5.023965 18.32375 0.0
9.914482 17.837029 1.3284328
9.914482 17.837029 1.3284328
16.232464 11.983996 6.199215
9.914482 17.837029 1.3284328
13.995607 16.213392 3.9027305
0.0 18.0 0.0
0.0 21.0 0.0
0.0 21.0 0.0
-5.949432 21.699177 0.0
0.0 21.0 0.0
0.0 24.0 0.0
0.0 24.0 0.0
6.61048 24.110197 0.0
0.0 24.0 0.0
0.0 27.0 0.0
