0.0 0.0 0.0
0.0 3.0 0.0
0.0 3.0 0.0
-0.96155465 3.4692092 0.0
0.0 3.0 0.0
0.0 6.0 0.0
0.0 6.0 0.0
2.003239 7.2275195 0.0
0.0 6.0 0.0
0.0 9.0 0.0
0.0 9.0 0.0
-2.8045344 10.118527 0.0
-2.8045344 10.118527 0.0
-7.331994 7.539915 1.4437441
-2.8045344 10.118527 0.0
-5.4673576 9.607244 0.749087
-5.4673576 9.607244 0.749087
-5.4673576 10.357244 0.749087
-5.4673576 9.607244 0.749087
-7.6108365 8.482579 2.1821952
0.0 9.0 0.0
0.0 12.0 0.0
0.0 12.0 0.0
-3.3654413 12.142233 0.0
0.0 12.0 0.0
0.0 15.0 0.0
0.0 15.0 0.0
4.4071255 15.900542 0.0
0.0 15.0 0.0
0.0 18.0 0.0
0.0 18.0 0.0
5.074872 18.309715 0.0
5.074872 18.309715 0.0
5.074872 18.64305 0.0
5.074872 18.309715 0.0
10.003967 17.783768 1.3554908
10.003967 17.783768 1.3554908
16.081097 11.476187 6.31202
10.003967 17.783768 1.3554908
13.851649 15.237608 3.9782896
0.0 18.0 0.0
0.0 21.0 0.0
0.0 21.0 0.0
-6.0097165 21.682558 0.0
0.0 21.0 0.0
0.0 24.0 0.0
0.0 24.0 0.0
6.8110123 24.573566 0.0
0.0 24.0 0.0
0.0 27.0 0.0
