0.0 0.0 0.0
0.0 3.0 0.0
0.0 3.0 0.0
-3.06002 2.5760975 0.0
0.0 3.0 0.0
0.0 6.0 0.0
0.0 6.0 0.0
5.355035 4.5081706 0.0
0.0 6.0 0.0
0.0 9.0 0.0
0.0 9.0 0.0
-7.65005 6.4402437 0.0
-7.65005 6.4402437 0.0
-7.3073034 0.059294343 7.538082
-7.65005 6.4402437 0.0
-8.864815 1.0226574 5.8523264
-8.864815 1.0226574 5.8523264
-8.864815 1.3559908 5.8523264
-8.864815 1.0226574 5.8523264
-2.3408442 0.36007947 10.550669
0.0 9.0 0.0
0.0 12.0 0.0
0.0 12.0 0.0
-10.327567 8.694329 0.0
0.0 12.0 0.0
0.0 15.0 0.0
0.0 15.0 0.0
12.622582 10.626402 0.0
0.0 15.0 0.0
0.0 18.0 0.0
0.0 18.0 0.0
14.917598 12.5584755 0.0
14.917598 12.5584755 0.0
14.917598 12.678475 0.0
14.917598 12.5584755 0.0
16.253633 1.1247492 11.412037
16.253633 1.1247492 11.412037
3.8259282 13.561996 14.070386
16.253633 1.1247492 11.412037
2.438415 -0.2183932 19.783741
0.0 18.0 0.0
0.0 21.0 0.0
0.0 21.0 0.0
-16.83011 14.168536 0.0
0.0 21.0 0.0
0.0 24.0 0.0
0.0 24.0 0.0
19.125124 16.100609 0.0
0.0 24.0 0.0
0.0 27.0 0.0
