0.0 0.0 0.0
0.0 3.0 0.0
0.0 3.0 0.0
-3.0639272 1.8900661 0.0
0.0 3.0 0.0
0.0 6.0 0.0
0.0 6.0 0.0
5.9576364 3.6751287 0.0
0.0 6.0 0.0
0.0 9.0 0.0
0.0 9.0 0.0
-8.170473 5.040177 0.0
-8.170473 5.040177 0.0
-6.819605 0.67826533 7.3017616
-8.170473 5.040177 0.0
-7.8184295 -0.21716762 6.9538155
-7.8184295 -0.21716762 6.9538155
-7.8184295 0.11616573 6.9538155
-7.8184295 -0.21716762 6.9538155
-0.13968092 2.2169724 10.305076
0.0 9.0 0.0
0.0 12.0 0.0
0.0 12.0 0.0
-11.064182 6.825239 0.0
0.0 12.0 0.0
0.0 15.0 0.0
0.0 15.0 0.0
13.617455 8.400294 0.0
0.0 15.0 0.0
0.0 18.0 0.0
0.0 18.0 0.0
15.830291 9.765343 0.0
15.830291 9.765343 0.0
15.830291 10.515343 0.0
15.830291 9.765343 0.0
13.951361 -1.1590691 13.473017
13.951361 -1.1590691 13.473017
7.473772 16.725388 6.42251
13.951361 -1.1590691 13.473017
-2.6504662 3.231732 18.947458
0.0 18.0 0.0
0.0 21.0 0.0
0.0 21.0 0.0
-18.723999 11.550405 0.0
0.0 21.0 0.0
0.0 24.0 0.0
0.0 24.0 0.0
20.936836 12.915453 0.0
0.0 24.0 0.0
0.0 27.0 0.0
