0.0 0.0 0.0
0.0 3.0 0.0
0.0 3.0 0.0
-1.6133306 3.2182548 0.0
0.0 3.0 0.0
0.0 6.0 0.0
0.0 6.0 0.0
2.9577727 5.900134 0.0
0.0 6.0 0.0
0.0 9.0 0.0
0.0 9.0 0.0
-4.481474 8.939597 0.0
-4.481474 8.939597 0.0
-9.368155 3.6490874 3.5907874
-4.481474 8.939597 0.0
-8.035837 7.0902057 2.0083609
-8.035837 7.0902057 2.0083609
-8.035837 7.8402057 2.0083609
-8.035837 7.0902057 2.0083609
-9.242954 4.416307 5.396633
0.0 9.0 0.0
0.0 12.0 0.0
0.0 12.0 0.0
-5.6466575 11.263892 0.0
0.0 12.0 0.0
0.0 15.0 0.0
0.0 15.0 0.0
7.170358 14.303355 0.0
0.0 15.0 0.0
0.0 18.0 0.0
0.0 18.0 0.0
8.335542 16.627651 0.0
8.335542 16.627651 0.0
8.335542 17.377651 0.0
8.335542 16.627651 0.0
14.561251 12.418978 3.735551
14.561251 12.418978 3.735551
13.468881 2.9198332 13.9023075
14.561251 12.418978 3.735551
16.15395 6.9126472 9.865019
0.0 18.0 0.0
0.0 21.0 0.0
0.0 21.0 0.0
-9.859242 19.667114 0.0
0.0 21.0 0.0
0.0 24.0 0.0
0.0 24.0 0.0
11.427758 22.795973 0.0
0.0 24.0 0.0
0.0 27.0 0.0
