0.0 0.0 0.0
0.0 3.0 0.0
0.0 3.0 0.0
-2.6372309 2.4505126 0.0
0.0 3.0 0.0
0.0 6.0 0.0
0.0 6.0 0.0
5.494231 5.1052346 0.0
0.0 6.0 0.0
0.0 9.0 0.0
0.0 9.0 0.0
-7.032616 6.534701 0.0
-7.032616 6.534701 0.0
-6.6745853 0.026314706 7.0136976
-7.032616 6.534701 0.0
-8.778213 1.6220071 5.1518426
-8.778213 1.6220071 5.1518426
-8.778213 1.7420071 5.1518426
-8.778213 1.6220071 5.1518426
-3.4191794 0.17223334 9.937452
0.0 9.0 0.0
0.0 12.0 0.0
0.0 12.0 0.0
-9.230309 8.576795 0.0
0.0 12.0 0.0
0.0 15.0 0.0
0.0 15.0 0.0
12.087309 11.231517 0.0
0.0 15.0 0.0
0.0 18.0 0.0
0.0 18.0 0.0
14.285001 13.27361 0.0
14.285001 13.27361 0.0
14.285001 13.606943 0.0
14.285001 13.27361 0.0
17.441568 2.9330807 10.46468
17.441568 2.9330807 10.46468
4.116343 11.444061 16.627583
17.441568 2.9330807 10.46468
6.110798 -0.063862324 19.900354
0.0 18.0 0.0
0.0 21.0 0.0
0.0 21.0 0.0
-16.482693 15.315704 0.0
0.0 21.0 0.0
0.0 24.0 0.0
0.0 24.0 0.0
18.314104 17.01745 0.0
0.0 24.0 0.0
0.0 27.0 0.0
