0.0 0.0 0.0
0.0 3.0 0.0
0.0 3.0 0.0
-2.8416657 2.2101886 0.0
0.0 3.0 0.0
0.0 6.0 0.0
0.0 6.0 0.0
5.5254617 4.2975893 0.0
0.0 6.0 0.0
0.0 9.0 0.0
0.0 9.0 0.0
-7.577776 5.893837 0.0
-7.577776 5.893837 0.0
-6.494712 0.27506185 7.344617
-7.577776 5.893837 0.0
-7.9821663 0.31452632 5.9815297
-7.9821663 0.31452632 5.9815297
-7.9821663 0.43452632 5.9815297
-7.9821663 0.31452632 5.9815297
-1.5422264 0.9726782 9.973044
0.0 9.0 0.0
0.0 12.0 0.0
0.0 12.0 0.0
-10.656247 8.288208 0.0
0.0 12.0 0.0
0.0 15.0 0.0
0.0 15.0 0.0
13.0243025 10.130032 0.0
0.0 15.0 0.0
0.0 18.0 0.0
0.0 18.0 0.0
15.392357 11.971855 0.0
15.392357 11.971855 0.0
15.392357 12.091855 0.0
15.392357 11.971855 0.0
16.041103 0.5045819 12.149982
16.041103 0.5045819 12.149982
5.086646 14.932045 12.556794
16.041103 0.5045819 12.149982
1.3458493 0.7203189 20.121449
0.0 18.0 0.0
0.0 21.0 0.0
0.0 21.0 0.0
-17.365736 13.506709 0.0
0.0 21.0 0.0
0.0 24.0 0.0
0.0 24.0 0.0
19.41805 15.102957 0.0
0.0 24.0 0.0
0.0 27.0 0.0
