0.0 0.0 0.0
0.0 3.0 0.0
0.0 3.0 0.0
-3.0298412 2.6115248 0.0
0.0 3.0 0.0
0.0 6.0 0.0
0.0 6.0 0.0
4.999238 4.3090158 0.0
0.0 6.0 0.0
0.0 9.0 0.0
0.0 9.0 0.0
-7.953333 6.8552527 0.0
-7.953333 6.8552527 0.0
-7.0719824 0.13142991 7.8663487
-7.953333 6.8552527 0.0
-9.718911 1.5218136 6.024334
-9.718911 1.5218136 6.024334
-9.718911 1.855147 6.024334
-9.718911 1.5218136 6.024334
-3.452404 0.6230148 11.294864
0.0 9.0 0.0
0.0 12.0 0.0
0.0 12.0 0.0
-9.544 8.226303 0.0
0.0 12.0 0.0
0.0 15.0 0.0
0.0 15.0 0.0
12.498095 10.77254 0.0
0.0 15.0 0.0
0.0 18.0 0.0
0.0 18.0 0.0
14.770475 12.731183 0.0
14.770475 12.731183 0.0
14.770475 12.851183 0.0
14.770475 12.731183 0.0
17.07553 1.9868054 11.188048
17.07553 1.9868054 11.188048
4.710438 13.031971 15.238626
17.07553 1.9868054 11.188048
4.0080533 -0.075259924 20.238503
0.0 18.0 0.0
0.0 21.0 0.0
0.0 21.0 0.0
-16.361143 14.102234 0.0
0.0 21.0 0.0
0.0 24.0 0.0
0.0 24.0 0.0
18.633524 16.060879 0.0
0.0 24.0 0.0
0.0 27.0 0.0
