0.0 0.0 0.0
0.0 3.0 0.0
0.0 3.0 0.0
-2.2579832 3.3017437 0.0
0.0 3.0 0.0
0.0 6.0 0.0
0.0 6.0 0.0
4.2337184 6.1907697 0.0
0.0 6.0 0.0
0.0 9.0 0.0
0.0 9.0 0.0
-5.927206 8.667077 0.0
-5.927206 8.667077 0.0
-9.555554 1.4121127 5.523624
-5.927206 8.667077 0.0
-9.495494 5.217741 3.345883
-9.495494 5.217741 3.345883
-9.495494 5.5510745 3.345883
-9.495494 5.217741 3.345883
-8.42056 1.7740569 8.121979
0.0 9.0 0.0
0.0 12.0 0.0
0.0 12.0 0.0
-7.620693 11.143385 0.0
0.0 12.0 0.0
0.0 15.0 0.0
0.0 15.0 0.0
9.031933 13.206975 0.0
0.0 15.0 0.0
0.0 18.0 0.0
0.0 18.0 0.0
10.499622 15.353108 0.0
10.499622 15.353108 0.0
10.499622 16.103107 0.0
10.499622 15.353108 0.0
16.667368 9.018808 5.926993
16.667368 9.018808 5.926993
9.292848 3.0569124 17.682146
16.667368 9.018808 5.926993
14.250082 2.3923073 14.301012
0.0 18.0 0.0
0.0 21.0 0.0
0.0 21.0 0.0
-12.418907 18.15959 0.0
0.0 21.0 0.0
0.0 24.0 0.0
0.0 24.0 0.0
14.394643 21.048616 0.0
0.0 24.0 0.0
0.0 27.0 0.0
