0.0 0.0 0.0
0.0 3.0 0.0
0.0 3.0 0.0
-3.652776 2.6281605 0.0
0.0 3.0 0.0
0.0 6.0 0.0
0.0 6.0 0.0
5.682096 4.088249 0.0
0.0 6.0 0.0
0.0 9.0 0.0
0.0 9.0 0.0
-8.11728 5.8403563 0.0
-8.11728 5.8403563 0.0
-7.0685315 0.3515215 7.6964493
-8.11728 5.8403563 0.0
-7.9966025 -0.08682704 6.5890236
-7.9966025 -0.08682704 6.5890236
-7.9966025 0.033172958 6.5890236
-7.9966025 -0.08682704 6.5890236
-0.34515858 1.0838346 10.339291
0.0 9.0 0.0
0.0 12.0 0.0
0.0 12.0 0.0
-10.958328 7.884481 0.0
0.0 12.0 0.0
0.0 15.0 0.0
0.0 15.0 0.0
12.662957 9.110956 0.0
0.0 15.0 0.0
0.0 18.0 0.0
0.0 18.0 0.0
15.828696 11.388695 0.0
15.828696 11.388695 0.0
15.828696 11.508695 0.0
15.828696 11.388695 0.0
15.861245 0.023418903 12.848596
15.861245 0.023418903 12.848596
5.609616 16.284756 10.955593
15.861245 0.023418903 12.848596
-0.17495757 1.3105996 20.379055
0.0 18.0 0.0
0.0 21.0 0.0
0.0 21.0 0.0
-17.533325 12.61517 0.0
0.0 21.0 0.0
0.0 24.0 0.0
0.0 24.0 0.0
19.96851 14.367277 0.0
0.0 24.0 0.0
0.0 27.0 0.0
