0.0 0.0 0.0
0.0 3.0 0.0
0.0 3.0 0.0
-2.2086642 3.3349366 0.0
0.0 3.0 0.0
0.0 6.0 0.0
0.0 6.0 0.0
3.644296 5.5026455 0.0
0.0 6.0 0.0
0.0 9.0 0.0
0.0 9.0 0.0
-5.7977433 8.754209 0.0
-5.7977433 8.754209 0.0
-9.249932 1.4631293 5.3380947
-5.7977433 8.754209 0.0
-9.195162 5.129876 3.201317
-9.195162 5.129876 3.201317
-9.195162 5.879876 3.201317
-9.195162 5.129876 3.201317
-8.302626 1.8536465 7.7463036
0.0 9.0 0.0
0.0 12.0 0.0
0.0 12.0 0.0
-7.1781588 10.838544 0.0
0.0 12.0 0.0
0.0 15.0 0.0
0.0 15.0 0.0
8.834657 13.339746 0.0
0.0 15.0 0.0
0.0 18.0 0.0
0.0 18.0 0.0
10.767238 16.257816 0.0
10.767238 16.257816 0.0
10.767238 16.377817 0.0
10.767238 16.257816 0.0
17.289707 9.8484955 5.945303
17.289707 9.8484955 5.945303
9.674915 2.7179513 18.238976
17.289707 9.8484955 5.945303
15.050621 2.5644307 14.503592
0.0 18.0 0.0
0.0 21.0 0.0
0.0 21.0 0.0
-12.423736 18.759018 0.0
0.0 21.0 0.0
0.0 24.0 0.0
0.0 24.0 0.0
13.583285 20.509861 0.0
0.0 24.0 0.0
0.0 27.0 0.0
