0.0 0.0 0.0
0.0 3.0 0.0
0.0 3.0 0.0
-1.3563432 3.7630217 0.0
0.0 3.0 0.0
0.0 6.0 0.0
0.0 6.0 0.0
2.5431435 7.0556655 0.0
0.0 6.0 0.0
0.0 9.0 0.0
0.0 9.0 0.0
-3.390858 9.407555 0.0
-3.390858 9.407555 0.0
-8.089176 5.6707473 2.1633458
-3.390858 9.407555 0.0
-6.6995764 9.179668 1.1497917
-6.6995764 9.179668 1.1497917
-6.6995764 9.513001 1.1497917
-6.6995764 9.179668 1.1497917
-9.014265 7.571637 3.353404
0.0 9.0 0.0
0.0 12.0 0.0
0.0 12.0 0.0
-4.4081154 12.22982 0.0
0.0 12.0 0.0
0.0 15.0 0.0
0.0 15.0 0.0
5.4253726 15.052087 0.0
0.0 15.0 0.0
0.0 18.0 0.0
0.0 18.0 0.0
6.44263 17.874353 0.0
6.44263 17.874353 0.0
6.44263 17.994354 0.0
6.44263 17.874353 0.0
11.966251 15.324671 2.1846042
11.966251 15.324671 2.1846042
16.27784 7.3885784 9.316628
11.966251 15.324671 2.1846042
15.428963 11.791512 6.112764
0.0 18.0 0.0
0.0 21.0 0.0
0.0 21.0 0.0
-7.324253 20.320318 0.0
0.0 21.0 0.0
0.0 24.0 0.0
0.0 24.0 0.0
8.6466875 23.989264 0.0
0.0 24.0 0.0
0.0 27.0 0.0
