0.0 0.0 0.0
0.0 3.0 0.0
0.0 3.0 0.0
-3.0573254 2.5792947 0.0
0.0 3.0 0.0
0.0 6.0 0.0
0.0 6.0 0.0
5.0445867 4.255836 0.0
0.0 6.0 0.0
0.0 9.0 0.0
0.0 9.0 0.0
-7.6433134 6.4482365 0.0
-7.6433134 6.4482365 0.0
-6.9014807 0.12673831 7.5341506
-7.6433134 6.4482365 0.0
-9.253157 1.3581359 5.842024
-9.253157 1.3581359 5.842024
-9.253157 2.108136 5.842024
-9.253157 1.3581359 5.842024
-2.7705436 0.37300527 10.839553
0.0 9.0 0.0
0.0 12.0 0.0
0.0 12.0 0.0
-9.936308 8.382708 0.0
0.0 12.0 0.0
0.0 15.0 0.0
0.0 15.0 0.0
11.92357 10.05925 0.0
0.0 15.0 0.0
0.0 18.0 0.0
0.0 18.0 0.0
14.216563 11.99372 0.0
14.216563 11.99372 0.0
14.216563 12.11372 0.0
14.216563 11.99372 0.0
16.224886 1.6943097 10.866165
16.224886 1.6943097 10.866165
4.2626047 12.909859 14.163245
16.224886 1.6943097 10.866165
3.8322926 0.41122591 19.40795
0.0 18.0 0.0
0.0 21.0 0.0
0.0 21.0 0.0
-16.815289 14.186121 0.0
0.0 21.0 0.0
0.0 24.0 0.0
0.0 24.0 0.0
19.108284 16.120592 0.0
0.0 24.0 0.0
0.0 27.0 0.0
