0.0 0.0 0.0
0.0 3.0 0.0
0.0 3.0 0.0
-1.9879338 3.0013528 0.0
0.0 3.0 0.0
0.0 6.0 0.0
0.0 6.0 0.0
3.8654268 5.8359637 0.0
0.0 6.0 0.0
0.0 9.0 0.0
0.0 9.0 0.0
-5.5220385 8.337091 0.0
-5.5220385 8.337091 0.0
-8.62742 1.3158112 5.0844436
-5.5220385 8.337091 0.0
-8.773304 4.9087133 3.049291
-8.773304 4.9087133 3.049291
-8.773304 5.028713 3.049291
-8.773304 4.9087133 3.049291
-7.736176 1.4834511 7.3868737
0.0 9.0 0.0
0.0 12.0 0.0
0.0 12.0 0.0
-7.454752 11.255074 0.0
0.0 12.0 0.0
0.0 15.0 0.0
0.0 15.0 0.0
9.111363 13.756201 0.0
0.0 15.0 0.0
0.0 18.0 0.0
0.0 18.0 0.0
10.767975 16.257328 0.0
10.767975 16.257328 0.0
10.767975 17.007328 0.0
10.767975 16.257328 0.0
17.29017 9.847115 5.946117
17.29017 9.847115 5.946117
9.673023 2.7185817 18.239838
17.29017 9.847115 5.946117
15.546358 3.313333 14.505032
0.0 18.0 0.0
0.0 21.0 0.0
0.0 21.0 0.0
-12.148484 18.3416 0.0
0.0 21.0 0.0
0.0 24.0 0.0
0.0 24.0 0.0
14.081198 21.259583 0.0
0.0 24.0 0.0
0.0 27.0 0.0
