0.0 0.0 0.0
0.0 3.0 0.0
0.0 3.0 0.0
-1.0817769 3.8509426 0.0
0.0 3.0 0.0
0.0 6.0 0.0
0.0 6.0 0.0
2.0283315 7.220517 0.0
0.0 6.0 0.0
0.0 9.0 0.0
0.0 9.0 0.0
-2.704442 9.627357 0.0
-2.704442 9.627357 0.0
-7.3749266 7.657069 1.4082911
-2.704442 9.627357 0.0
-5.2725687 9.142096 0.7314007
-5.2725687 9.142096 0.7314007
-5.2725687 9.475429 0.7314007
-5.2725687 9.142096 0.7314007
-7.331194 8.059758 2.1300812
0.0 9.0 0.0
0.0 12.0 0.0
0.0 12.0 0.0
-3.4075973 12.130469 0.0
0.0 12.0 0.0
0.0 15.0 0.0
0.0 15.0 0.0
4.4623294 15.8851385 0.0
0.0 15.0 0.0
0.0 18.0 0.0
0.0 18.0 0.0
5.273662 18.773346 0.0
5.273662 18.773346 0.0
5.273662 19.523346 0.0
5.273662 18.773346 0.0
10.235533 17.663422 1.4262314
10.235533 17.663422 1.4262314
16.414463 11.556337 6.547578
10.235533 17.663422 1.4262314
14.162977 15.407269 4.1412244
0.0 18.0 0.0
0.0 21.0 0.0
0.0 21.0 0.0
-5.949773 21.180183 0.0
0.0 21.0 0.0
0.0 24.0 0.0
0.0 24.0 0.0
6.7611055 24.068392 0.0
0.0 24.0 0.0
0.0 27.0 0.0
