0.0 0.0 0.0
0.0 3.0 0.0
0.0 3.0 0.0
-2.4142356 2.6704805 0.0
0.0 3.0 0.0
0.0 6.0 0.0
0.0 6.0 0.0
5.029658 5.563501 0.0
0.0 6.0 0.0
0.0 9.0 0.0
0.0 9.0 0.0
-6.70621 7.418001 0.0
-6.70621 7.418001 0.0
-7.5675917 0.08703983 6.6722336
-6.70621 7.418001 0.0
-9.067249 2.6116376 4.4973254
-9.067249 2.6116376 4.4973254
-9.067249 2.9449708 4.4973254
-9.067249 2.6116376 4.4973254
-4.9059334 -0.10566831 9.416804
0.0 9.0 0.0
0.0 12.0 0.0
0.0 12.0 0.0
-9.053384 10.014301 0.0
0.0 12.0 0.0
0.0 15.0 0.0
0.0 15.0 0.0
10.729937 11.868802 0.0
0.0 15.0 0.0
0.0 18.0 0.0
0.0 18.0 0.0
12.741799 14.094202 0.0
12.741799 14.094202 0.0
12.741799 14.844202 0.0
12.741799 14.094202 0.0
17.469196 5.22916 8.544919
17.469196 5.22916 8.544919
5.270723 7.3123026 18.239752
17.469196 5.22916 8.544919
9.874634 0.14427519 18.053833
0.0 18.0 0.0
0.0 21.0 0.0
0.0 21.0 0.0
-14.753663 16.319603 0.0
0.0 21.0 0.0
0.0 24.0 0.0
0.0 24.0 0.0
16.497278 18.248283 0.0
0.0 24.0 0.0
0.0 27.0 0.0
