0.0 0.0 0.0
0.0 3.0 0.0
0.0 3.0 0.0
-2.2660663 3.2962012 0.0
0.0 3.0 0.0
0.0 6.0 0.0
0.0 6.0 0.0
3.7390094 5.438732 0.0
0.0 6.0 0.0
0.0 9.0 0.0
0.0 9.0 0.0
-5.665166 8.240503 0.0
-5.665166 8.240503 0.0
-9.120769 1.3254201 5.2894316
-5.665166 8.240503 0.0
-8.855273 4.6403046 3.2094104
-8.855273 4.6403046 3.2094104
-8.855273 5.3903046 3.2094104
-8.855273 4.6403046 3.2094104
-7.7103033 1.543947 7.661375
0.0 9.0 0.0
0.0 12.0 0.0
0.0 12.0 0.0
-7.647974 11.12468 0.0
0.0 12.0 0.0
0.0 15.0 0.0
0.0 15.0 0.0
9.064265 13.184805 0.0
0.0 15.0 0.0
0.0 18.0 0.0
0.0 18.0 0.0
10.537209 15.327336 0.0
10.537209 15.327336 0.0
10.537209 15.660669 0.0
10.537209 15.327336 0.0
16.178486 8.205755 5.9695034
16.178486 8.205755 5.9695034
7.8524256 2.7759864 17.243256
16.178486 8.205755 5.9695034
13.414566 1.9491291 14.084552
0.0 18.0 0.0
0.0 21.0 0.0
0.0 21.0 0.0
-12.463365 18.129107 0.0
0.0 21.0 0.0
0.0 24.0 0.0
0.0 24.0 0.0
14.446173 21.013283 0.0
0.0 24.0 0.0
0.0 27.0 0.0
