0.0 0.0 0.0
0.0 3.0 0.0
0.0 3.0 0.0
-3.8859646 2.2692025 0.0
0.0 3.0 0.0
0.0 6.0 0.0
0.0 6.0 0.0
6.476608 3.782004 0.0
0.0 6.0 0.0
0.0 9.0 0.0
0.0 9.0 0.0
-9.06725 5.2948055 0.0
-9.06725 5.2948055 0.0
-7.4542923 0.91013765 7.896827
-9.06725 5.2948055 0.0
-8.173308 -0.5220163 7.830003
-8.173308 -0.5220163 7.830003
-8.173308 0.22798371 7.830003
-8.173308 -0.5220163 7.830003
0.48675478 2.7729735 11.006455
0.0 9.0 0.0
0.0 12.0 0.0
0.0 12.0 0.0
-11.657894 6.8076077 0.0
0.0 12.0 0.0
0.0 15.0 0.0
0.0 15.0 0.0
13.816763 8.068275 0.0
0.0 15.0 0.0
0.0 18.0 0.0
0.0 18.0 0.0
16.061987 9.379371 0.0
16.061987 9.379371 0.0
16.061987 10.129371 0.0
16.061987 9.379371 0.0
13.479185 -1.508223 13.870292
13.479185 -1.508223 13.870292
7.982636 16.971807 4.922993
13.479185 -1.508223 13.870292
-2.619481 4.469503 18.634253
0.0 18.0 0.0
0.0 21.0 0.0
0.0 21.0 0.0
-18.998049 11.093879 0.0
0.0 21.0 0.0
0.0 24.0 0.0
0.0 24.0 0.0
21.243273 12.404974 0.0
0.0 24.0 0.0
0.0 27.0 0.0
