0.0 0.0 0.0
0.0 3.0 0.0
0.0 3.0 0.0
-3.4534664 2.8850596 0.0
0.0 3.0 0.0
0.0 6.0 0.0
0.0 6.0 0.0
5.7557774 4.8084326 0.0
0.0 6.0 0.0
0.0 9.0 0.0
0.0 9.0 0.0
-7.67437 6.4112434 0.0
-7.67437 6.4112434 0.0
-6.8799014 0.14364278 7.551926
-7.67437 6.4112434 0.0
-8.535164 0.719116 5.889595
-8.535164 0.719116 5.889595
-8.535164 0.839116 5.889595
-8.535164 0.719116 5.889595
-2.3135157 0.69196934 10.326163
0.0 9.0 0.0
0.0 12.0 0.0
0.0 12.0 0.0
-9.976681 8.334617 0.0
0.0 12.0 0.0
0.0 15.0 0.0
0.0 15.0 0.0
12.66271 10.578552 0.0
0.0 15.0 0.0
0.0 18.0 0.0
0.0 18.0 0.0
14.274328 11.924913 0.0
14.274328 11.924913 0.0
14.274328 12.674913 0.0
14.274328 11.924913 0.0
16.170101 1.5837479 10.954647
16.170101 1.5837479 10.954647
4.7263255 13.023725 13.963067
16.170101 1.5837479 10.954647
2.9325213 -0.10415709 19.432825
0.0 18.0 0.0
0.0 21.0 0.0
0.0 21.0 0.0
-17.267332 14.425299 0.0
0.0 21.0 0.0
0.0 24.0 0.0
0.0 24.0 0.0
19.185925 16.028109 0.0
0.0 24.0 0.0
0.0 27.0 0.0
