0.0 0.0 0.0
0.0 3.0 0.0
0.0 3.0 0.0
-3.090628 2.539295 0.0
0.0 3.0 0.0
0.0 6.0 0.0
0.0 6.0 0.0
5.099536 4.1898365 0.0
0.0 6.0 0.0
0.0 9.0 0.0
0.0 9.0 0.0
-8.112898 6.6656494 0.0
-8.112898 6.6656494 0.0
-7.1713457 0.18619633 7.9587693
-8.112898 6.6656494 0.0
-8.883362 0.63302255 6.268487
-8.883362 0.63302255 6.268487
-8.883362 1.3830225 6.268487
-8.883362 0.63302255 6.268487
-2.1534011 0.7390746 10.843176
0.0 9.0 0.0
0.0 12.0 0.0
0.0 12.0 0.0
-10.04454 8.252708 0.0
0.0 12.0 0.0
0.0 15.0 0.0
0.0 15.0 0.0
12.74884 10.474591 0.0
0.0 15.0 0.0
0.0 18.0 0.0
0.0 18.0 0.0
14.680483 12.061651 0.0
14.680483 12.061651 0.0
14.680483 12.811651 0.0
14.680483 12.061651 0.0
16.008427 1.0910549 11.342978
16.008427 1.0910549 11.342978
4.1585116 13.686353 13.503788
16.008427 1.0910549 11.342978
2.8896697 0.56445825 19.569813
0.0 18.0 0.0
0.0 21.0 0.0
0.0 21.0 0.0
-16.998453 13.966123 0.0
0.0 21.0 0.0
0.0 24.0 0.0
0.0 24.0 0.0
19.316425 15.870593 0.0
0.0 24.0 0.0
0.0 27.0 0.0
