0.0 0.0 0.0
0.0 3.0 0.0
0.0 3.0 0.0
-3.0255425 3.3310797 0.0
0.0 3.0 0.0
0.0 6.0 0.0
0.0 6.0 0.0
4.4374623 4.8855834 0.0
0.0 6.0 0.0
0.0 9.0 0.0
0.0 9.0 0.0
-6.723428 7.402399 0.0
-6.723428 7.402399 0.0
-8.176664 0.14002585 6.692433
-6.723428 7.402399 0.0
-9.6696005 3.2436948 4.520448
-9.6696005 3.2436948 4.520448
-9.6696005 3.3636947 4.520448
-9.6696005 3.2436948 4.520448
-5.9019203 0.37228608 9.847502
0.0 9.0 0.0
0.0 12.0 0.0
0.0 12.0 0.0
-8.471519 9.3270235 0.0
0.0 12.0 0.0
0.0 15.0 0.0
0.0 15.0 0.0
10.757484 11.843839 0.0
0.0 15.0 0.0
0.0 18.0 0.0
0.0 18.0 0.0
12.774513 14.064558 0.0
12.774513 14.064558 0.0
12.774513 14.184558 0.0
12.774513 14.064558 0.0
17.464577 5.1636963 8.588852
17.464577 5.1636963 8.588852
4.6000295 7.349295 18.207825
17.464577 5.1636963 8.588852
9.775464 0.1232481 18.099993
0.0 18.0 0.0
0.0 21.0 0.0
0.0 21.0 0.0
-14.522604 15.989182 0.0
0.0 21.0 0.0
0.0 24.0 0.0
0.0 24.0 0.0
17.144741 18.876118 0.0
0.0 24.0 0.0
0.0 27.0 0.0
