0.0 0.0 0.0
0.0 3.0 0.0
0.0 3.0 0.0
-1.368056 3.7587793 0.0
0.0 3.0 0.0
0.0 6.0 0.0
0.0 6.0 0.0
2.394098 6.5778637 0.0
0.0 6.0 0.0
0.0 9.0 0.0
0.0 9.0 0.0
-3.5911472 9.866796 0.0
-3.5911472 9.866796 0.0
-8.526707 5.882126 2.308309
-3.5911472 9.866796 0.0
-6.8876743 9.057317 1.2282226
-6.8876743 9.057317 1.2282226
-6.8876743 9.807317 1.2282226
-6.8876743 9.057317 1.2282226
-9.127005 7.3808565 3.5098357
0.0 9.0 0.0
0.0 12.0 0.0
0.0 12.0 0.0
-4.4461823 12.216033 0.0
0.0 12.0 0.0
0.0 15.0 0.0
0.0 15.0 0.0
5.6432314 15.504965 0.0
0.0 15.0 0.0
0.0 18.0 0.0
0.0 18.0 0.0
6.6692734 18.324049 0.0
6.6692734 18.324049 0.0
6.6692734 18.44405 0.0
6.6692734 18.324049 0.0
12.4982395 16.015278 2.2809849
12.4982395 16.015278 2.2809849
16.71979 7.312166 9.780943
12.4982395 16.015278 2.2809849
16.122656 12.239189 6.4180026
0.0 18.0 0.0
0.0 21.0 0.0
0.0 21.0 0.0
-7.524308 20.673286 0.0
0.0 21.0 0.0
0.0 24.0 0.0
0.0 24.0 0.0
8.721357 23.962217 0.0
0.0 24.0 0.0
0.0 27.0 0.0
