0.0 0.0 0.0
0.0 3.0 0.0
0.0 3.0 0.0
-1.1466248 3.412514 0.0
0.0 3.0 0.0
0.0 6.0 0.0
0.0 6.0 0.0
2.2295482 6.6354437 0.0
0.0 6.0 0.0
0.0 9.0 0.0
0.0 9.0 0.0
-3.3443224 9.953166 0.0
-3.3443224 9.953166 0.0
-8.587896 6.921864 2.0194304
-3.3443224 9.953166 0.0
-6.4937115 9.373016 1.0651897
-6.4937115 9.373016 1.0651897
-6.4937115 9.493016 1.0651897
-6.4937115 9.373016 1.0651897
-8.976477 8.454239 3.0780072
0.0 9.0 0.0
0.0 12.0 0.0
0.0 12.0 0.0
-4.2998433 12.796927 0.0
0.0 12.0 0.0
0.0 15.0 0.0
0.0 15.0 0.0
5.0961103 15.166729 0.0
0.0 15.0 0.0
0.0 18.0 0.0
0.0 18.0 0.0
5.924228 17.631323 0.0
5.924228 17.631323 0.0
5.924228 17.751324 0.0
5.924228 17.631323 0.0
11.257441 15.872376 1.8869076
11.257441 15.872376 1.8869076
15.901342 8.017164 8.301743
11.257441 15.872376 1.8869076
14.792284 12.407086 5.374211
0.0 18.0 0.0
0.0 21.0 0.0
0.0 21.0 0.0
-7.0071516 20.854252 0.0
0.0 21.0 0.0
0.0 24.0 0.0
0.0 24.0 0.0
7.83527 23.318846 0.0
0.0 24.0 0.0
0.0 27.0 0.0
