0.0 0.0 0.0
0.0 3.0 0.0
0.0 3.0 0.0
-2.8265584 2.2294767 0.0
0.0 3.0 0.0
0.0 6.0 0.0
0.0 6.0 0.0
5.8886633 4.6447434 0.0
0.0 6.0 0.0
0.0 9.0 0.0
0.0 9.0 0.0
-7.5374894 5.9452715 0.0
-7.5374894 5.9452715 0.0
-6.307409 0.2946365 7.330147
-7.5374894 5.9452715 0.0
-8.343979 0.63612723 5.9180984
-8.343979 0.63612723 5.9180984
-8.343979 0.9694606 5.9180984
-8.343979 0.63612723 5.9180984
-1.2930785 0.35662887 10.216391
0.0 9.0 0.0
0.0 12.0 0.0
0.0 12.0 0.0
-10.599594 8.3605385 0.0
0.0 12.0 0.0
0.0 15.0 0.0
0.0 15.0 0.0
12.955059 10.218435 0.0
0.0 15.0 0.0
0.0 18.0 0.0
0.0 18.0 0.0
14.917947 11.766684 0.0
14.917947 11.766684 0.0
14.917947 12.100017 0.0
14.917947 11.766684 0.0
15.745327 0.652606 11.712902
15.745327 0.652606 11.712902
4.4664726 14.414483 12.583832
15.745327 0.652606 11.712902
1.6410289 0.5879934 19.616314
0.0 18.0 0.0
0.0 21.0 0.0
0.0 21.0 0.0
-17.66599 13.93423 0.0
0.0 21.0 0.0
0.0 24.0 0.0
0.0 24.0 0.0
20.021456 15.792128 0.0
0.0 24.0 0.0
0.0 27.0 0.0
