0.0 0.0 0.0
0.0 3.0 0.0
0.0 3.0 0.0
-3.2384486 2.3478608 0.0
0.0 3.0 0.0
0.0 6.0 0.0
0.0 6.0 0.0
5.667285 4.1087565 0.0
0.0 6.0 0.0
0.0 9.0 0.0
0.0 9.0 0.0
-8.096122 5.869652 0.0
-8.096122 5.869652 0.0
-6.678274 0.46386516 7.6947837
-8.096122 5.869652 0.0
-8.351095 0.18485475 6.5547185
-8.351095 0.18485475 6.5547185
-8.351095 0.5181881 6.5547185
-8.351095 0.18485475 6.5547185
-0.7215649 1.0233434 10.60854
0.0 9.0 0.0
0.0 12.0 0.0
0.0 12.0 0.0
-10.929764 7.9240303 0.0
0.0 12.0 0.0
0.0 15.0 0.0
0.0 15.0 0.0
12.62995 9.156657 0.0
0.0 15.0 0.0
0.0 18.0 0.0
0.0 18.0 0.0
15.058786 10.917553 0.0
15.058786 10.917553 0.0
15.058786 11.667553 0.0
15.058786 10.917553 0.0
14.836771 -0.16095972 12.191776
14.836771 -0.16095972 12.191776
5.201368 15.3441105 10.310332
14.836771 -0.16095972 12.191776
-0.32656687 1.1984234 19.168179
0.0 18.0 0.0
0.0 21.0 0.0
0.0 21.0 0.0
-17.487623 12.678449 0.0
0.0 21.0 0.0
0.0 24.0 0.0
0.0 24.0 0.0
20.64511 14.967612 0.0
0.0 24.0 0.0
0.0 27.0 0.0
