0.0 0.0 0.0
0.0 3.0 0.0
0.0 3.0 0.0
-3.1152718 2.509 0.0
0.0 3.0 0.0
0.0 6.0 0.0
0.0 6.0 0.0
5.140198 4.13985 0.0
0.0 6.0 0.0
0.0 9.0 0.0
0.0 9.0 0.0
-7.7881794 6.2725 0.0
-7.7881794 6.2725 0.0
-6.599369 0.25931036 7.609263
-7.7881794 6.2725 0.0
-8.416628 0.5061445 6.0655737
-8.416628 0.5061445 6.0655737
-8.416628 0.8394779 6.0655737
-8.416628 0.5061445 6.0655737
-1.2098299 0.2613109 10.359652
0.0 9.0 0.0
0.0 12.0 0.0
0.0 12.0 0.0
-9.813107 7.9033504 0.0
0.0 12.0 0.0
0.0 15.0 0.0
0.0 15.0 0.0
12.461087 10.036 0.0
0.0 15.0 0.0
0.0 18.0 0.0
0.0 18.0 0.0
14.797541 11.91775 0.0
14.797541 11.91775 0.0
14.797541 12.66775 0.0
14.797541 11.91775 0.0
15.882558 0.8738599 11.5245905
15.882558 0.8738599 11.5245905
4.3004513 14.050946 13.06163
15.882558 0.8738599 11.5245905
2.46776 0.7204845 19.598421
0.0 18.0 0.0
0.0 21.0 0.0
0.0 21.0 0.0
-17.523403 14.113126 0.0
0.0 21.0 0.0
0.0 24.0 0.0
0.0 24.0 0.0
19.158922 15.43035 0.0
0.0 24.0 0.0
0.0 27.0 0.0
