0.0 0.0 0.0
0.0 3.0 0.0
0.0 3.0 0.0
-1.2358038 3.3812406 0.0
0.0 3.0 0.0
0.0 6.0 0.0
0.0 6.0 0.0
2.402952 6.5746346 0.0
0.0 6.0 0.0
0.0 9.0 0.0
0.0 9.0 0.0
-3.2954772 9.016643 0.0
-3.2954772 9.016643 0.0
-8.223067 5.8406167 2.125049
-3.2954772 9.016643 0.0
-6.2083273 7.9697485 1.1312677
-6.2083273 7.9697485 1.1312677
-6.2083273 8.7197485 1.1312677
-6.2083273 7.9697485 1.1312677
-8.362758 7.0259314 3.193712
0.0 9.0 0.0
0.0 12.0 0.0
0.0 12.0 0.0
-4.6342645 12.679653 0.0
0.0 12.0 0.0
0.0 15.0 0.0
0.0 15.0 0.0
5.4924617 15.027737 0.0
0.0 15.0 0.0
0.0 18.0 0.0
0.0 18.0 0.0
6.693938 18.315054 0.0
6.693938 18.315054 0.0
6.693938 18.435055 0.0
6.693938 18.315054 0.0
12.39826 15.607401 2.2978873
12.39826 15.607401 2.2978873
16.25195 6.8656206 9.751189
12.39826 15.607401 2.2978873
16.068972 12.341193 6.4143133
0.0 18.0 0.0
0.0 21.0 0.0
0.0 21.0 0.0
-7.7237744 21.132755 0.0
0.0 21.0 0.0
0.0 24.0 0.0
0.0 24.0 0.0
8.44466 23.105146 0.0
0.0 24.0 0.0
0.0 27.0 0.0
