0.0 0.0 0.0
0.0 3.0 0.0
0.0 3.0 0.0
-2.66036 2.9870527 0.0
0.0 3.0 0.0
0.0 6.0 0.0
0.0 6.0 0.0
4.65563 5.227342 0.0
0.0 6.0 0.0
0.0 9.0 0.0
0.0 9.0 0.0
-6.3848643 7.1689267 0.0
-6.3848643 7.1689267 0.0
-7.537113 0.13375843 6.342274
-6.3848643 7.1689267 0.0
-8.993624 2.9291162 4.2465096
-8.993624 2.9291162 4.2465096
-8.993624 3.0491161 4.2465096
-8.993624 2.9291162 4.2465096
-5.8520107 0.71910644 9.152706
0.0 9.0 0.0
0.0 12.0 0.0
0.0 12.0 0.0
-8.380135 9.409216 0.0
0.0 12.0 0.0
0.0 15.0 0.0
0.0 15.0 0.0
10.375404 11.649506 0.0
0.0 15.0 0.0
0.0 18.0 0.0
0.0 18.0 0.0
12.969255 14.561882 0.0
12.969255 14.561882 0.0
12.969255 14.681882 0.0
12.969255 14.561882 0.0
17.582426 5.1796684 8.625723
17.582426 5.1796684 8.625723
4.5101004 7.108225 18.45978
17.582426 5.1796684 8.625723
9.963421 0.07110262 18.13527
0.0 18.0 0.0
0.0 21.0 0.0
0.0 21.0 0.0
-14.365945 16.130085 0.0
0.0 21.0 0.0
0.0 24.0 0.0
0.0 24.0 0.0
16.62725 18.669079 0.0
0.0 24.0 0.0
0.0 27.0 0.0
