0.0 0.0 0.0
0.0 3.0 0.0
0.0 3.0 0.0
-2.8004138 2.2622292 0.0
0.0 3.0 0.0
0.0 6.0 0.0
0.0 6.0 0.0
5.1340923 4.1474204 0.0
0.0 6.0 0.0
0.0 9.0 0.0
0.0 9.0 0.0
-8.167874 6.598169 0.0
-8.167874 6.598169 0.0
-6.929032 0.26640093 7.9853306
-8.167874 6.598169 0.0
-8.824757 0.5306425 6.35373
-8.824757 0.5306425 6.35373
-8.824757 1.2806425 6.35373
-8.824757 0.5306425 6.35373
-1.2583984 0.24147713 10.85738
0.0 9.0 0.0
0.0 12.0 0.0
0.0 12.0 0.0
-9.801449 7.917803 0.0
0.0 12.0 0.0
0.0 15.0 0.0
0.0 15.0 0.0
12.135127 9.802994 0.0
0.0 15.0 0.0
0.0 18.0 0.0
0.0 18.0 0.0
14.468805 11.688186 0.0
14.468805 11.688186 0.0
14.468805 12.438186 0.0
14.468805 11.688186 0.0
15.272374 0.6491389 11.255179
15.272374 0.6491389 11.255179
3.9488738 13.690188 12.564827
15.272374 0.6491389 11.255179
1.5006758 0.13013119 18.952991
0.0 18.0 0.0
0.0 21.0 0.0
0.0 21.0 0.0
-17.113642 13.824735 0.0
0.0 21.0 0.0
0.0 24.0 0.0
0.0 24.0 0.0
19.136162 15.458568 0.0
0.0 24.0 0.0
0.0 27.0 0.0
