0.0 0.0 0.0
0.0 3.0 0.0
0.0 3.0 0.0
-2.7605262 3.5538 0.0
0.0 3.0 0.0
0.0 6.0 0.0
0.0 6.0 0.0
4.2941523 5.5281334 0.0
0.0 6.0 0.0
0.0 9.0 0.0
0.0 9.0 0.0
-6.134503 7.8973336 0.0
-6.134503 7.8973336 0.0
-8.753955 0.66872215 5.9438686
-6.134503 7.8973336 0.0
-9.0386505 3.738693 3.7632127
-9.0386505 3.738693 3.7632127
-9.0386505 4.0720263 3.7632127
-9.0386505 3.738693 3.7632127
-7.0277586 1.1744633 8.516697
0.0 9.0 0.0
0.0 12.0 0.0
0.0 12.0 0.0
-8.281579 10.6614 0.0
0.0 12.0 0.0
0.0 15.0 0.0
0.0 15.0 0.0
9.815205 12.635734 0.0
0.0 15.0 0.0
0.0 18.0 0.0
0.0 18.0 0.0
11.96228 15.3998 0.0
11.96228 15.3998 0.0
11.96228 15.733133 0.0
11.96228 15.3998 0.0
17.827806 7.551063 7.3382645
17.827806 7.551063 7.3382645
7.3751426 4.669795 19.088968
17.827806 7.551063 7.3382645
13.116091 1.2725744 16.731745
0.0 18.0 0.0
0.0 21.0 0.0
0.0 21.0 0.0
-13.495907 17.374134 0.0
0.0 21.0 0.0
0.0 24.0 0.0
0.0 24.0 0.0
15.090878 19.42744 0.0
0.0 24.0 0.0
0.0 27.0 0.0
