0.0 0.0 0.0
0.0 3.0 0.0
0.0 3.0 0.0
-0.9665964 3.4678078 0.0
0.0 3.0 0.0
0.0 6.0 0.0
0.0 6.0 0.0
2.0137427 7.2246 0.0
0.0 6.0 0.0
0.0 9.0 0.0
0.0 9.0 0.0
-2.8192396 10.11444 0.0
-2.8192396 10.11444 0.0
-7.358938 7.5107365 1.4583347
-2.8192396 10.11444 0.0
-5.4928126 9.591839 0.7569631
-5.4928126 9.591839 0.7569631
-5.4928126 9.711839 0.7569631
-5.4928126 9.591839 0.7569631
-7.6375446 8.451506 2.203982
0.0 9.0 0.0
0.0 12.0 0.0
0.0 12.0 0.0
-3.490487 12.522639 0.0
0.0 12.0 0.0
0.0 15.0 0.0
0.0 15.0 0.0
4.188585 15.027167 0.0
0.0 15.0 0.0
0.0 18.0 0.0
0.0 18.0 0.0
5.1014814 18.302319 0.0
5.1014814 18.302319 0.0
5.1014814 18.42232 0.0
5.1014814 18.302319 0.0
9.808961 16.888779 1.3697428
9.808961 16.888779 1.3697428
15.702097 11.11968 6.246222
9.808961 16.888779 1.3697428
13.443266 14.40835 3.9531422
0.0 18.0 0.0
0.0 21.0 0.0
0.0 21.0 0.0
-5.9069786 21.19216 0.0
0.0 21.0 0.0
0.0 24.0 0.0
0.0 24.0 0.0
6.7124753 24.081999 0.0
0.0 24.0 0.0
0.0 27.0 0.0
