0.0 0.0 0.0
0.0 3.0 0.0
0.0 3.0 0.0
-3.5603507 2.7520728 0.0
0.0 3.0 0.0
0.0 6.0 0.0
0.0 6.0 0.0
5.538323 4.281002 0.0
0.0 6.0 0.0
0.0 9.0 0.0
0.0 9.0 0.0
-7.91189 6.1157174 0.0
-7.91189 6.1157174 0.0
-6.5368156 0.3580141 7.6566334
-7.91189 6.1157174 0.0
-8.272607 0.27882576 6.2598004
-8.272607 0.27882576 6.2598004
-8.272607 1.0288258 6.2598004
-8.272607 0.27882576 6.2598004
-0.76051515 0.4531187 10.373512
0.0 9.0 0.0
0.0 12.0 0.0
0.0 12.0 0.0
-10.681051 8.256218 0.0
0.0 12.0 0.0
0.0 15.0 0.0
0.0 15.0 0.0
12.342549 9.540519 0.0
0.0 15.0 0.0
0.0 18.0 0.0
0.0 18.0 0.0
15.032591 11.619863 0.0
15.032591 11.619863 0.0
15.032591 11.739862 0.0
15.032591 11.619863 0.0
15.607185 0.4441495 11.8936205
15.607185 0.4441495 11.8936205
5.046464 14.6432085 12.106943
15.607185 0.4441495 11.8936205
0.9085665 0.531911 19.622036
0.0 18.0 0.0
0.0 21.0 0.0
0.0 21.0 0.0
-17.801752 13.760364 0.0
0.0 21.0 0.0
0.0 24.0 0.0
0.0 24.0 0.0
19.46325 15.044664 0.0
0.0 24.0 0.0
0.0 27.0 0.0
