0.0 0.0 0.0
0.0 3.0 0.0
0.0 3.0 0.0
-1.9081359 3.0527062 0.0
0.0 3.0 0.0
0.0 6.0 0.0
0.0 6.0 0.0
3.498249 5.596628 0.0
0.0 6.0 0.0
0.0 9.0 0.0
0.0 9.0 0.0
-5.0883627 8.140551 0.0
-5.0883627 8.140551 0.0
-8.96857 1.8911607 4.574013
-5.0883627 8.140551 0.0
-8.5036745 5.4639425 2.6970243
-8.5036745 5.4639425 2.6970243
-8.5036745 6.2139425 2.6970243
-8.5036745 5.4639425 2.6970243
-8.328585 2.4169106 6.7942753
0.0 9.0 0.0
0.0 12.0 0.0
0.0 12.0 0.0
-6.678476 10.684473 0.0
0.0 12.0 0.0
0.0 15.0 0.0
0.0 15.0 0.0
8.745623 13.991571 0.0
0.0 15.0 0.0
0.0 18.0 0.0
0.0 18.0 0.0
10.335736 16.535494 0.0
10.335736 16.535494 0.0
10.335736 17.285494 0.0
10.335736 16.535494 0.0
16.991507 10.648148 5.4783306
16.991507 10.648148 5.4783306
10.975389 2.5461555 17.674112
16.991507 10.648148 5.4783306
15.717573 3.440247 13.651622
0.0 18.0 0.0
0.0 21.0 0.0
0.0 21.0 0.0
-11.92585 19.079414 0.0
0.0 21.0 0.0
0.0 24.0 0.0
0.0 24.0 0.0
13.250944 21.19935 0.0
0.0 24.0 0.0
0.0 27.0 0.0
