0.0 0.0 0.0
0.0 3.0 0.0
0.0 3.0 0.0
-1.7534403 3.595198 0.0
0.0 3.0 0.0
0.0 6.0 0.0
0.0 6.0 0.0
3.0685205 6.2915964 0.0
0.0 6.0 0.0
0.0 9.0 0.0
0.0 9.0 0.0
-4.2082567 8.628475 0.0
-4.2082567 8.628475 0.0
-8.65706 3.4759624 3.3160877
-4.2082567 8.628475 0.0
-7.6203394 6.996025 1.8447317
-7.6203394 6.996025 1.8447317
-7.6203394 7.116025 1.8447317
-7.6203394 6.996025 1.8447317
-9.153517 4.988309 4.998496
0.0 9.0 0.0
0.0 12.0 0.0
0.0 12.0 0.0
-5.917861 12.133793 0.0
0.0 12.0 0.0
0.0 15.0 0.0
0.0 15.0 0.0
6.838417 14.021273 0.0
0.0 15.0 0.0
0.0 18.0 0.0
0.0 18.0 0.0
8.153498 16.71767 0.0
8.153498 16.71767 0.0
8.153498 17.051004 0.0
8.153498 16.71767 0.0
14.572624 13.161572 3.5741677
14.572624 13.161572 3.5741677
14.752179 3.7144585 13.683711
14.572624 13.161572 3.5741677
16.57201 7.673642 9.600516
0.0 18.0 0.0
0.0 21.0 0.0
0.0 21.0 0.0
-9.863101 20.222988 0.0
0.0 21.0 0.0
0.0 24.0 0.0
0.0 24.0 0.0
10.783658 22.110468 0.0
0.0 24.0 0.0
0.0 27.0 0.0
