0.0 0.0 0.0
0.0 3.0 0.0
0.0 3.0 0.0
-1.4990761 3.7084727 0.0
0.0 3.0 0.0
0.0 6.0 0.0
0.0 6.0 0.0
2.8107677 6.9533863 0.0
0.0 6.0 0.0
0.0 9.0 0.0
0.0 9.0 0.0
-3.5977829 8.900335 0.0
-3.5977829 8.900335 0.0
-8.276984 4.842058 2.5001369
-3.5977829 8.900335 0.0
-6.6528993 7.5578656 1.3483377
-6.6528993 7.5578656 1.3483377
-6.6528993 8.307865 1.3483377
-6.6528993 7.5578656 1.3483377
-8.644608 6.275504 3.743369
0.0 9.0 0.0
0.0 12.0 0.0
0.0 12.0 0.0
-4.72209 11.681689 0.0
0.0 12.0 0.0
0.0 15.0 0.0
0.0 15.0 0.0
5.846397 14.463044 0.0
0.0 15.0 0.0
0.0 18.0 0.0
0.0 18.0 0.0
6.970704 17.244398 0.0
6.970704 17.244398 0.0
6.970704 17.577732 0.0
6.970704 17.244398 0.0
13.016476 14.956265 2.612404
13.016476 14.956265 2.612404
16.339825 6.051418 10.923855
13.016476 14.956265 2.612404
16.447891 11.101177 7.3001795
0.0 18.0 0.0
0.0 21.0 0.0
0.0 21.0 0.0
-8.432303 20.860159 0.0
0.0 21.0 0.0
0.0 24.0 0.0
0.0 24.0 0.0
9.3692255 23.177954 0.0
0.0 24.0 0.0
0.0 27.0 0.0
