0.0 0.0 0.0
0.0 3.0 0.0
0.0 3.0 0.0
-1.2809055 4.3138475 0.0
0.0 3.0 0.0
0.0 6.0 0.0
0.0 6.0 0.0
1.9925197 6.710429 0.0
0.0 6.0 0.0
0.0 9.0 0.0
0.0 9.0 0.0
-2.9887795 10.065644 0.0
-2.9887795 10.065644 0.0
-8.001165 7.6962223 1.6311007
-2.9887795 10.065644 0.0
-5.896407 9.792339 0.8507432
-5.896407 9.792339 0.8507432
-5.896407 9.912339 0.8507432
-5.896407 9.792339 0.8507432
-8.400834 9.28518 2.493937
0.0 9.0 0.0
0.0 12.0 0.0
0.0 12.0 0.0
-3.5865357 12.0787735 0.0
0.0 12.0 0.0
0.0 15.0 0.0
0.0 15.0 0.0
4.696654 15.817441 0.0
0.0 15.0 0.0
0.0 18.0 0.0
0.0 18.0 0.0
5.2944098 17.83057 0.0
5.2944098 17.83057 0.0
5.2944098 17.950571 0.0
5.2944098 17.83057 0.0
10.225479 16.606913 1.5070308
10.225479 16.606913 1.5070308
15.619382 9.78905 6.8432894
10.225479 16.606913 1.5070308
13.997486 14.210434 4.3553276
0.0 18.0 0.0
0.0 21.0 0.0
0.0 21.0 0.0
-6.4045277 21.569237 0.0
0.0 21.0 0.0
0.0 24.0 0.0
0.0 24.0 0.0
7.0022836 23.582367 0.0
0.0 24.0 0.0
0.0 27.0 0.0
