0.0 0.0 0.0
0.0 3.0 0.0
0.0 3.0 0.0
-1.1321359 3.4173481 0.0
0.0 3.0 0.0
0.0 6.0 0.0
0.0 6.0 0.0
2.3586164 7.1194754 0.0
0.0 6.0 0.0
0.0 9.0 0.0
0.0 9.0 0.0
-3.0190291 9.112929 0.0
-3.0190291 9.112929 0.0
-7.5827475 6.131825 1.80252
-3.0190291 9.112929 0.0
-5.9007864 8.698573 0.9494309
-5.9007864 8.698573 0.9494309
-5.9007864 8.818573 0.9494309
-5.9007864 8.698573 0.9494309
-8.241043 8.01349 2.756952
0.0 9.0 0.0
0.0 12.0 0.0
0.0 12.0 0.0
-4.2455096 12.815056 0.0
0.0 12.0 0.0
0.0 15.0 0.0
0.0 15.0 0.0
5.188956 15.662846 0.0
0.0 15.0 0.0
0.0 18.0 0.0
0.0 18.0 0.0
6.1324024 18.510635 0.0
6.1324024 18.510635 0.0
6.1324024 18.630636 0.0
6.1324024 18.510635 0.0
11.535869 16.310343 1.9285313
11.535869 16.310343 1.9285313
16.685898 8.848123 8.434595
11.535869 16.310343 1.9285313
15.26306 13.179044 5.4585094
0.0 18.0 0.0
0.0 21.0 0.0
0.0 21.0 0.0
-6.918608 20.883795 0.0
0.0 21.0 0.0
0.0 24.0 0.0
0.0 24.0 0.0
7.736262 23.35188 0.0
0.0 24.0 0.0
0.0 27.0 0.0
