0.0 0.0 0.0
0.0 3.0 0.0
0.0 3.0 0.0
-3.007939 2.6367218 0.0
0.0 3.0 0.0
0.0 6.0 0.0
0.0 6.0 0.0
4.9630995 4.350591 0.0
0.0 6.0 0.0
0.0 9.0 0.0
0.0 9.0 0.0
-7.519848 6.5918045 0.0
-7.519848 6.5918045 0.0
-6.7829714 0.0973413 7.4550824
-7.519848 6.5918045 0.0
-8.675643 1.0131559 5.654811
-8.675643 1.0131559 5.654811
-8.675643 1.133156 5.654811
-8.675643 1.0131559 5.654811
-2.8565316 0.55385065 10.2514925
0.0 9.0 0.0
0.0 12.0 0.0
0.0 12.0 0.0
-10.151794 8.898936 0.0
0.0 12.0 0.0
0.0 15.0 0.0
0.0 15.0 0.0
12.031756 10.546887 0.0
0.0 15.0 0.0
0.0 18.0 0.0
0.0 18.0 0.0
14.287711 12.524428 0.0
14.287711 12.524428 0.0
14.287711 13.274428 0.0
14.287711 12.524428 0.0
16.077652 1.5690389 10.744142
16.077652 1.5690389 10.744142
3.969773 12.343593 14.5321045
16.077652 1.5690389 10.744142
3.5921187 -0.20052123 19.172478
0.0 18.0 0.0
0.0 21.0 0.0
0.0 21.0 0.0
-16.242872 14.238298 0.0
0.0 21.0 0.0
0.0 24.0 0.0
0.0 24.0 0.0
18.79962 16.479511 0.0
0.0 24.0 0.0
0.0 27.0 0.0
