0.0 0.0 0.0
0.0 3.0 0.0
0.0 3.0 0.0
-2.9181597 2.108161 0.0
0.0 3.0 0.0
0.0 6.0 0.0
0.0 6.0 0.0
5.3499594 3.864962 0.0
0.0 6.0 0.0
0.0 9.0 0.0
0.0 9.0 0.0
-7.7817597 5.621763 0.0
-7.7817597 5.621763 0.0
-6.2190437 0.5170965 7.3878093
-7.7817597 5.621763 0.0
-8.036182 0.18380189 6.3078938
-8.036182 0.18380189 6.3078938
-8.036182 0.3038019 6.3078938
-8.036182 0.18380189 6.3078938
-0.39690065 0.7890608 10.208034
0.0 9.0 0.0
0.0 12.0 0.0
0.0 12.0 0.0
-10.213559 7.3785644 0.0
0.0 12.0 0.0
0.0 15.0 0.0
0.0 15.0 0.0
12.969599 9.369605 0.0
0.0 15.0 0.0
0.0 18.0 0.0
0.0 18.0 0.0
15.077159 10.892166 0.0
15.077159 10.892166 0.0
15.077159 11.225499 0.0
15.077159 10.892166 0.0
14.810164 -0.19288349 12.221544
14.810164 -0.19288349 12.221544
5.6354465 15.257422 10.22107
14.810164 -0.19288349 12.221544
-0.39259046 1.238644 19.162058
0.0 18.0 0.0
0.0 21.0 0.0
0.0 21.0 0.0
-17.508959 12.648967 0.0
0.0 21.0 0.0
0.0 24.0 0.0
0.0 24.0 0.0
20.264997 14.640008 0.0
0.0 24.0 0.0
0.0 27.0 0.0
