0.0 0.0 0.0
0.0 3.0 0.0
0.0 3.0 0.0
-1.5070367 3.705245 0.0
0.0 3.0 0.0
0.0 6.0 0.0
0.0 6.0 0.0
2.8256938 6.9473343 0.0
0.0 6.0 0.0
0.0 9.0 0.0
0.0 9.0 0.0
-3.9559712 9.726268 0.0
-3.9559712 9.726268 0.0
-9.050173 5.2263947 2.7612383
-3.9559712 9.726268 0.0
-7.6240306 9.018399 1.4904485
-7.6240306 9.018399 1.4904485
-7.6240306 9.768399 1.4904485
-7.6240306 9.018399 1.4904485
-9.796182 6.830963 4.2530427
0.0 9.0 0.0
0.0 12.0 0.0
0.0 12.0 0.0
-5.086249 12.505202 0.0
0.0 12.0 0.0
0.0 15.0 0.0
0.0 15.0 0.0
6.2165265 15.284136 0.0
0.0 15.0 0.0
0.0 18.0 0.0
0.0 18.0 0.0
7.1584244 17.599915 0.0
7.1584244 17.599915 0.0
7.1584244 18.349915 0.0
7.1584244 17.599915 0.0
13.338371 15.194203 2.697002
13.338371 15.194203 2.697002
16.330048 5.766312 11.24142
13.338371 15.194203 2.697002
16.605093 10.7286625 7.5236173
0.0 18.0 0.0
0.0 21.0 0.0
0.0 21.0 0.0
-8.137999 20.008324 0.0
0.0 21.0 0.0
0.0 24.0 0.0
0.0 24.0 0.0
9.41898 23.157782 0.0
0.0 24.0 0.0
0.0 27.0 0.0
