0.0 0.0 0.0
0.0 3.0 0.0
0.0 3.0 0.0
-3.2292233 2.3605332 0.0
0.0 3.0 0.0
0.0 6.0 0.0
0.0 6.0 0.0
5.6511407 4.1309333 0.0
0.0 6.0 0.0
0.0 9.0 0.0
0.0 9.0 0.0
-7.750136 5.66528 0.0
-7.750136 5.66528 0.0
-6.4295087 0.42062962 7.384609
-7.750136 5.66528 0.0
-8.07996 0.24109912 6.2567296
-8.07996 0.24109912 6.2567296
-8.07996 0.5744325 6.2567296
-8.07996 0.24109912 6.2567296
-1.2386857 1.2558196 10.215303
0.0 9.0 0.0
0.0 12.0 0.0
0.0 12.0 0.0
-10.494976 7.671733 0.0
0.0 12.0 0.0
0.0 15.0 0.0
0.0 15.0 0.0
12.593971 9.2060795 0.0
0.0 15.0 0.0
0.0 18.0 0.0
0.0 18.0 0.0
15.742463 11.5076 0.0
15.742463 11.5076 0.0
15.742463 12.2576 0.0
15.742463 11.5076 0.0
15.5798855 -0.118842125 12.7089815
15.5798855 -0.118842125 12.7089815
5.111141 16.043354 10.988089
15.5798855 -0.118842125 12.7089815
0.082384765 1.3804477 20.077724
0.0 18.0 0.0
0.0 21.0 0.0
0.0 21.0 0.0
-17.437805 12.74688 0.0
0.0 21.0 0.0
0.0 24.0 0.0
0.0 24.0 0.0
19.859724 14.51728 0.0
0.0 24.0 0.0
0.0 27.0 0.0
