0.0 0.0 0.0
0.0 3.0 0.0
0.0 3.0 0.0
-1.2728169 4.3162413 0.0
0.0 3.0 0.0
0.0 6.0 0.0
0.0 6.0 0.0
1.8667982 6.330487 0.0
0.0 6.0 0.0
0.0 9.0 0.0
0.0 9.0 0.0
-2.715343 9.207981 0.0
-2.715343 9.207981 0.0
-6.977243 6.597854 1.4733343
-2.715343 9.207981 0.0
-5.272277 8.670803 0.7680299
-5.272277 8.670803 0.7680299
-5.272277 9.004136 0.7680299
-5.272277 8.670803 0.7680299
-7.264343 7.5233135 2.2279212
0.0 9.0 0.0
0.0 12.0 0.0
0.0 12.0 0.0
-3.5638876 12.085475 0.0
0.0 12.0 0.0
0.0 15.0 0.0
0.0 15.0 0.0
4.412432 14.96297 0.0
0.0 15.0 0.0
0.0 18.0 0.0
0.0 18.0 0.0
5.51554 18.70371 0.0
5.51554 18.70371 0.0
5.51554 19.45371 0.0
5.51554 18.70371 0.0
10.647439 17.402748 1.5600606
10.647439 17.402748 1.5600606
16.309456 10.325437 7.0877
10.647439 17.402748 1.5600606
14.464415 14.503781 4.507964
0.0 18.0 0.0
0.0 21.0 0.0
0.0 21.0 0.0
-6.1095214 20.717957 0.0
0.0 21.0 0.0
0.0 24.0 0.0
0.0 24.0 0.0
7.2126293 24.4587 0.0
0.0 24.0 0.0
0.0 27.0 0.0
