0.0 0.0 0.0
0.0 3.0 0.0
0.0 3.0 0.0
-3.0303602 3.3266978 0.0
0.0 3.0 0.0
0.0 6.0 0.0
0.0 6.0 0.0
4.713894 5.174863 0.0
0.0 6.0 0.0
0.0 9.0 0.0
0.0 9.0 0.0
-6.464769 7.0969553 0.0
-6.464769 7.0969553 0.0
-7.454015 0.09242928 6.4367337
-6.464769 7.0969553 0.0
-8.716322 2.4717312 4.3534617
-8.716322 2.4717312 4.3534617
-8.716322 3.2217312 4.3534617
-8.716322 2.4717312 4.3534617
-5.2709217 0.5711372 9.088055
0.0 9.0 0.0
0.0 12.0 0.0
0.0 12.0 0.0
-8.485009 9.314754 0.0
0.0 12.0 0.0
0.0 15.0 0.0
0.0 15.0 0.0
10.774614 11.8282585 0.0
0.0 15.0 0.0
0.0 18.0 0.0
0.0 18.0 0.0
12.794854 14.046057 0.0
12.794854 14.046057 0.0
12.794854 14.166057 0.0
12.794854 14.046057 0.0
16.855423 4.45765 8.616226
16.855423 4.45765 8.616226
4.532858 7.464879 17.583885
16.855423 4.45765 8.616226
8.328191 -0.74488044 17.720352
0.0 18.0 0.0
0.0 21.0 0.0
0.0 21.0 0.0
-14.815095 16.263855 0.0
0.0 21.0 0.0
0.0 24.0 0.0
0.0 24.0 0.0
16.56597 18.185947 0.0
0.0 24.0 0.0
0.0 27.0 0.0
