0.0 0.0 0.0
0.0 3.0 0.0
0.0 3.0 0.0
-2.9925866 2.001106 0.0
0.0 3.0 0.0
0.0 6.0 0.0
0.0 6.0 0.0
5.8189187 3.8910394 0.0
0.0 6.0 0.0
0.0 9.0 0.0
0.0 9.0 0.0
-8.312741 5.558628 0.0
-8.312741 5.558628 0.0
-6.6582875 0.6839335 7.6822085
-8.312741 5.558628 0.0
-7.6880074 -0.4177525 6.9101663
-7.6880074 -0.4177525 6.9101663
-7.6880074 -0.2977525 6.9101663
-7.6880074 -0.4177525 6.9101663
0.3335363 1.5462587 10.231946
0.0 9.0 0.0
0.0 12.0 0.0
0.0 12.0 0.0
-11.2222 7.5041475 0.0
0.0 12.0 0.0
0.0 15.0 0.0
0.0 15.0 0.0
13.7160225 9.171736 0.0
0.0 15.0 0.0
0.0 18.0 0.0
0.0 18.0 0.0
15.794208 10.561393 0.0
15.794208 10.561393 0.0
15.794208 11.311393 0.0
15.794208 10.561393 0.0
14.158325 -1.093895 13.129315
14.158325 -1.093895 13.129315
5.801751 16.583836 8.0685625
14.158325 -1.093895 13.129315
-2.1025937 2.2558384 19.067547
0.0 18.0 0.0
0.0 21.0 0.0
0.0 21.0 0.0
-17.95552 12.006637 0.0
0.0 21.0 0.0
0.0 24.0 0.0
0.0 24.0 0.0
20.781853 13.896569 0.0
0.0 24.0 0.0
0.0 27.0 0.0
