0.0 0.0 0.0
0.0 3.0 0.0
0.0 3.0 0.0
-1.5418354 3.6909 0.0
0.0 3.0 0.0
0.0 6.0 0.0
0.0 6.0 0.0
2.8909414 6.920438 0.0
0.0 6.0 0.0
0.0 9.0 0.0
0.0 9.0 0.0
-3.8545885 9.22725 0.0
-3.8545885 9.22725 0.0
-9.001389 5.0852847 2.7419426
-3.8545885 9.22725 0.0
-7.0698805 7.696879 1.4857852
-7.0698805 7.696879 1.4857852
-7.0698805 7.816879 1.4857852
-7.0698805 7.696879 1.4857852
-8.6891 5.3619313 4.096119
0.0 9.0 0.0
0.0 12.0 0.0
0.0 12.0 0.0
-4.856782 11.626336 0.0
0.0 12.0 0.0
0.0 15.0 0.0
0.0 15.0 0.0
6.360071 15.224963 0.0
0.0 15.0 0.0
0.0 18.0 0.0
0.0 18.0 0.0
7.5164475 17.993137 0.0
7.5164475 17.993137 0.0
7.5164475 18.743137 0.0
7.5164475 17.993137 0.0
13.913467 15.313411 2.8972812
13.913467 15.313411 2.8972812
16.554787 5.5070314 11.933611
13.913467 15.313411 2.8972812
16.949707 10.165539 8.036463
0.0 18.0 0.0
0.0 21.0 0.0
0.0 21.0 0.0
-8.480095 20.29995 0.0
0.0 21.0 0.0
0.0 24.0 0.0
0.0 24.0 0.0
9.829201 23.529488 0.0
0.0 24.0 0.0
0.0 27.0 0.0
