0.0 0.0 0.0
0.0 3.0 0.0
0.0 3.0 0.0
-3.015688 2.6278558 0.0
0.0 3.0 0.0
0.0 6.0 0.0
0.0 6.0 0.0
4.975885 4.335962 0.0
0.0 6.0 0.0
0.0 9.0 0.0
0.0 9.0 0.0
-7.53922 6.569639 0.0
-7.53922 6.569639 0.0
-7.3919125 0.02034235 7.4683447
-7.53922 6.569639 0.0
-8.960857 1.2388077 5.683984
-8.960857 1.2388077 5.683984
-8.960857 1.3588077 5.683984
-8.960857 1.2388077 5.683984
-2.4385633 4.887581E-4 10.48996
0.0 9.0 0.0
0.0 12.0 0.0
0.0 12.0 0.0
-9.499417 8.277746 0.0
0.0 12.0 0.0
0.0 15.0 0.0
0.0 15.0 0.0
11.761184 10.248638 0.0
0.0 15.0 0.0
0.0 18.0 0.0
0.0 18.0 0.0
14.324518 12.482315 0.0
14.324518 12.482315 0.0
14.324518 12.602315 0.0
14.324518 12.482315 0.0
16.3471 1.7624674 10.799569
16.3471 1.7624674 10.799569
4.258214 12.468982 14.716077
16.3471 1.7624674 10.799569
3.789098 -0.14341247 19.419365
0.0 18.0 0.0
0.0 21.0 0.0
0.0 21.0 0.0
-16.963245 14.781689 0.0
0.0 21.0 0.0
0.0 24.0 0.0
0.0 24.0 0.0
19.22501 16.75258 0.0
0.0 24.0 0.0
0.0 27.0 0.0
