0.0 0.0 0.0
0.0 3.0 0.0
0.0 3.0 0.0
-1.6175379 3.2161422 0.0
0.0 3.0 0.0
0.0 6.0 0.0
0.0 6.0 0.0
3.1452127 6.2536097 0.0
0.0 6.0 0.0
0.0 9.0 0.0
0.0 9.0 0.0
-4.7178187 9.380415 0.0
-4.7178187 9.380415 0.0
-9.475468 3.5333903 3.787529
-4.7178187 9.380415 0.0
-8.429449 7.379816 2.1197917
-8.429449 7.379816 2.1197917
-8.429449 8.129816 2.1197917
-8.429449 7.379816 2.1197917
-9.641957 4.530616 5.6812515
0.0 9.0 0.0
0.0 12.0 0.0
0.0 12.0 0.0
-6.0657673 12.060534 0.0
0.0 12.0 0.0
0.0 15.0 0.0
0.0 15.0 0.0
7.4137154 14.740652 0.0
0.0 15.0 0.0
0.0 18.0 0.0
0.0 18.0 0.0
8.761663 17.42077 0.0
8.761663 17.42077 0.0
8.761663 17.540771 0.0
8.761663 17.42077 0.0
15.494222 13.3863125 3.9367564
15.494222 13.3863125 3.9367564
14.466723 3.1736584 14.786184
15.494222 13.3863125 3.9367564
17.070206 7.070278 10.478794
0.0 18.0 0.0
0.0 21.0 0.0
0.0 21.0 0.0
-9.705228 19.296854 0.0
0.0 21.0 0.0
0.0 24.0 0.0
0.0 24.0 0.0
11.232903 22.33432 0.0
0.0 24.0 0.0
0.0 27.0 0.0
