0.0 0.0 0.0
0.0 3.0 0.0
0.0 3.0 0.0
-1.2759745 3.7910275 0.0
0.0 3.0 0.0
0.0 6.0 0.0
0.0 6.0 0.0
2.105358 6.255195 0.0
0.0 6.0 0.0
0.0 9.0 0.0
0.0 9.0 0.0
-3.3494332 9.9514475 0.0
-3.3494332 9.9514475 0.0
-8.34361 6.578595 2.0252576
-3.3494332 9.9514475 0.0
-6.3744497 8.987578 1.0684478
-6.3744497 8.987578 1.0684478
-6.3744497 9.107578 1.0684478
-6.3744497 8.987578 1.0684478
-8.748254 8.12122 3.0460377
0.0 9.0 0.0
0.0 12.0 0.0
0.0 12.0 0.0
-4.306414 12.794718 0.0
0.0 12.0 0.0
0.0 15.0 0.0
0.0 15.0 0.0
5.103898 15.16411 0.0
0.0 15.0 0.0
0.0 18.0 0.0
0.0 18.0 0.0
6.2203755 18.481258 0.0
6.2203755 18.481258 0.0
6.2203755 18.814592 0.0
6.2203755 18.481258 0.0
11.801807 16.582901 1.9842602
11.801807 16.582901 1.9842602
17.011786 8.84712 8.716478
11.801807 16.582901 1.9842602
15.769325 13.772083 5.6452975
0.0 18.0 0.0
0.0 21.0 0.0
0.0 21.0 0.0
-7.01786 20.85065 0.0
0.0 21.0 0.0
0.0 24.0 0.0
0.0 24.0 0.0
7.9748406 23.693922 0.0
0.0 24.0 0.0
0.0 27.0 0.0
