0.0 0.0 0.0
0.0 3.0 0.0
0.0 3.0 0.0
-3.058161 1.8993814 0.0
0.0 3.0 0.0
0.0 6.0 0.0
0.0 6.0 0.0
6.371169 3.9570446 0.0
0.0 6.0 0.0
0.0 9.0 0.0
0.0 9.0 0.0
-8.919637 5.5398626 0.0
-8.919637 5.5398626 0.0
-7.3907332 0.7560401 7.9954834
-8.919637 5.5398626 0.0
-7.6986885 -0.7583134 7.577135
-7.6986885 -0.7583134 7.577135
-7.6986885 -0.008313417 7.577135
-7.6986885 -0.7583134 7.577135
1.0476594 2.1448998 10.537694
0.0 9.0 0.0
0.0 12.0 0.0
0.0 12.0 0.0
-11.04336 6.858877 0.0
0.0 12.0 0.0
0.0 15.0 0.0
0.0 15.0 0.0
13.591827 8.441695 0.0
0.0 15.0 0.0
0.0 18.0 0.0
0.0 18.0 0.0
16.56504 10.288316 0.0
16.56504 10.288316 0.0
16.56504 11.038316 0.0
16.56504 10.288316 0.0
13.860685 -1.679637 14.071823
13.860685 -1.679637 14.071823
7.481337 17.2264 6.1870646
13.860685 -1.679637 14.071823
-3.365697 3.3727565 19.19888
0.0 18.0 0.0
0.0 21.0 0.0
0.0 21.0 0.0
-19.113506 11.871134 0.0
0.0 21.0 0.0
0.0 24.0 0.0
0.0 24.0 0.0
21.661976 13.453952 0.0
0.0 24.0 0.0
0.0 27.0 0.0
