0.0 0.0 0.0
0.0 3.0 0.0
0.0 3.0 0.0
-3.4131641 2.0857396 0.0
0.0 3.0 0.0
0.0 6.0 0.0
0.0 6.0 0.0
5.6317205 3.4414704 0.0
0.0 6.0 0.0
0.0 9.0 0.0
0.0 9.0 0.0
-8.191594 5.0057755 0.0
-8.191594 5.0057755 0.0
-6.2661877 0.9871001 7.2894664
-8.191594 5.0057755 0.0
-7.7785683 -0.25239468 6.989814
-7.7785683 -0.25239468 6.989814
-7.7785683 0.49760532 6.989814
-7.7785683 -0.25239468 6.989814
0.6984606 1.8096132 10.282116
0.0 9.0 0.0
0.0 12.0 0.0
0.0 12.0 0.0
-11.092783 6.7786536 0.0
0.0 12.0 0.0
0.0 15.0 0.0
0.0 15.0 0.0
13.31134 8.134385 0.0
0.0 15.0 0.0
0.0 18.0 0.0
0.0 18.0 0.0
16.21253 9.907263 0.0
16.21253 9.907263 0.0
16.21253 10.027263 0.0
16.21253 9.907263 0.0
13.373849 -1.7346802 13.834006
13.373849 -1.7346802 13.834006
7.523426 16.83335 5.5897784
13.373849 -1.7346802 13.834006
-3.487182 3.5304523 18.625319
0.0 18.0 0.0
0.0 21.0 0.0
0.0 21.0 0.0
-19.199049 11.7322855 0.0
0.0 21.0 0.0
0.0 24.0 0.0
0.0 24.0 0.0
21.75892 13.29659 0.0
0.0 24.0 0.0
0.0 27.0 0.0
