0.0 0.0 0.0
0.0 3.0 0.0
0.0 3.0 0.0
-2.7786357 2.877357 0.0
0.0 3.0 0.0
0.0 6.0 0.0
0.0 6.0 0.0
4.8626127 5.0353746 0.0
0.0 6.0 0.0
0.0 9.0 0.0
0.0 9.0 0.0
-7.2939186 7.553062 0.0
-7.2939186 7.553062 0.0
-7.890475 0.020831257 7.289476
-7.2939186 7.553062 0.0
-10.063021 2.8674855 5.066786
-10.063021 2.8674855 5.066786
-10.063021 3.2008188 5.066786
-10.063021 2.8674855 5.066786
-5.7091627 0.5582411 10.635105
0.0 9.0 0.0
0.0 12.0 0.0
0.0 12.0 0.0
-9.030566 9.35141 0.0
0.0 12.0 0.0
0.0 15.0 0.0
0.0 15.0 0.0
10.836679 11.221693 0.0
0.0 15.0 0.0
0.0 18.0 0.0
0.0 18.0 0.0
13.545849 14.027116 0.0
13.545849 14.027116 0.0
13.545849 14.777116 0.0
13.545849 14.027116 0.0
17.170143 3.7530603 9.409745
17.170143 3.7530603 9.409745
3.776635 8.942054 17.488066
17.170143 3.7530603 9.409745
7.484422 -0.6200974 18.696192
0.0 18.0 0.0
0.0 21.0 0.0
0.0 21.0 0.0
-15.282496 15.825463 0.0
0.0 21.0 0.0
0.0 24.0 0.0
0.0 24.0 0.0
17.713802 18.343151 0.0
0.0 24.0 0.0
0.0 27.0 0.0
