0.0 0.0 0.00 46.0 1.0
0.0 3.0 0.00 46.0 1.0
0.0 3.0 0.01 0.0 2.0
0.0 6.0 0.01 0.0 2.0
0.0 3.0 0.02 45.0 2.0
0.0 6.0 0.02 45.0 2.0
0.0 6.0 0.03 0.0 3.0
0.0 9.0 0.03 0.0 3.0
0.0 9.0 0.04 0.0 4.0
0.0 12.0 0.04 0.0 4.0
0.0 9.0 0.05 0.0 4.0
0.0 12.0 0.05 0.0 4.0
0.0 6.0 0.06 44.0 3.0
0.0 9.0 0.06 44.0 3.0
0.0 9.0 0.07 0.0 4.0
0.0 12.0 0.07 0.0 4.0
0.0 9.0 0.08 43.0 4.0
0.0 12.0 0.08 43.0 4.0
0.0 12.0 0.09 2.0 5.0
0.0 15.0 0.09 2.0 5.0
0.0 15.0 0.010 0.0 6.0
0.0 18.0 0.010 0.0 6.0
0.0 15.0 0.011 1.0 6.0
0.0 18.0 0.011 1.0 6.0
0.0 18.0 0.012 0.0 7.0
0.0 21.0 0.012 0.0 7.0
0.0 21.0 0.013 0.0 8.0
0.0 24.0 0.013 0.0 8.0
0.0 21.0 0.014 0.0 8.0
0.0 24.0 0.014 0.0 8.0
0.0 18.0 0.015 0.0 7.0
0.0 21.0 0.015 0.0 7.0
0.0 21.0 0.016 0.0 8.0
0.0 24.0 0.016 0.0 8.0
0.0 21.0 0.017 0.0 8.0
0.0 24.0 0.017 0.0 8.0
0.0 12.0 0.018 42.0 5.0
0.0 15.0 0.018 42.0 5.0
0.0 15.0 0.019 0.0 6.0
0.0 18.0 0.019 0.0 6.0
0.0 15.0 0.020 41.0 6.0
0.0 18.0 0.020 41.0 6.0
0.0 18.0 0.021 0.0 7.0
0.0 21.0 0.021 0.0 7.0
0.0 21.0 0.022 0.0 8.0
0.0 24.0 0.022 0.0 8.0
0.0 21.0 0.023 0.0 8.0
0.0 24.0 0.023 0.0 8.0
0.0 18.0 0.024 40.0 7.0
0.0 21.0 0.024 40.0 7.0
0.0 21.0 0.025 0.0 8.0
0.0 24.0 0.025 0.0 8.0
0.0 21.0 0.026 39.0 8.0
0.0 24.0 0.026 39.0 8.0
0.0 24.0 0.027 6.0 9.0
0.0 27.0 0.027 6.0 9.0
0.0 27.0 0.028 0.0 10.0
0.0 30.0 0.028 0.0 10.0
0.0 27.0 0.029 5.0 10.0
0.0 30.0 0.029 5.0 10.0
0.0 30.0 0.030 0.0 11.0
0.0 33.0 0.030 0.0 11.0
0.0 33.0 0.031 0.0 12.0
0.0 36.0 0.031 0.0 12.0
0.0 33.0 0.032 0.0 12.0
0.0 36.0 0.032 0.0 12.0
0.0 30.0 0.033 4.0 11.0
0.0 33.0 0.033 4.0 11.0
0.0 33.0 0.034 0.0 12.0
0.0 36.0 0.034 0.0 12.0
0.0 33.0 0.035 3.0 12.0
0.0 36.0 0.035 3.0 12.0
0.0 36.0 0.036 2.0 13.0
0.0 39.0 0.036 2.0 13.0
0.0 39.0 0.037 0.0 14.0
0.0 42.0 0.037 0.0 14.0
0.0 39.0 0.038 1.0 14.0
0.0 42.0 0.038 1.0 14.0
0.0 42.0 0.039 0.0 15.0
0.0 45.0 0.039 0.0 15.0
0.0 45.0 0.040 0.0 16.0
0.0 48.0 0.040 0.0 16.0
0.0 45.0 0.041 0.0 16.0
0.0 48.0 0.041 0.0 16.0
0.0 42.0 0.042 0.0 15.0
0.0 45.0 0.042 0.0 15.0
0.0 45.0 0.043 0.0 16.0
0.0 48.0 0.043 0.0 16.0
0.0 45.0 0.044 0.0 16.0
0.0 48.0 0.044 0.0 16.0
0.0 36.0 0.045 2.0 13.0
0.0 39.0 0.045 2.0 13.0
0.0 39.0 0.046 0.0 14.0
0.0 42.0 0.046 0.0 14.0
0.0 39.0 0.047 1.0 14.0
0.0 42.0 0.047 1.0 14.0
0.0 42.0 0.048 0.0 15.0
0.0 45.0 0.048 0.0 15.0
0.0 45.0 0.049 0.0 16.0
0.0 48.0 0.049 0.0 16.0
0.0 45.0 0.050 0.0 16.0
0.0 48.0 0.050 0.0 16.0
0.0 42.0 0.051 0.0 15.0
0.0 45.0 0.051 0.0 15.0
0.0 45.0 0.052 0.0 16.0
0.0 48.0 0.052 0.0 16.0
0.0 45.0 0.053 0.0 16.0
0.0 48.0 0.053 0.0 16.0
0.0 24.0 0.054 38.0 9.0
0.0 27.0 0.054 38.0 9.0
0.0 27.0 0.055 0.0 10.0
0.0 30.0 0.055 0.0 10.0
0.0 27.0 0.056 37.0 10.0
0.0 30.0 0.056 37.0 10.0
0.0 30.0 0.057 0.0 11.0
0.0 33.0 0.057 0.0 11.0
0.0 33.0 0.058 0.0 12.0
0.0 36.0 0.058 0.0 12.0
0.0 33.0 0.059 0.0 12.0
0.0 36.0 0.059 0.0 12.0
0.0 30.0 0.060 36.0 11.0
0.0 33.0 0.060 36.0 11.0
0.0 33.0 0.061 0.0 12.0
0.0 36.0 0.061 0.0 12.0
0.0 33.0 0.062 35.0 12.0
0.0 36.0 0.062 35.0 12.0
0.0 36.0 0.063 2.0 13.0
0.0 39.0 0.063 2.0 13.0
0.0 39.0 0.064 0.0 14.0
0.0 42.0 0.064 0.0 14.0
0.0 39.0 0.065 1.0 14.0
0.0 42.0 0.065 1.0 14.0
0.0 42.0 0.066 0.0 15.0
0.0 45.0 0.066 0.0 15.0
0.0 45.0 0.067 0.0 16.0
0.0 48.0 0.067 0.0 16.0
0.0 45.0 0.068 0.0 16.0
0.0 48.0 0.068 0.0 16.0
0.0 42.0 0.069 0.0 15.0
0.0 45.0 0.069 0.0 15.0
0.0 45.0 0.070 0.0 16.0
0.0 48.0 0.070 0.0 16.0
0.0 45.0 0.071 0.0 16.0
0.0 48.0 0.071 0.0 16.0
0.0 36.0 0.072 34.0 13.0
0.0 39.0 0.072 34.0 13.0
0.0 39.0 0.073 0.0 14.0
0.0 42.0 0.073 0.0 14.0
0.0 39.0 0.074 33.0 14.0
0.0 42.0 0.074 33.0 14.0
0.0 42.0 0.075 0.0 15.0
0.0 45.0 0.075 0.0 15.0
0.0 45.0 0.076 0.0 16.0
0.0 48.0 0.076 0.0 16.0
0.0 45.0 0.077 0.0 16.0
0.0 48.0 0.077 0.0 16.0
0.0 42.0 0.078 32.0 15.0
0.0 45.0 0.078 32.0 15.0
0.0 45.0 0.079 0.0 16.0
0.0 48.0 0.079 0.0 16.0
0.0 45.0 0.080 31.0 16.0
0.0 48.0 0.080 31.0 16.0
0.0 48.0 0.081 6.0 17.0
0.0 51.0 0.081 6.0 17.0
0.0 51.0 0.082 0.0 18.0
0.0 54.0 0.082 0.0 18.0
0.0 51.0 0.083 5.0 18.0
0.0 54.0 0.083 5.0 18.0
0.0 54.0 0.084 0.0 19.0
0.0 57.0 0.084 0.0 19.0
0.0 57.0 0.085 0.0 20.0
0.0 60.0 0.085 0.0 20.0
0.0 57.0 0.086 0.0 20.0
0.0 60.0 0.086 0.0 20.0
0.0 54.0 0.087 4.0 19.0
0.0 57.0 0.087 4.0 19.0
0.0 57.0 0.088 0.0 20.0
0.0 60.0 0.088 0.0 20.0
0.0 57.0 0.089 3.0 20.0
0.0 60.0 0.089 3.0 20.0
0.0 60.0 0.090 2.0 21.0
0.0 63.0 0.090 2.0 21.0
0.0 63.0 0.091 0.0 22.0
0.0 66.0 0.091 0.0 22.0
0.0 63.0 0.092 1.0 22.0
0.0 66.0 0.092 1.0 22.0
0.0 66.0 0.093 0.0 23.0
0.0 69.0 0.093 0.0 23.0
0.0 69.0 0.094 0.0 24.0
0.0 72.0 0.094 0.0 24.0
0.0 69.0 0.095 0.0 24.0
0.0 72.0 0.095 0.0 24.0
0.0 66.0 0.096 0.0 23.0
0.0 69.0 0.096 0.0 23.0
0.0 69.0 0.097 0.0 24.0
0.0 72.0 0.097 0.0 24.0
0.0 69.0 0.098 0.0 24.0
0.0 72.0 0.098 0.0 24.0
0.0 60.0 0.099 2.0 21.0
0.0 63.0 0.099 2.0 21.0
0.0 63.0 0.0100 0.0 22.0
0.0 66.0 0.0100 0.0 22.0
0.0 63.0 0.0101 1.0 22.0
0.0 66.0 0.0101 1.0 22.0
0.0 66.0 0.0102 0.0 23.0
0.0 69.0 0.0102 0.0 23.0
0.0 69.0 0.0103 0.0 24.0
0.0 72.0 0.0103 0.0 24.0
0.0 69.0 0.0104 0.0 24.0
0.0 72.0 0.0104 0.0 24.0
0.0 66.0 0.0105 0.0 23.0
0.0 69.0 0.0105 0.0 23.0
0.0 69.0 0.0106 0.0 24.0
0.0 72.0 0.0106 0.0 24.0
0.0 69.0 0.0107 0.0 24.0
0.0 72.0 0.0107 0.0 24.0
0.0 48.0 0.0108 30.0 17.0
0.0 51.0 0.0108 30.0 17.0
0.0 51.0 0.0109 0.0 18.0
0.0 54.0 0.0109 0.0 18.0
0.0 51.0 0.0110 29.0 18.0
0.0 54.0 0.0110 29.0 18.0
0.0 54.0 0.0111 0.0 19.0
0.0 57.0 0.0111 0.0 19.0
0.0 57.0 0.0112 0.0 20.0
0.0 60.0 0.0112 0.0 20.0
0.0 57.0 0.0113 0.0 20.0
0.0 60.0 0.0113 0.0 20.0
0.0 54.0 0.0114 28.0 19.0
0.0 57.0 0.0114 28.0 19.0
0.0 57.0 0.0115 0.0 20.0
0.0 60.0 0.0115 0.0 20.0
0.0 57.0 0.0116 27.0 20.0
0.0 60.0 0.0116 27.0 20.0
0.0 60.0 0.0117 2.0 21.0
0.0 63.0 0.0117 2.0 21.0
0.0 63.0 0.0118 0.0 22.0
0.0 66.0 0.0118 0.0 22.0
0.0 63.0 0.0119 1.0 22.0
0.0 66.0 0.0119 1.0 22.0
0.0 66.0 0.0120 0.0 23.0
0.0 69.0 0.0120 0.0 23.0
0.0 69.0 0.0121 0.0 24.0
0.0 72.0 0.0121 0.0 24.0
0.0 69.0 0.0122 0.0 24.0
0.0 72.0 0.0122 0.0 24.0
0.0 66.0 0.0123 0.0 23.0
0.0 69.0 0.0123 0.0 23.0
0.0 69.0 0.0124 0.0 24.0
0.0 72.0 0.0124 0.0 24.0
0.0 69.0 0.0125 0.0 24.0
0.0 72.0 0.0125 0.0 24.0
0.0 60.0 0.0126 26.0 21.0
0.0 63.0 0.0126 26.0 21.0
0.0 63.0 0.0127 0.0 22.0
0.0 66.0 0.0127 0.0 22.0
0.0 63.0 0.0128 25.0 22.0
0.0 66.0 0.0128 25.0 22.0
0.0 66.0 0.0129 0.0 23.0
0.0 69.0 0.0129 0.0 23.0
0.0 69.0 0.0130 0.0 24.0
0.0 72.0 0.0130 0.0 24.0
0.0 69.0 0.0131 0.0 24.0
0.0 72.0 0.0131 0.0 24.0
0.0 66.0 0.0132 24.0 23.0
0.0 69.0 0.0132 24.0 23.0
0.0 69.0 0.0133 0.0 24.0
0.0 72.0 0.0133 0.0 24.0
0.0 69.0 0.0134 23.0 24.0
0.0 72.0 0.0134 23.0 24.0
0.0 72.0 0.0135 22.0 25.0
0.0 75.0 0.0135 22.0 25.0
0.0 75.0 0.0136 0.0 26.0
0.0 78.0 0.0136 0.0 26.0
0.0 75.0 0.0137 21.0 26.0
0.0 78.0 0.0137 21.0 26.0
0.0 78.0 0.0138 0.0 27.0
0.0 81.0 0.0138 0.0 27.0
0.0 81.0 0.0139 0.0 28.0
0.0 84.0 0.0139 0.0 28.0
0.0 81.0 0.0140 0.0 28.0
0.0 84.0 0.0140 0.0 28.0
0.0 78.0 0.0141 20.0 27.0
0.0 81.0 0.0141 20.0 27.0
0.0 81.0 0.0142 0.0 28.0
0.0 84.0 0.0142 0.0 28.0
0.0 81.0 0.0143 19.0 28.0
0.0 84.0 0.0143 19.0 28.0
0.0 84.0 0.0144 2.0 29.0
0.0 87.0 0.0144 2.0 29.0
0.0 87.0 0.0145 0.0 30.0
0.0 90.0 0.0145 0.0 30.0
0.0 87.0 0.0146 1.0 30.0
0.0 90.0 0.0146 1.0 30.0
0.0 90.0 0.0147 0.0 31.0
0.0 93.0 0.0147 0.0 31.0
0.0 93.0 0.0148 0.0 32.0
0.0 96.0 0.0148 0.0 32.0
0.0 93.0 0.0149 0.0 32.0
0.0 96.0 0.0149 0.0 32.0
0.0 90.0 0.0150 0.0 31.0
0.0 93.0 0.0150 0.0 31.0
0.0 93.0 0.0151 0.0 32.0
0.0 96.0 0.0151 0.0 32.0
0.0 93.0 0.0152 0.0 32.0
0.0 96.0 0.0152 0.0 32.0
0.0 84.0 0.0153 18.0 29.0
0.0 87.0 0.0153 18.0 29.0
0.0 87.0 0.0154 0.0 30.0
0.0 90.0 0.0154 0.0 30.0
0.0 87.0 0.0155 17.0 30.0
0.0 90.0 0.0155 17.0 30.0
0.0 90.0 0.0156 0.0 31.0
0.0 93.0 0.0156 0.0 31.0
0.0 93.0 0.0157 0.0 32.0
0.0 96.0 0.0157 0.0 32.0
0.0 93.0 0.0158 0.0 32.0
0.0 96.0 0.0158 0.0 32.0
0.0 90.0 0.0159 16.0 31.0
0.0 93.0 0.0159 16.0 31.0
0.0 93.0 0.0160 0.0 32.0
0.0 96.0 0.0160 0.0 32.0
0.0 93.0 0.0161 15.0 32.0
0.0 96.0 0.0161 15.0 32.0
0.0 96.0 0.0162 6.0 33.0
0.0 99.0 0.0162 6.0 33.0
0.0 99.0 0.0163 0.0 34.0
0.0 102.0 0.0163 0.0 34.0
0.0 99.0 0.0164 5.0 34.0
0.0 102.0 0.0164 5.0 34.0
0.0 102.0 0.0165 0.0 35.0
0.0 105.0 0.0165 0.0 35.0
0.0 105.0 0.0166 0.0 36.0
0.0 108.0 0.0166 0.0 36.0
0.0 105.0 0.0167 0.0 36.0
0.0 108.0 0.0167 0.0 36.0
0.0 102.0 0.0168 4.0 35.0
0.0 105.0 0.0168 4.0 35.0
0.0 105.0 0.0169 0.0 36.0
0.0 108.0 0.0169 0.0 36.0
0.0 105.0 0.0170 3.0 36.0
0.0 108.0 0.0170 3.0 36.0
0.0 108.0 0.0171 2.0 37.0
0.0 111.0 0.0171 2.0 37.0
0.0 111.0 0.0172 0.0 38.0
0.0 114.0 0.0172 0.0 38.0
0.0 111.0 0.0173 1.0 38.0
0.0 114.0 0.0173 1.0 38.0
0.0 114.0 0.0174 0.0 39.0
0.0 117.0 0.0174 0.0 39.0
0.0 117.0 0.0175 0.0 40.0
0.0 120.0 0.0175 0.0 40.0
0.0 117.0 0.0176 0.0 40.0
0.0 120.0 0.0176 0.0 40.0
0.0 114.0 0.0177 0.0 39.0
0.0 117.0 0.0177 0.0 39.0
0.0 117.0 0.0178 0.0 40.0
0.0 120.0 0.0178 0.0 40.0
0.0 117.0 0.0179 0.0 40.0
0.0 120.0 0.0179 0.0 40.0
0.0 108.0 0.0180 2.0 37.0
0.0 111.0 0.0180 2.0 37.0
0.0 111.0 0.0181 0.0 38.0
0.0 114.0 0.0181 0.0 38.0
0.0 111.0 0.0182 1.0 38.0
0.0 114.0 0.0182 1.0 38.0
0.0 114.0 0.0183 0.0 39.0
0.0 117.0 0.0183 0.0 39.0
0.0 117.0 0.0184 0.0 40.0
0.0 120.0 0.0184 0.0 40.0
0.0 117.0 0.0185 0.0 40.0
0.0 120.0 0.0185 0.0 40.0
0.0 114.0 0.0186 0.0 39.0
0.0 117.0 0.0186 0.0 39.0
0.0 117.0 0.0187 0.0 40.0
0.0 120.0 0.0187 0.0 40.0
0.0 117.0 0.0188 0.0 40.0
0.0 120.0 0.0188 0.0 40.0
0.0 96.0 0.0189 14.0 33.0
0.0 99.0 0.0189 14.0 33.0
0.0 99.0 0.0190 0.0 34.0
0.0 102.0 0.0190 0.0 34.0
0.0 99.0 0.0191 13.0 34.0
0.0 102.0 0.0191 13.0 34.0
0.0 102.0 0.0192 0.0 35.0
0.0 105.0 0.0192 0.0 35.0
0.0 105.0 0.0193 0.0 36.0
0.0 108.0 0.0193 0.0 36.0
0.0 105.0 0.0194 0.0 36.0
0.0 108.0 0.0194 0.0 36.0
0.0 102.0 0.0195 12.0 35.0
0.0 105.0 0.0195 12.0 35.0
0.0 105.0 0.0196 0.0 36.0
0.0 108.0 0.0196 0.0 36.0
0.0 105.0 0.0197 11.0 36.0
0.0 108.0 0.0197 11.0 36.0
0.0 108.0 0.0198 2.0 37.0
0.0 111.0 0.0198 2.0 37.0
0.0 111.0 0.0199 0.0 38.0
0.0 114.0 0.0199 0.0 38.0
0.0 111.0 0.0200 1.0 38.0
0.0 114.0 0.0200 1.0 38.0
0.0 114.0 0.0201 0.0 39.0
0.0 117.0 0.0201 0.0 39.0
0.0 117.0 0.0202 0.0 40.0
0.0 120.0 0.0202 0.0 40.0
0.0 117.0 0.0203 0.0 40.0
0.0 120.0 0.0203 0.0 40.0
0.0 114.0 0.0204 0.0 39.0
0.0 117.0 0.0204 0.0 39.0
0.0 117.0 0.0205 0.0 40.0
0.0 120.0 0.0205 0.0 40.0
0.0 117.0 0.0206 0.0 40.0
0.0 120.0 0.0206 0.0 40.0
0.0 108.0 0.0207 10.0 37.0
0.0 111.0 0.0207 10.0 37.0
0.0 111.0 0.0208 0.0 38.0
0.0 114.0 0.0208 0.0 38.0
0.0 111.0 0.0209 9.0 38.0
0.0 114.0 0.0209 9.0 38.0
0.0 114.0 0.0210 0.0 39.0
0.0 117.0 0.0210 0.0 39.0
0.0 117.0 0.0211 0.0 40.0
0.0 120.0 0.0211 0.0 40.0
0.0 117.0 0.0212 0.0 40.0
0.0 120.0 0.0212 0.0 40.0
0.0 114.0 0.0213 8.0 39.0
0.0 117.0 0.0213 8.0 39.0
0.0 117.0 0.0214 0.0 40.0
0.0 120.0 0.0214 0.0 40.0
0.0 117.0 0.0215 7.0 40.0
0.0 120.0 0.0215 7.0 40.0
0.0 120.0 0.0216 6.0 41.0
0.0 123.0 0.0216 6.0 41.0
0.0 123.0 0.0217 0.0 42.0
0.0 126.0 0.0217 0.0 42.0
0.0 123.0 0.0218 5.0 42.0
0.0 126.0 0.0218 5.0 42.0
0.0 126.0 0.0219 0.0 43.0
0.0 129.0 0.0219 0.0 43.0
0.0 129.0 0.0220 0.0 44.0
0.0 132.0 0.0220 0.0 44.0
0.0 129.0 0.0221 0.0 44.0
0.0 132.0 0.0221 0.0 44.0
0.0 126.0 0.0222 4.0 43.0
0.0 129.0 0.0222 4.0 43.0
0.0 129.0 0.0223 0.0 44.0
0.0 132.0 0.0223 0.0 44.0
0.0 129.0 0.0224 3.0 44.0
0.0 132.0 0.0224 3.0 44.0
0.0 132.0 0.0225 2.0 45.0
0.0 135.0 0.0225 2.0 45.0
0.0 135.0 0.0226 0.0 46.0
0.0 138.0 0.0226 0.0 46.0
0.0 135.0 0.0227 1.0 46.0
0.0 138.0 0.0227 1.0 46.0
0.0 138.0 0.0228 0.0 47.0
0.0 141.0 0.0228 0.0 47.0
0.0 141.0 0.0229 0.0 48.0
0.0 144.0 0.0229 0.0 48.0
0.0 141.0 0.0230 0.0 48.0
0.0 144.0 0.0230 0.0 48.0
0.0 138.0 0.0231 0.0 47.0
0.0 141.0 0.0231 0.0 47.0
0.0 141.0 0.0232 0.0 48.0
0.0 144.0 0.0232 0.0 48.0
0.0 141.0 0.0233 0.0 48.0
0.0 144.0 0.0233 0.0 48.0
0.0 132.0 0.0234 2.0 45.0
0.0 135.0 0.0234 2.0 45.0
0.0 135.0 0.0235 0.0 46.0
0.0 138.0 0.0235 0.0 46.0
0.0 135.0 0.0236 1.0 46.0
0.0 138.0 0.0236 1.0 46.0
0.0 138.0 0.0237 0.0 47.0
0.0 141.0 0.0237 0.0 47.0
0.0 141.0 0.0238 0.0 48.0
0.0 144.0 0.0238 0.0 48.0
0.0 141.0 0.0239 0.0 48.0
0.0 144.0 0.0239 0.0 48.0
0.0 138.0 0.0240 0.0 47.0
0.0 141.0 0.0240 0.0 47.0
0.0 141.0 0.0241 0.0 48.0
0.0 144.0 0.0241 0.0 48.0
0.0 141.0 0.0242 0.0 48.0
0.0 144.0 0.0242 0.0 48.0
0.0 120.0 0.0243 6.0 41.0
0.0 123.0 0.0243 6.0 41.0
0.0 123.0 0.0244 0.0 42.0
0.0 126.0 0.0244 0.0 42.0
0.0 123.0 0.0245 5.0 42.0
0.0 126.0 0.0245 5.0 42.0
0.0 126.0 0.0246 0.0 43.0
0.0 129.0 0.0246 0.0 43.0
0.0 129.0 0.0247 0.0 44.0
0.0 132.0 0.0247 0.0 44.0
0.0 129.0 0.0248 0.0 44.0
0.0 132.0 0.0248 0.0 44.0
0.0 126.0 0.0249 4.0 43.0
0.0 129.0 0.0249 4.0 43.0
0.0 129.0 0.0250 0.0 44.0
0.0 132.0 0.0250 0.0 44.0
0.0 129.0 0.0251 3.0 44.0
0.0 132.0 0.0251 3.0 44.0
0.0 132.0 0.0252 2.0 45.0
0.0 135.0 0.0252 2.0 45.0
0.0 135.0 0.0253 0.0 46.0
0.0 138.0 0.0253 0.0 46.0
0.0 135.0 0.0254 1.0 46.0
0.0 138.0 0.0254 1.0 46.0
0.0 138.0 0.0255 0.0 47.0
0.0 141.0 0.0255 0.0 47.0
0.0 141.0 0.0256 0.0 48.0
0.0 144.0 0.0256 0.0 48.0
0.0 141.0 0.0257 0.0 48.0
0.0 144.0 0.0257 0.0 48.0
0.0 138.0 0.0258 0.0 47.0
0.0 141.0 0.0258 0.0 47.0
0.0 141.0 0.0259 0.0 48.0
0.0 144.0 0.0259 0.0 48.0
0.0 141.0 0.0260 0.0 48.0
0.0 144.0 0.0260 0.0 48.0
0.0 132.0 0.0261 2.0 45.0
0.0 135.0 0.0261 2.0 45.0
0.0 135.0 0.0262 0.0 46.0
0.0 138.0 0.0262 0.0 46.0
0.0 135.0 0.0263 1.0 46.0
0.0 138.0 0.0263 1.0 46.0
0.0 138.0 0.0264 0.0 47.0
0.0 141.0 0.0264 0.0 47.0
0.0 141.0 0.0265 0.0 48.0
0.0 144.0 0.0265 0.0 48.0
0.0 141.0 0.0266 0.0 48.0
0.0 144.0 0.0266 0.0 48.0
0.0 138.0 0.0267 0.0 47.0
0.0 141.0 0.0267 0.0 47.0
0.0 141.0 0.0268 0.0 48.0
0.0 144.0 0.0268 0.0 48.0
0.0 141.0 0.0269 0.0 48.0
0.0 144.0 0.0269 0.0 48.0
0.0 72.0 0.0270 22.0 25.0
0.0 75.0 0.0270 22.0 25.0
0.0 75.0 0.0271 0.0 26.0
0.0 78.0 0.0271 0.0 26.0
0.0 75.0 0.0272 21.0 26.0
0.0 78.0 0.0272 21.0 26.0
0.0 78.0 0.0273 0.0 27.0
0.0 81.0 0.0273 0.0 27.0
0.0 81.0 0.0274 0.0 28.0
0.0 84.0 0.0274 0.0 28.0
0.0 81.0 0.0275 0.0 28.0
0.0 84.0 0.0275 0.0 28.0
0.0 78.0 0.0276 20.0 27.0
0.0 81.0 0.0276 20.0 27.0
0.0 81.0 0.0277 0.0 28.0
0.0 84.0 0.0277 0.0 28.0
0.0 81.0 0.0278 19.0 28.0
0.0 84.0 0.0278 19.0 28.0
0.0 84.0 0.0279 2.0 29.0
0.0 87.0 0.0279 2.0 29.0
0.0 87.0 0.0280 0.0 30.0
0.0 90.0 0.0280 0.0 30.0
0.0 87.0 0.0281 1.0 30.0
0.0 90.0 0.0281 1.0 30.0
0.0 90.0 0.0282 0.0 31.0
0.0 93.0 0.0282 0.0 31.0
0.0 93.0 0.0283 0.0 32.0
0.0 96.0 0.0283 0.0 32.0
0.0 93.0 0.0284 0.0 32.0
0.0 96.0 0.0284 0.0 32.0
0.0 90.0 0.0285 0.0 31.0
0.0 93.0 0.0285 0.0 31.0
0.0 93.0 0.0286 0.0 32.0
0.0 96.0 0.0286 0.0 32.0
0.0 93.0 0.0287 0.0 32.0
0.0 96.0 0.0287 0.0 32.0
0.0 84.0 0.0288 18.0 29.0
0.0 87.0 0.0288 18.0 29.0
0.0 87.0 0.0289 0.0 30.0
0.0 90.0 0.0289 0.0 30.0
0.0 87.0 0.0290 17.0 30.0
0.0 90.0 0.0290 17.0 30.0
0.0 90.0 0.0291 0.0 31.0
0.0 93.0 0.0291 0.0 31.0
0.0 93.0 0.0292 0.0 32.0
0.0 96.0 0.0292 0.0 32.0
0.0 93.0 0.0293 0.0 32.0
0.0 96.0 0.0293 0.0 32.0
0.0 90.0 0.0294 16.0 31.0
0.0 93.0 0.0294 16.0 31.0
0.0 93.0 0.0295 0.0 32.0
0.0 96.0 0.0295 0.0 32.0
0.0 93.0 0.0296 15.0 32.0
0.0 96.0 0.0296 15.0 32.0
0.0 96.0 0.0297 6.0 33.0
0.0 99.0 0.0297 6.0 33.0
0.0 99.0 0.0298 0.0 34.0
0.0 102.0 0.0298 0.0 34.0
0.0 99.0 0.0299 5.0 34.0
0.0 102.0 0.0299 5.0 34.0
0.0 102.0 0.0300 0.0 35.0
0.0 105.0 0.0300 0.0 35.0
0.0 105.0 0.0301 0.0 36.0
0.0 108.0 0.0301 0.0 36.0
0.0 105.0 0.0302 0.0 36.0
0.0 108.0 0.0302 0.0 36.0
0.0 102.0 0.0303 4.0 35.0
0.0 105.0 0.0303 4.0 35.0
0.0 105.0 0.0304 0.0 36.0
0.0 108.0 0.0304 0.0 36.0
0.0 105.0 0.0305 3.0 36.0
0.0 108.0 0.0305 3.0 36.0
0.0 108.0 0.0306 2.0 37.0
0.0 111.0 0.0306 2.0 37.0
0.0 111.0 0.0307 0.0 38.0
0.0 114.0 0.0307 0.0 38.0
0.0 111.0 0.0308 1.0 38.0
0.0 114.0 0.0308 1.0 38.0
0.0 114.0 0.0309 0.0 39.0
0.0 117.0 0.0309 0.0 39.0
0.0 117.0 0.0310 0.0 40.0
0.0 120.0 0.0310 0.0 40.0
0.0 117.0 0.0311 0.0 40.0
0.0 120.0 0.0311 0.0 40.0
0.0 114.0 0.0312 0.0 39.0
0.0 117.0 0.0312 0.0 39.0
0.0 117.0 0.0313 0.0 40.0
0.0 120.0 0.0313 0.0 40.0
0.0 117.0 0.0314 0.0 40.0
0.0 120.0 0.0314 0.0 40.0
0.0 108.0 0.0315 2.0 37.0
0.0 111.0 0.0315 2.0 37.0
0.0 111.0 0.0316 0.0 38.0
0.0 114.0 0.0316 0.0 38.0
0.0 111.0 0.0317 1.0 38.0
0.0 114.0 0.0317 1.0 38.0
0.0 114.0 0.0318 0.0 39.0
0.0 117.0 0.0318 0.0 39.0
0.0 117.0 0.0319 0.0 40.0
0.0 120.0 0.0319 0.0 40.0
0.0 117.0 0.0320 0.0 40.0
0.0 120.0 0.0320 0.0 40.0
0.0 114.0 0.0321 0.0 39.0
0.0 117.0 0.0321 0.0 39.0
0.0 117.0 0.0322 0.0 40.0
0.0 120.0 0.0322 0.0 40.0
0.0 117.0 0.0323 0.0 40.0
0.0 120.0 0.0323 0.0 40.0
0.0 96.0 0.0324 14.0 33.0
0.0 99.0 0.0324 14.0 33.0
0.0 99.0 0.0325 0.0 34.0
0.0 102.0 0.0325 0.0 34.0
0.0 99.0 0.0326 13.0 34.0
0.0 102.0 0.0326 13.0 34.0
0.0 102.0 0.0327 0.0 35.0
0.0 105.0 0.0327 0.0 35.0
0.0 105.0 0.0328 0.0 36.0
0.0 108.0 0.0328 0.0 36.0
0.0 105.0 0.0329 0.0 36.0
0.0 108.0 0.0329 0.0 36.0
0.0 102.0 0.0330 12.0 35.0
0.0 105.0 0.0330 12.0 35.0
0.0 105.0 0.0331 0.0 36.0
0.0 108.0 0.0331 0.0 36.0
0.0 105.0 0.0332 11.0 36.0
0.0 108.0 0.0332 11.0 36.0
0.0 108.0 0.0333 2.0 37.0
0.0 111.0 0.0333 2.0 37.0
0.0 111.0 0.0334 0.0 38.0
0.0 114.0 0.0334 0.0 38.0
0.0 111.0 0.0335 1.0 38.0
0.0 114.0 0.0335 1.0 38.0
0.0 114.0 0.0336 0.0 39.0
0.0 117.0 0.0336 0.0 39.0
0.0 117.0 0.0337 0.0 40.0
0.0 120.0 0.0337 0.0 40.0
0.0 117.0 0.0338 0.0 40.0
0.0 120.0 0.0338 0.0 40.0
0.0 114.0 0.0339 0.0 39.0
0.0 117.0 0.0339 0.0 39.0
0.0 117.0 0.0340 0.0 40.0
0.0 120.0 0.0340 0.0 40.0
0.0 117.0 0.0341 0.0 40.0
0.0 120.0 0.0341 0.0 40.0
0.0 108.0 0.0342 10.0 37.0
0.0 111.0 0.0342 10.0 37.0
0.0 111.0 0.0343 0.0 38.0
0.0 114.0 0.0343 0.0 38.0
0.0 111.0 0.0344 9.0 38.0
0.0 114.0 0.0344 9.0 38.0
0.0 114.0 0.0345 0.0 39.0
0.0 117.0 0.0345 0.0 39.0
0.0 117.0 0.0346 0.0 40.0
0.0 120.0 0.0346 0.0 40.0
0.0 117.0 0.0347 0.0 40.0
0.0 120.0 0.0347 0.0 40.0
0.0 114.0 0.0348 8.0 39.0
0.0 117.0 0.0348 8.0 39.0
0.0 117.0 0.0349 0.0 40.0
0.0 120.0 0.0349 0.0 40.0
0.0 117.0 0.0350 7.0 40.0
0.0 120.0 0.0350 7.0 40.0
0.0 120.0 0.0351 6.0 41.0
0.0 123.0 0.0351 6.0 41.0
0.0 123.0 0.0352 0.0 42.0
0.0 126.0 0.0352 0.0 42.0
0.0 123.0 0.0353 5.0 42.0
0.0 126.0 0.0353 5.0 42.0
0.0 126.0 0.0354 0.0 43.0
0.0 129.0 0.0354 0.0 43.0
0.0 129.0 0.0355 0.0 44.0
0.0 132.0 0.0355 0.0 44.0
0.0 129.0 0.0356 0.0 44.0
0.0 132.0 0.0356 0.0 44.0
0.0 126.0 0.0357 4.0 43.0
0.0 129.0 0.0357 4.0 43.0
0.0 129.0 0.0358 0.0 44.0
0.0 132.0 0.0358 0.0 44.0
0.0 129.0 0.0359 3.0 44.0
0.0 132.0 0.0359 3.0 44.0
0.0 132.0 0.0360 2.0 45.0
0.0 135.0 0.0360 2.0 45.0
0.0 135.0 0.0361 0.0 46.0
0.0 138.0 0.0361 0.0 46.0
0.0 135.0 0.0362 1.0 46.0
0.0 138.0 0.0362 1.0 46.0
0.0 138.0 0.0363 0.0 47.0
0.0 141.0 0.0363 0.0 47.0
0.0 141.0 0.0364 0.0 48.0
0.0 144.0 0.0364 0.0 48.0
0.0 141.0 0.0365 0.0 48.0
0.0 144.0 0.0365 0.0 48.0
0.0 138.0 0.0366 0.0 47.0
0.0 141.0 0.0366 0.0 47.0
0.0 141.0 0.0367 0.0 48.0
0.0 144.0 0.0367 0.0 48.0
0.0 141.0 0.0368 0.0 48.0
0.0 144.0 0.0368 0.0 48.0
0.0 132.0 0.0369 2.0 45.0
0.0 135.0 0.0369 2.0 45.0
0.0 135.0 0.0370 0.0 46.0
0.0 138.0 0.0370 0.0 46.0
0.0 135.0 0.0371 1.0 46.0
0.0 138.0 0.0371 1.0 46.0
0.0 138.0 0.0372 0.0 47.0
0.0 141.0 0.0372 0.0 47.0
0.0 141.0 0.0373 0.0 48.0
0.0 144.0 0.0373 0.0 48.0
0.0 141.0 0.0374 0.0 48.0
0.0 144.0 0.0374 0.0 48.0
0.0 138.0 0.0375 0.0 47.0
0.0 141.0 0.0375 0.0 47.0
0.0 141.0 0.0376 0.0 48.0
0.0 144.0 0.0376 0.0 48.0
0.0 141.0 0.0377 0.0 48.0
0.0 144.0 0.0377 0.0 48.0
0.0 120.0 0.0378 6.0 41.0
0.0 123.0 0.0378 6.0 41.0
0.0 123.0 0.0379 0.0 42.0
0.0 126.0 0.0379 0.0 42.0
0.0 123.0 0.0380 5.0 42.0
0.0 126.0 0.0380 5.0 42.0
0.0 126.0 0.0381 0.0 43.0
0.0 129.0 0.0381 0.0 43.0
0.0 129.0 0.0382 0.0 44.0
0.0 132.0 0.0382 0.0 44.0
0.0 129.0 0.0383 0.0 44.0
0.0 132.0 0.0383 0.0 44.0
0.0 126.0 0.0384 4.0 43.0
0.0 129.0 0.0384 4.0 43.0
0.0 129.0 0.0385 0.0 44.0
0.0 132.0 0.0385 0.0 44.0
0.0 129.0 0.0386 3.0 44.0
0.0 132.0 0.0386 3.0 44.0
0.0 132.0 0.0387 2.0 45.0
0.0 135.0 0.0387 2.0 45.0
0.0 135.0 0.0388 0.0 46.0
0.0 138.0 0.0388 0.0 46.0
0.0 135.0 0.0389 1.0 46.0
0.0 138.0 0.0389 1.0 46.0
0.0 138.0 0.0390 0.0 47.0
0.0 141.0 0.0390 0.0 47.0
0.0 141.0 0.0391 0.0 48.0
0.0 144.0 0.0391 0.0 48.0
0.0 141.0 0.0392 0.0 48.0
0.0 144.0 0.0392 0.0 48.0
0.0 138.0 0.0393 0.0 47.0
0.0 141.0 0.0393 0.0 47.0
0.0 141.0 0.0394 0.0 48.0
0.0 144.0 0.0394 0.0 48.0
0.0 141.0 0.0395 0.0 48.0
0.0 144.0 0.0395 0.0 48.0
0.0 132.0 0.0396 2.0 45.0
0.0 135.0 0.0396 2.0 45.0
0.0 135.0 0.0397 0.0 46.0
0.0 138.0 0.0397 0.0 46.0
0.0 135.0 0.0398 1.0 46.0
0.0 138.0 0.0398 1.0 46.0
0.0 138.0 0.0399 0.0 47.0
0.0 141.0 0.0399 0.0 47.0
0.0 141.0 0.0400 0.0 48.0
0.0 144.0 0.0400 0.0 48.0
0.0 141.0 0.0401 0.0 48.0
0.0 144.0 0.0401 0.0 48.0
0.0 138.0 0.0402 0.0 47.0
0.0 141.0 0.0402 0.0 47.0
0.0 141.0 0.0403 0.0 48.0
0.0 144.0 0.0403 0.0 48.0
0.0 141.0 0.0404 0.0 48.0
0.0 144.0 0.0404 0.0 48.0
