0.0 0.0 0.00 7.0 1.0
0.0 3.0 0.00 7.0 1.0
0.0 3.0 0.01 6.0 2.0
0.0 6.0 0.01 6.0 2.0
0.0 6.0 0.02 1.0 3.0
1.5 8.598076 0.02 1.0 3.0
1.5 8.598076 0.03 0.0 4.0
3.0 11.196152 0.03 0.0 4.0
3.0 11.196152 0.04 0.0 5.0
3.0 14.196152 0.04 0.0 5.0
0.0 6.0 0.05 1.0 3.0
0.0 9.0 0.05 1.0 3.0
0.0 9.0 0.06 0.0 4.0
0.0 12.0 0.06 0.0 4.0
0.0 12.0 0.07 0.0 5.0
-1.5 14.598076 0.07 0.0 5.0
0.0 6.0 0.08 5.0 3.0
0.0 9.0 0.08 5.0 3.0
0.0 9.0 0.09 4.0 4.0
0.0 12.0 0.09 4.0 4.0
0.0 12.0 0.010 3.0 5.0
-1.5 14.598076 0.010 3.0 5.0
-1.5 14.598076 0.011 2.0 6.0
-3.0 17.196152 0.011 2.0 6.0
-3.0 17.196152 0.012 1.0 7.0
-4.5 19.794228 0.012 1.0 7.0
-4.5 19.794228 0.013 0.0 8.0
-6.0 22.392303 0.013 0.0 8.0
-6.0 22.392303 0.014 0.0 9.0
-8.598076 23.892303 0.014 0.0 9.0
0.0 12.0 0.015 1.0 5.0
1.5 14.598076 0.015 1.0 5.0
1.5 14.598076 0.016 0.0 6.0
3.0 17.196152 0.016 0.0 6.0
3.0 17.196152 0.017 0.0 7.0
3.0 20.196152 0.017 0.0 7.0
