0.0 0.0 0.00 19.0 1.0
0.0 3.0 0.00 19.0 1.0
0.0 3.0 0.01 18.0 2.0
0.0 6.0 0.01 18.0 2.0
0.0 6.0 0.02 17.0 3.0
0.0 9.0 0.02 17.0 3.0
0.0 9.0 0.03 16.0 4.0
0.0 12.0 0.03 16.0 4.0
0.0 12.0 0.04 7.0 5.0
0.0 15.0 0.04 7.0 5.0
0.0 15.0 0.05 6.0 6.0
0.0 18.0 0.05 6.0 6.0
0.0 18.0 0.06 1.0 7.0
0.0 21.0 0.06 1.0 7.0
0.0 21.0 0.07 0.0 8.0
0.0 24.0 0.07 0.0 8.0
0.0 24.0 0.08 0.0 9.0
0.0 27.0 0.08 0.0 9.0
0.0 18.0 0.09 1.0 7.0
0.0 21.0 0.09 1.0 7.0
0.0 21.0 0.010 0.0 8.0
0.0 24.0 0.010 0.0 8.0
0.0 24.0 0.011 0.0 9.0
0.0 27.0 0.011 0.0 9.0
0.0 18.0 0.012 5.0 7.0
0.0 21.0 0.012 5.0 7.0
0.0 21.0 0.013 4.0 8.0
0.0 24.0 0.013 4.0 8.0
0.0 24.0 0.014 3.0 9.0
0.0 27.0 0.014 3.0 9.0
0.0 27.0 0.015 2.0 10.0
0.0 30.0 0.015 2.0 10.0
0.0 30.0 0.016 1.0 11.0
0.0 33.0 0.016 1.0 11.0
0.0 33.0 0.017 0.0 12.0
0.0 36.0 0.017 0.0 12.0
0.0 36.0 0.018 0.0 13.0
0.0 39.0 0.018 0.0 13.0
0.0 24.0 0.019 1.0 9.0
0.0 27.0 0.019 1.0 9.0
0.0 27.0 0.020 0.0 10.0
0.0 30.0 0.020 0.0 10.0
0.0 30.0 0.021 0.0 11.0
0.0 33.0 0.021 0.0 11.0
0.0 12.0 0.022 7.0 5.0
0.0 15.0 0.022 7.0 5.0
0.0 15.0 0.023 6.0 6.0
0.0 18.0 0.023 6.0 6.0
0.0 18.0 0.024 1.0 7.0
0.0 21.0 0.024 1.0 7.0
0.0 21.0 0.025 0.0 8.0
0.0 24.0 0.025 0.0 8.0
0.0 24.0 0.026 0.0 9.0
0.0 27.0 0.026 0.0 9.0
0.0 18.0 0.027 1.0 7.0
0.0 21.0 0.027 1.0 7.0
0.0 21.0 0.028 0.0 8.0
0.0 24.0 0.028 0.0 8.0
0.0 24.0 0.029 0.0 9.0
0.0 27.0 0.029 0.0 9.0
0.0 18.0 0.030 5.0 7.0
0.0 21.0 0.030 5.0 7.0
0.0 21.0 0.031 4.0 8.0
0.0 24.0 0.031 4.0 8.0
0.0 24.0 0.032 3.0 9.0
0.0 27.0 0.032 3.0 9.0
0.0 27.0 0.033 2.0 10.0
0.0 30.0 0.033 2.0 10.0
0.0 30.0 0.034 1.0 11.0
0.0 33.0 0.034 1.0 11.0
0.0 33.0 0.035 0.0 12.0
0.0 36.0 0.035 0.0 12.0
0.0 36.0 0.036 0.0 13.0
0.0 39.0 0.036 0.0 13.0
0.0 24.0 0.037 1.0 9.0
0.0 27.0 0.037 1.0 9.0
0.0 27.0 0.038 0.0 10.0
0.0 30.0 0.038 0.0 10.0
0.0 30.0 0.039 0.0 11.0
0.0 33.0 0.039 0.0 11.0
0.0 12.0 0.040 15.0 5.0
0.0 15.0 0.040 15.0 5.0
0.0 15.0 0.041 14.0 6.0
0.0 18.0 0.041 14.0 6.0
0.0 18.0 0.042 13.0 7.0
0.0 21.0 0.042 13.0 7.0
0.0 21.0 0.043 12.0 8.0
0.0 24.0 0.043 12.0 8.0
0.0 24.0 0.044 11.0 9.0
0.0 27.0 0.044 11.0 9.0
0.0 27.0 0.045 10.0 10.0
0.0 30.0 0.045 10.0 10.0
0.0 30.0 0.046 9.0 11.0
0.0 33.0 0.046 9.0 11.0
0.0 33.0 0.047 8.0 12.0
0.0 36.0 0.047 8.0 12.0
0.0 36.0 0.048 7.0 13.0
0.0 39.0 0.048 7.0 13.0
0.0 39.0 0.049 6.0 14.0
0.0 42.0 0.049 6.0 14.0
0.0 42.0 0.050 1.0 15.0
0.0 45.0 0.050 1.0 15.0
0.0 45.0 0.051 0.0 16.0
0.0 48.0 0.051 0.0 16.0
0.0 48.0 0.052 0.0 17.0
0.0 51.0 0.052 0.0 17.0
0.0 42.0 0.053 1.0 15.0
0.0 45.0 0.053 1.0 15.0
0.0 45.0 0.054 0.0 16.0
0.0 48.0 0.054 0.0 16.0
0.0 48.0 0.055 0.0 17.0
0.0 51.0 0.055 0.0 17.0
0.0 42.0 0.056 5.0 15.0
0.0 45.0 0.056 5.0 15.0
0.0 45.0 0.057 4.0 16.0
0.0 48.0 0.057 4.0 16.0
0.0 48.0 0.058 3.0 17.0
0.0 51.0 0.058 3.0 17.0
0.0 51.0 0.059 2.0 18.0
0.0 54.0 0.059 2.0 18.0
0.0 54.0 0.060 1.0 19.0
0.0 57.0 0.060 1.0 19.0
0.0 57.0 0.061 0.0 20.0
0.0 60.0 0.061 0.0 20.0
0.0 60.0 0.062 0.0 21.0
0.0 63.0 0.062 0.0 21.0
0.0 48.0 0.063 1.0 17.0
0.0 51.0 0.063 1.0 17.0
0.0 51.0 0.064 0.0 18.0
0.0 54.0 0.064 0.0 18.0
0.0 54.0 0.065 0.0 19.0
0.0 57.0 0.065 0.0 19.0
0.0 24.0 0.066 7.0 9.0
0.0 27.0 0.066 7.0 9.0
0.0 27.0 0.067 6.0 10.0
0.0 30.0 0.067 6.0 10.0
0.0 30.0 0.068 1.0 11.0
0.0 33.0 0.068 1.0 11.0
0.0 33.0 0.069 0.0 12.0
0.0 36.0 0.069 0.0 12.0
0.0 36.0 0.070 0.0 13.0
0.0 39.0 0.070 0.0 13.0
0.0 30.0 0.071 1.0 11.0
0.0 33.0 0.071 1.0 11.0
0.0 33.0 0.072 0.0 12.0
0.0 36.0 0.072 0.0 12.0
0.0 36.0 0.073 0.0 13.0
0.0 39.0 0.073 0.0 13.0
0.0 30.0 0.074 5.0 11.0
0.0 33.0 0.074 5.0 11.0
0.0 33.0 0.075 4.0 12.0
0.0 36.0 0.075 4.0 12.0
0.0 36.0 0.076 3.0 13.0
0.0 39.0 0.076 3.0 13.0
0.0 39.0 0.077 2.0 14.0
0.0 42.0 0.077 2.0 14.0
0.0 42.0 0.078 1.0 15.0
0.0 45.0 0.078 1.0 15.0
0.0 45.0 0.079 0.0 16.0
0.0 48.0 0.079 0.0 16.0
0.0 48.0 0.080 0.0 17.0
0.0 51.0 0.080 0.0 17.0
0.0 36.0 0.081 1.0 13.0
0.0 39.0 0.081 1.0 13.0
0.0 39.0 0.082 0.0 14.0
0.0 42.0 0.082 0.0 14.0
0.0 42.0 0.083 0.0 15.0
0.0 45.0 0.083 0.0 15.0
