0.0 0.0 0.00 4.0 1.0
0.0 3.0 0.00 4.0 1.0
0.0 3.0 0.01 0.0 2.0
0.0 6.0 0.01 0.0 2.0
0.0 3.0 0.02 3.0 2.0
0.0 6.0 0.02 3.0 2.0
0.0 6.0 0.03 0.0 3.0
0.0 9.0 0.03 0.0 3.0
0.0 9.0 0.04 0.0 4.0
0.0 12.0 0.04 0.0 4.0
0.0 9.0 0.05 0.0 4.0
0.0 12.0 0.05 0.0 4.0
0.0 6.0 0.06 2.0 3.0
0.0 9.0 0.06 2.0 3.0
0.0 9.0 0.07 0.0 4.0
0.0 12.0 0.07 0.0 4.0
0.0 9.0 0.08 1.0 4.0
0.0 12.0 0.08 1.0 4.0
0.0 12.0 0.09 0.0 5.0
0.0 15.0 0.09 0.0 5.0
0.0 15.0 0.010 0.0 6.0
0.0 18.0 0.010 0.0 6.0
0.0 15.0 0.011 0.0 6.0
0.0 18.0 0.011 0.0 6.0
0.0 12.0 0.012 0.0 5.0
0.0 15.0 0.012 0.0 5.0
0.0 15.0 0.013 0.0 6.0
0.0 18.0 0.013 0.0 6.0
0.0 15.0 0.014 0.0 6.0
0.0 18.0 0.014 0.0 6.0
