0.0 0.0 0.00 124.0 1.0
0.0 4.0 0.00 124.0 1.0
0.0 4.0 0.01 123.0 2.0
0.0 8.0 0.01 123.0 2.0
0.0 8.0 0.02 122.0 3.0
0.0 12.0 0.02 122.0 3.0
0.0 12.0 0.03 121.0 4.0
0.0 16.0 0.03 121.0 4.0
0.0 16.0 0.04 120.0 5.0
0.0 20.0 0.04 120.0 5.0
0.0 20.0 0.05 119.0 6.0
0.0 24.0 0.05 119.0 6.0
0.0 24.0 0.06 118.0 7.0
0.0 28.0 0.06 118.0 7.0
0.0 28.0 0.07 117.0 8.0
0.0 32.0 0.07 117.0 8.0
0.0 32.0 0.08 116.0 9.0
0.0 36.0 0.08 116.0 9.0
0.0 36.0 0.09 115.0 10.0
0.0 40.0 0.09 115.0 10.0
0.0 40.0 0.010 114.0 11.0
0.0 44.0 0.010 114.0 11.0
0.0 44.0 0.011 113.0 12.0
0.0 48.0 0.011 113.0 12.0
0.0 48.0 0.012 112.0 13.0
0.0 52.0 0.012 112.0 13.0
0.0 52.0 0.013 111.0 14.0
0.0 56.0 0.013 111.0 14.0
0.0 56.0 0.014 110.0 15.0
0.0 60.0 0.014 110.0 15.0
0.0 60.0 0.015 109.0 16.0
0.0 64.0 0.015 109.0 16.0
0.0 64.0 0.016 108.0 17.0
0.0 68.0 0.016 108.0 17.0
0.0 68.0 0.017 107.0 18.0
0.0 72.0 0.017 107.0 18.0
0.0 72.0 0.018 106.0 19.0
0.0 76.0 0.018 106.0 19.0
0.0 76.0 0.019 105.0 20.0
0.0 80.0 0.019 105.0 20.0
0.0 80.0 0.020 104.0 21.0
0.0 84.0 0.020 104.0 21.0
0.0 84.0 0.021 103.0 22.0
0.0 88.0 0.021 103.0 22.0
0.0 88.0 0.022 102.0 23.0
0.0 92.0 0.022 102.0 23.0
0.0 92.0 0.023 101.0 24.0
0.0 96.0 0.023 101.0 24.0
0.0 96.0 0.024 100.0 25.0
0.0 100.0 0.024 100.0 25.0
0.0 100.0 0.025 99.0 26.0
0.0 104.0 0.025 99.0 26.0
0.0 104.0 0.026 98.0 27.0
0.0 108.0 0.026 98.0 27.0
0.0 108.0 0.027 97.0 28.0
0.0 112.0 0.027 97.0 28.0
0.0 112.0 0.028 96.0 29.0
0.0 116.0 0.028 96.0 29.0
0.0 116.0 0.029 95.0 30.0
0.0 120.0 0.029 95.0 30.0
0.0 120.0 0.030 94.0 31.0
0.0 124.0 0.030 94.0 31.0
0.0 124.0 0.031 93.0 32.0
0.0 128.0 0.031 93.0 32.0
0.0 128.0 0.032 60.0 33.0
0.0 132.0 0.032 60.0 33.0
0.0 132.0 0.033 59.0 34.0
0.0 136.0 0.033 59.0 34.0
0.0 136.0 0.034 58.0 35.0
0.0 140.0 0.034 58.0 35.0
0.0 140.0 0.035 57.0 36.0
0.0 144.0 0.035 57.0 36.0
0.0 144.0 0.036 56.0 37.0
0.0 148.0 0.036 56.0 37.0
0.0 148.0 0.037 55.0 38.0
0.0 152.0 0.037 55.0 38.0
0.0 152.0 0.038 54.0 39.0
0.0 156.0 0.038 54.0 39.0
0.0 156.0 0.039 53.0 40.0
0.0 160.0 0.039 53.0 40.0
0.0 160.0 0.040 52.0 41.0
0.0 164.0 0.040 52.0 41.0
0.0 164.0 0.041 51.0 42.0
0.0 168.0 0.041 51.0 42.0
0.0 168.0 0.042 50.0 43.0
0.0 172.0 0.042 50.0 43.0
0.0 172.0 0.043 49.0 44.0
0.0 176.0 0.043 49.0 44.0
0.0 176.0 0.044 48.0 45.0
0.0 180.0 0.044 48.0 45.0
0.0 180.0 0.045 47.0 46.0
0.0 184.0 0.045 47.0 46.0
0.0 184.0 0.046 46.0 47.0
0.0 188.0 0.046 46.0 47.0
0.0 188.0 0.047 45.0 48.0
0.0 192.0 0.047 45.0 48.0
0.0 192.0 0.048 28.0 49.0
0.0 196.0 0.048 28.0 49.0
0.0 196.0 0.049 27.0 50.0
0.0 200.0 0.049 27.0 50.0
0.0 200.0 0.050 26.0 51.0
0.0 204.0 0.050 26.0 51.0
0.0 204.0 0.051 25.0 52.0
0.0 208.0 0.051 25.0 52.0
0.0 208.0 0.052 24.0 53.0
0.0 212.0 0.052 24.0 53.0
0.0 212.0 0.053 23.0 54.0
0.0 216.0 0.053 23.0 54.0
0.0 216.0 0.054 22.0 55.0
0.0 220.0 0.054 22.0 55.0
0.0 220.0 0.055 21.0 56.0
0.0 224.0 0.055 21.0 56.0
0.0 224.0 0.056 12.0 57.0
0.0 228.0 0.056 12.0 57.0
0.0 228.0 0.057 11.0 58.0
0.0 232.0 0.057 11.0 58.0
0.0 232.0 0.058 10.0 59.0
0.0 236.0 0.058 10.0 59.0
0.0 236.0 0.059 9.0 60.0
0.0 240.0 0.059 9.0 60.0
0.0 240.0 0.060 4.0 61.0
0.0 244.0 0.060 4.0 61.0
0.0 244.0 0.061 3.0 62.0
0.0 248.0 0.061 3.0 62.0
0.0 248.0 0.062 0.0 63.0
0.0 252.0 0.062 0.0 63.0
0.0 252.0 0.063 0.0 64.0
0.0 256.0 0.063 0.0 64.0
0.0 248.0 0.064 2.0 63.0
0.0 252.0 0.064 2.0 63.0
0.0 252.0 0.065 1.0 64.0
0.0 256.0 0.065 1.0 64.0
0.0 256.0 0.066 0.0 65.0
0.0 260.0 0.066 0.0 65.0
0.0 260.0 0.067 0.0 66.0
0.0 264.0 0.067 0.0 66.0
0.0 256.0 0.068 0.0 65.0
0.0 260.0 0.068 0.0 65.0
0.0 260.0 0.069 0.0 66.0
0.0 264.0 0.069 0.0 66.0
0.0 240.0 0.070 8.0 61.0
0.0 244.0 0.070 8.0 61.0
0.0 244.0 0.071 7.0 62.0
0.0 248.0 0.071 7.0 62.0
0.0 248.0 0.072 6.0 63.0
0.0 252.0 0.072 6.0 63.0
0.0 252.0 0.073 5.0 64.0
0.0 256.0 0.073 5.0 64.0
0.0 256.0 0.074 4.0 65.0
0.0 260.0 0.074 4.0 65.0
0.0 260.0 0.075 3.0 66.0
0.0 264.0 0.075 3.0 66.0
0.0 264.0 0.076 0.0 67.0
0.0 268.0 0.076 0.0 67.0
0.0 268.0 0.077 0.0 68.0
0.0 272.0 0.077 0.0 68.0
0.0 264.0 0.078 2.0 67.0
0.0 268.0 0.078 2.0 67.0
0.0 268.0 0.079 1.0 68.0
0.0 272.0 0.079 1.0 68.0
0.0 272.0 0.080 0.0 69.0
0.0 276.0 0.080 0.0 69.0
0.0 276.0 0.081 0.0 70.0
0.0 280.0 0.081 0.0 70.0
0.0 272.0 0.082 0.0 69.0
0.0 276.0 0.082 0.0 69.0
0.0 276.0 0.083 0.0 70.0
0.0 280.0 0.083 0.0 70.0
0.0 256.0 0.084 4.0 65.0
0.0 260.0 0.084 4.0 65.0
0.0 260.0 0.085 3.0 66.0
0.0 264.0 0.085 3.0 66.0
0.0 264.0 0.086 0.0 67.0
0.0 268.0 0.086 0.0 67.0
0.0 268.0 0.087 0.0 68.0
0.0 272.0 0.087 0.0 68.0
0.0 264.0 0.088 2.0 67.0
0.0 268.0 0.088 2.0 67.0
0.0 268.0 0.089 1.0 68.0
0.0 272.0 0.089 1.0 68.0
0.0 272.0 0.090 0.0 69.0
0.0 276.0 0.090 0.0 69.0
0.0 276.0 0.091 0.0 70.0
0.0 280.0 0.091 0.0 70.0
0.0 272.0 0.092 0.0 69.0
0.0 276.0 0.092 0.0 69.0
0.0 276.0 0.093 0.0 70.0
0.0 280.0 0.093 0.0 70.0
0.0 224.0 0.094 20.0 57.0
0.0 228.0 0.094 20.0 57.0
0.0 228.0 0.095 19.0 58.0
0.0 232.0 0.095 19.0 58.0
0.0 232.0 0.096 18.0 59.0
0.0 236.0 0.096 18.0 59.0
0.0 236.0 0.097 17.0 60.0
0.0 240.0 0.097 17.0 60.0
0.0 240.0 0.098 16.0 61.0
0.0 244.0 0.098 16.0 61.0
0.0 244.0 0.099 15.0 62.0
0.0 248.0 0.099 15.0 62.0
0.0 248.0 0.0100 14.0 63.0
0.0 252.0 0.0100 14.0 63.0
0.0 252.0 0.0101 13.0 64.0
0.0 256.0 0.0101 13.0 64.0
0.0 256.0 0.0102 12.0 65.0
0.0 260.0 0.0102 12.0 65.0
0.0 260.0 0.0103 11.0 66.0
0.0 264.0 0.0103 11.0 66.0
0.0 264.0 0.0104 10.0 67.0
0.0 268.0 0.0104 10.0 67.0
0.0 268.0 0.0105 9.0 68.0
0.0 272.0 0.0105 9.0 68.0
0.0 272.0 0.0106 4.0 69.0
0.0 276.0 0.0106 4.0 69.0
0.0 276.0 0.0107 3.0 70.0
0.0 280.0 0.0107 3.0 70.0
0.0 280.0 0.0108 0.0 71.0
0.0 284.0 0.0108 0.0 71.0
0.0 284.0 0.0109 0.0 72.0
0.0 288.0 0.0109 0.0 72.0
0.0 280.0 0.0110 2.0 71.0
0.0 284.0 0.0110 2.0 71.0
0.0 284.0 0.0111 1.0 72.0
0.0 288.0 0.0111 1.0 72.0
0.0 288.0 0.0112 0.0 73.0
0.0 292.0 0.0112 0.0 73.0
0.0 292.0 0.0113 0.0 74.0
0.0 296.0 0.0113 0.0 74.0
0.0 288.0 0.0114 0.0 73.0
0.0 292.0 0.0114 0.0 73.0
0.0 292.0 0.0115 0.0 74.0
0.0 296.0 0.0115 0.0 74.0
0.0 272.0 0.0116 8.0 69.0
0.0 276.0 0.0116 8.0 69.0
0.0 276.0 0.0117 7.0 70.0
0.0 280.0 0.0117 7.0 70.0
0.0 280.0 0.0118 6.0 71.0
0.0 284.0 0.0118 6.0 71.0
0.0 284.0 0.0119 5.0 72.0
0.0 288.0 0.0119 5.0 72.0
0.0 288.0 0.0120 4.0 73.0
0.0 292.0 0.0120 4.0 73.0
0.0 292.0 0.0121 3.0 74.0
0.0 296.0 0.0121 3.0 74.0
0.0 296.0 0.0122 0.0 75.0
0.0 300.0 0.0122 0.0 75.0
0.0 300.0 0.0123 0.0 76.0
0.0 304.0 0.0123 0.0 76.0
0.0 296.0 0.0124 2.0 75.0
0.0 300.0 0.0124 2.0 75.0
0.0 300.0 0.0125 1.0 76.0
0.0 304.0 0.0125 1.0 76.0
0.0 304.0 0.0126 0.0 77.0
0.0 308.0 0.0126 0.0 77.0
0.0 308.0 0.0127 0.0 78.0
0.0 312.0 0.0127 0.0 78.0
0.0 304.0 0.0128 0.0 77.0
0.0 308.0 0.0128 0.0 77.0
0.0 308.0 0.0129 0.0 78.0
0.0 312.0 0.0129 0.0 78.0
0.0 288.0 0.0130 4.0 73.0
0.0 292.0 0.0130 4.0 73.0
0.0 292.0 0.0131 3.0 74.0
0.0 296.0 0.0131 3.0 74.0
0.0 296.0 0.0132 0.0 75.0
0.0 300.0 0.0132 0.0 75.0
0.0 300.0 0.0133 0.0 76.0
0.0 304.0 0.0133 0.0 76.0
0.0 296.0 0.0134 2.0 75.0
0.0 300.0 0.0134 2.0 75.0
0.0 300.0 0.0135 1.0 76.0
0.0 304.0 0.0135 1.0 76.0
0.0 304.0 0.0136 0.0 77.0
0.0 308.0 0.0136 0.0 77.0
0.0 308.0 0.0137 0.0 78.0
0.0 312.0 0.0137 0.0 78.0
0.0 304.0 0.0138 0.0 77.0
0.0 308.0 0.0138 0.0 77.0
0.0 308.0 0.0139 0.0 78.0
0.0 312.0 0.0139 0.0 78.0
0.0 256.0 0.0140 12.0 65.0
0.0 260.0 0.0140 12.0 65.0
0.0 260.0 0.0141 11.0 66.0
0.0 264.0 0.0141 11.0 66.0
0.0 264.0 0.0142 10.0 67.0
0.0 268.0 0.0142 10.0 67.0
0.0 268.0 0.0143 9.0 68.0
0.0 272.0 0.0143 9.0 68.0
0.0 272.0 0.0144 4.0 69.0
0.0 276.0 0.0144 4.0 69.0
0.0 276.0 0.0145 3.0 70.0
0.0 280.0 0.0145 3.0 70.0
0.0 280.0 0.0146 0.0 71.0
0.0 284.0 0.0146 0.0 71.0
0.0 284.0 0.0147 0.0 72.0
0.0 288.0 0.0147 0.0 72.0
0.0 280.0 0.0148 2.0 71.0
0.0 284.0 0.0148 2.0 71.0
0.0 284.0 0.0149 1.0 72.0
0.0 288.0 0.0149 1.0 72.0
0.0 288.0 0.0150 0.0 73.0
0.0 292.0 0.0150 0.0 73.0
0.0 292.0 0.0151 0.0 74.0
0.0 296.0 0.0151 0.0 74.0
0.0 288.0 0.0152 0.0 73.0
0.0 292.0 0.0152 0.0 73.0
0.0 292.0 0.0153 0.0 74.0
0.0 296.0 0.0153 0.0 74.0
0.0 272.0 0.0154 8.0 69.0
0.0 276.0 0.0154 8.0 69.0
0.0 276.0 0.0155 7.0 70.0
0.0 280.0 0.0155 7.0 70.0
0.0 280.0 0.0156 6.0 71.0
0.0 284.0 0.0156 6.0 71.0
0.0 284.0 0.0157 5.0 72.0
0.0 288.0 0.0157 5.0 72.0
0.0 288.0 0.0158 4.0 73.0
0.0 292.0 0.0158 4.0 73.0
0.0 292.0 0.0159 3.0 74.0
0.0 296.0 0.0159 3.0 74.0
0.0 296.0 0.0160 0.0 75.0
0.0 300.0 0.0160 0.0 75.0
0.0 300.0 0.0161 0.0 76.0
0.0 304.0 0.0161 0.0 76.0
0.0 296.0 0.0162 2.0 75.0
0.0 300.0 0.0162 2.0 75.0
0.0 300.0 0.0163 1.0 76.0
0.0 304.0 0.0163 1.0 76.0
0.0 304.0 0.0164 0.0 77.0
0.0 308.0 0.0164 0.0 77.0
0.0 308.0 0.0165 0.0 78.0
0.0 312.0 0.0165 0.0 78.0
0.0 304.0 0.0166 0.0 77.0
0.0 308.0 0.0166 0.0 77.0
0.0 308.0 0.0167 0.0 78.0
0.0 312.0 0.0167 0.0 78.0
0.0 288.0 0.0168 4.0 73.0
0.0 292.0 0.0168 4.0 73.0
0.0 292.0 0.0169 3.0 74.0
0.0 296.0 0.0169 3.0 74.0
0.0 296.0 0.0170 0.0 75.0
0.0 300.0 0.0170 0.0 75.0
0.0 300.0 0.0171 0.0 76.0
0.0 304.0 0.0171 0.0 76.0
0.0 296.0 0.0172 2.0 75.0
0.0 300.0 0.0172 2.0 75.0
0.0 300.0 0.0173 1.0 76.0
0.0 304.0 0.0173 1.0 76.0
0.0 304.0 0.0174 0.0 77.0
0.0 308.0 0.0174 0.0 77.0
0.0 308.0 0.0175 0.0 78.0
0.0 312.0 0.0175 0.0 78.0
0.0 304.0 0.0176 0.0 77.0
0.0 308.0 0.0176 0.0 77.0
0.0 308.0 0.0177 0.0 78.0
0.0 312.0 0.0177 0.0 78.0
0.0 192.0 0.0178 44.0 49.0
0.0 196.0 0.0178 44.0 49.0
0.0 196.0 0.0179 43.0 50.0
0.0 200.0 0.0179 43.0 50.0
0.0 200.0 0.0180 42.0 51.0
0.0 204.0 0.0180 42.0 51.0
0.0 204.0 0.0181 41.0 52.0
0.0 208.0 0.0181 41.0 52.0
0.0 208.0 0.0182 40.0 53.0
0.0 212.0 0.0182 40.0 53.0
0.0 212.0 0.0183 39.0 54.0
0.0 216.0 0.0183 39.0 54.0
0.0 216.0 0.0184 38.0 55.0
0.0 220.0 0.0184 38.0 55.0
0.0 220.0 0.0185 37.0 56.0
0.0 224.0 0.0185 37.0 56.0
0.0 224.0 0.0186 36.0 57.0
0.0 228.0 0.0186 36.0 57.0
0.0 228.0 0.0187 35.0 58.0
0.0 232.0 0.0187 35.0 58.0
0.0 232.0 0.0188 34.0 59.0
0.0 236.0 0.0188 34.0 59.0
0.0 236.0 0.0189 33.0 60.0
0.0 240.0 0.0189 33.0 60.0
0.0 240.0 0.0190 32.0 61.0
0.0 244.0 0.0190 32.0 61.0
0.0 244.0 0.0191 31.0 62.0
0.0 248.0 0.0191 31.0 62.0
0.0 248.0 0.0192 30.0 63.0
0.0 252.0 0.0192 30.0 63.0
0.0 252.0 0.0193 29.0 64.0
0.0 256.0 0.0193 29.0 64.0
0.0 256.0 0.0194 28.0 65.0
0.0 260.0 0.0194 28.0 65.0
0.0 260.0 0.0195 27.0 66.0
0.0 264.0 0.0195 27.0 66.0
0.0 264.0 0.0196 26.0 67.0
0.0 268.0 0.0196 26.0 67.0
0.0 268.0 0.0197 25.0 68.0
0.0 272.0 0.0197 25.0 68.0
0.0 272.0 0.0198 24.0 69.0
0.0 276.0 0.0198 24.0 69.0
0.0 276.0 0.0199 23.0 70.0
0.0 280.0 0.0199 23.0 70.0
0.0 280.0 0.0200 22.0 71.0
0.0 284.0 0.0200 22.0 71.0
0.0 284.0 0.0201 21.0 72.0
0.0 288.0 0.0201 21.0 72.0
0.0 288.0 0.0202 12.0 73.0
0.0 292.0 0.0202 12.0 73.0
0.0 292.0 0.0203 11.0 74.0
0.0 296.0 0.0203 11.0 74.0
0.0 296.0 0.0204 10.0 75.0
0.0 300.0 0.0204 10.0 75.0
0.0 300.0 0.0205 9.0 76.0
0.0 304.0 0.0205 9.0 76.0
0.0 304.0 0.0206 4.0 77.0
0.0 308.0 0.0206 4.0 77.0
0.0 308.0 0.0207 3.0 78.0
0.0 312.0 0.0207 3.0 78.0
0.0 312.0 0.0208 0.0 79.0
0.0 316.0 0.0208 0.0 79.0
0.0 316.0 0.0209 0.0 80.0
0.0 320.0 0.0209 0.0 80.0
0.0 312.0 0.0210 2.0 79.0
0.0 316.0 0.0210 2.0 79.0
0.0 316.0 0.0211 1.0 80.0
0.0 320.0 0.0211 1.0 80.0
0.0 320.0 0.0212 0.0 81.0
0.0 324.0 0.0212 0.0 81.0
0.0 324.0 0.0213 0.0 82.0
0.0 328.0 0.0213 0.0 82.0
0.0 320.0 0.0214 0.0 81.0
0.0 324.0 0.0214 0.0 81.0
0.0 324.0 0.0215 0.0 82.0
0.0 328.0 0.0215 0.0 82.0
0.0 304.0 0.0216 8.0 77.0
0.0 308.0 0.0216 8.0 77.0
0.0 308.0 0.0217 7.0 78.0
0.0 312.0 0.0217 7.0 78.0
0.0 312.0 0.0218 6.0 79.0
0.0 316.0 0.0218 6.0 79.0
0.0 316.0 0.0219 5.0 80.0
0.0 320.0 0.0219 5.0 80.0
0.0 320.0 0.0220 4.0 81.0
0.0 324.0 0.0220 4.0 81.0
0.0 324.0 0.0221 3.0 82.0
0.0 328.0 0.0221 3.0 82.0
0.0 328.0 0.0222 0.0 83.0
0.0 332.0 0.0222 0.0 83.0
0.0 332.0 0.0223 0.0 84.0
0.0 336.0 0.0223 0.0 84.0
0.0 328.0 0.0224 2.0 83.0
0.0 332.0 0.0224 2.0 83.0
0.0 332.0 0.0225 1.0 84.0
0.0 336.0 0.0225 1.0 84.0
0.0 336.0 0.0226 0.0 85.0
0.0 340.0 0.0226 0.0 85.0
0.0 340.0 0.0227 0.0 86.0
0.0 344.0 0.0227 0.0 86.0
0.0 336.0 0.0228 0.0 85.0
0.0 340.0 0.0228 0.0 85.0
0.0 340.0 0.0229 0.0 86.0
0.0 344.0 0.0229 0.0 86.0
0.0 320.0 0.0230 4.0 81.0
0.0 324.0 0.0230 4.0 81.0
0.0 324.0 0.0231 3.0 82.0
0.0 328.0 0.0231 3.0 82.0
0.0 328.0 0.0232 0.0 83.0
0.0 332.0 0.0232 0.0 83.0
0.0 332.0 0.0233 0.0 84.0
0.0 336.0 0.0233 0.0 84.0
0.0 328.0 0.0234 2.0 83.0
0.0 332.0 0.0234 2.0 83.0
0.0 332.0 0.0235 1.0 84.0
0.0 336.0 0.0235 1.0 84.0
0.0 336.0 0.0236 0.0 85.0
0.0 340.0 0.0236 0.0 85.0
0.0 340.0 0.0237 0.0 86.0
0.0 344.0 0.0237 0.0 86.0
0.0 336.0 0.0238 0.0 85.0
0.0 340.0 0.0238 0.0 85.0
0.0 340.0 0.0239 0.0 86.0
0.0 344.0 0.0239 0.0 86.0
0.0 288.0 0.0240 20.0 73.0
0.0 292.0 0.0240 20.0 73.0
0.0 292.0 0.0241 19.0 74.0
0.0 296.0 0.0241 19.0 74.0
0.0 296.0 0.0242 18.0 75.0
0.0 300.0 0.0242 18.0 75.0
0.0 300.0 0.0243 17.0 76.0
0.0 304.0 0.0243 17.0 76.0
0.0 304.0 0.0244 16.0 77.0
0.0 308.0 0.0244 16.0 77.0
0.0 308.0 0.0245 15.0 78.0
0.0 312.0 0.0245 15.0 78.0
0.0 312.0 0.0246 14.0 79.0
0.0 316.0 0.0246 14.0 79.0
0.0 316.0 0.0247 13.0 80.0
0.0 320.0 0.0247 13.0 80.0
0.0 320.0 0.0248 12.0 81.0
0.0 324.0 0.0248 12.0 81.0
0.0 324.0 0.0249 11.0 82.0
0.0 328.0 0.0249 11.0 82.0
0.0 328.0 0.0250 10.0 83.0
0.0 332.0 0.0250 10.0 83.0
0.0 332.0 0.0251 9.0 84.0
0.0 336.0 0.0251 9.0 84.0
0.0 336.0 0.0252 4.0 85.0
0.0 340.0 0.0252 4.0 85.0
0.0 340.0 0.0253 3.0 86.0
0.0 344.0 0.0253 3.0 86.0
0.0 344.0 0.0254 0.0 87.0
0.0 348.0 0.0254 0.0 87.0
0.0 348.0 0.0255 0.0 88.0
0.0 352.0 0.0255 0.0 88.0
0.0 344.0 0.0256 2.0 87.0
0.0 348.0 0.0256 2.0 87.0
0.0 348.0 0.0257 1.0 88.0
0.0 352.0 0.0257 1.0 88.0
0.0 352.0 0.0258 0.0 89.0
0.0 356.0 0.0258 0.0 89.0
0.0 356.0 0.0259 0.0 90.0
0.0 360.0 0.0259 0.0 90.0
0.0 352.0 0.0260 0.0 89.0
0.0 356.0 0.0260 0.0 89.0
0.0 356.0 0.0261 0.0 90.0
0.0 360.0 0.0261 0.0 90.0
0.0 336.0 0.0262 8.0 85.0
0.0 340.0 0.0262 8.0 85.0
0.0 340.0 0.0263 7.0 86.0
0.0 344.0 0.0263 7.0 86.0
0.0 344.0 0.0264 6.0 87.0
0.0 348.0 0.0264 6.0 87.0
0.0 348.0 0.0265 5.0 88.0
0.0 352.0 0.0265 5.0 88.0
0.0 352.0 0.0266 4.0 89.0
0.0 356.0 0.0266 4.0 89.0
0.0 356.0 0.0267 3.0 90.0
0.0 360.0 0.0267 3.0 90.0
0.0 360.0 0.0268 0.0 91.0
0.0 364.0 0.0268 0.0 91.0
0.0 364.0 0.0269 0.0 92.0
0.0 368.0 0.0269 0.0 92.0
0.0 360.0 0.0270 2.0 91.0
0.0 364.0 0.0270 2.0 91.0
0.0 364.0 0.0271 1.0 92.0
0.0 368.0 0.0271 1.0 92.0
0.0 368.0 0.0272 0.0 93.0
0.0 372.0 0.0272 0.0 93.0
0.0 372.0 0.0273 0.0 94.0
0.0 376.0 0.0273 0.0 94.0
0.0 368.0 0.0274 0.0 93.0
0.0 372.0 0.0274 0.0 93.0
0.0 372.0 0.0275 0.0 94.0
0.0 376.0 0.0275 0.0 94.0
0.0 352.0 0.0276 4.0 89.0
0.0 356.0 0.0276 4.0 89.0
0.0 356.0 0.0277 3.0 90.0
0.0 360.0 0.0277 3.0 90.0
0.0 360.0 0.0278 0.0 91.0
0.0 364.0 0.0278 0.0 91.0
0.0 364.0 0.0279 0.0 92.0
0.0 368.0 0.0279 0.0 92.0
0.0 360.0 0.0280 2.0 91.0
0.0 364.0 0.0280 2.0 91.0
0.0 364.0 0.0281 1.0 92.0
0.0 368.0 0.0281 1.0 92.0
0.0 368.0 0.0282 0.0 93.0
0.0 372.0 0.0282 0.0 93.0
0.0 372.0 0.0283 0.0 94.0
0.0 376.0 0.0283 0.0 94.0
0.0 368.0 0.0284 0.0 93.0
0.0 372.0 0.0284 0.0 93.0
0.0 372.0 0.0285 0.0 94.0
0.0 376.0 0.0285 0.0 94.0
0.0 320.0 0.0286 12.0 81.0
0.0 324.0 0.0286 12.0 81.0
0.0 324.0 0.0287 11.0 82.0
0.0 328.0 0.0287 11.0 82.0
0.0 328.0 0.0288 10.0 83.0
0.0 332.0 0.0288 10.0 83.0
0.0 332.0 0.0289 9.0 84.0
0.0 336.0 0.0289 9.0 84.0
0.0 336.0 0.0290 4.0 85.0
0.0 340.0 0.0290 4.0 85.0
0.0 340.0 0.0291 3.0 86.0
0.0 344.0 0.0291 3.0 86.0
0.0 344.0 0.0292 0.0 87.0
0.0 348.0 0.0292 0.0 87.0
0.0 348.0 0.0293 0.0 88.0
0.0 352.0 0.0293 0.0 88.0
0.0 344.0 0.0294 2.0 87.0
0.0 348.0 0.0294 2.0 87.0
0.0 348.0 0.0295 1.0 88.0
0.0 352.0 0.0295 1.0 88.0
0.0 352.0 0.0296 0.0 89.0
0.0 356.0 0.0296 0.0 89.0
0.0 356.0 0.0297 0.0 90.0
0.0 360.0 0.0297 0.0 90.0
0.0 352.0 0.0298 0.0 89.0
0.0 356.0 0.0298 0.0 89.0
0.0 356.0 0.0299 0.0 90.0
0.0 360.0 0.0299 0.0 90.0
0.0 336.0 0.0300 8.0 85.0
0.0 340.0 0.0300 8.0 85.0
0.0 340.0 0.0301 7.0 86.0
0.0 344.0 0.0301 7.0 86.0
0.0 344.0 0.0302 6.0 87.0
0.0 348.0 0.0302 6.0 87.0
0.0 348.0 0.0303 5.0 88.0
0.0 352.0 0.0303 5.0 88.0
0.0 352.0 0.0304 4.0 89.0
0.0 356.0 0.0304 4.0 89.0
0.0 356.0 0.0305 3.0 90.0
0.0 360.0 0.0305 3.0 90.0
0.0 360.0 0.0306 0.0 91.0
0.0 364.0 0.0306 0.0 91.0
0.0 364.0 0.0307 0.0 92.0
0.0 368.0 0.0307 0.0 92.0
0.0 360.0 0.0308 2.0 91.0
0.0 364.0 0.0308 2.0 91.0
0.0 364.0 0.0309 1.0 92.0
0.0 368.0 0.0309 1.0 92.0
0.0 368.0 0.0310 0.0 93.0
0.0 372.0 0.0310 0.0 93.0
0.0 372.0 0.0311 0.0 94.0
0.0 376.0 0.0311 0.0 94.0
0.0 368.0 0.0312 0.0 93.0
0.0 372.0 0.0312 0.0 93.0
0.0 372.0 0.0313 0.0 94.0
0.0 376.0 0.0313 0.0 94.0
0.0 352.0 0.0314 4.0 89.0
0.0 356.0 0.0314 4.0 89.0
0.0 356.0 0.0315 3.0 90.0
0.0 360.0 0.0315 3.0 90.0
0.0 360.0 0.0316 0.0 91.0
0.0 364.0 0.0316 0.0 91.0
0.0 364.0 0.0317 0.0 92.0
0.0 368.0 0.0317 0.0 92.0
0.0 360.0 0.0318 2.0 91.0
0.0 364.0 0.0318 2.0 91.0
0.0 364.0 0.0319 1.0 92.0
0.0 368.0 0.0319 1.0 92.0
0.0 368.0 0.0320 0.0 93.0
0.0 372.0 0.0320 0.0 93.0
0.0 372.0 0.0321 0.0 94.0
0.0 376.0 0.0321 0.0 94.0
0.0 368.0 0.0322 0.0 93.0
0.0 372.0 0.0322 0.0 93.0
0.0 372.0 0.0323 0.0 94.0
0.0 376.0 0.0323 0.0 94.0
0.0 256.0 0.0324 28.0 65.0
0.0 260.0 0.0324 28.0 65.0
0.0 260.0 0.0325 27.0 66.0
0.0 264.0 0.0325 27.0 66.0
0.0 264.0 0.0326 26.0 67.0
0.0 268.0 0.0326 26.0 67.0
0.0 268.0 0.0327 25.0 68.0
0.0 272.0 0.0327 25.0 68.0
0.0 272.0 0.0328 24.0 69.0
0.0 276.0 0.0328 24.0 69.0
0.0 276.0 0.0329 23.0 70.0
0.0 280.0 0.0329 23.0 70.0
0.0 280.0 0.0330 22.0 71.0
0.0 284.0 0.0330 22.0 71.0
0.0 284.0 0.0331 21.0 72.0
0.0 288.0 0.0331 21.0 72.0
0.0 288.0 0.0332 12.0 73.0
0.0 292.0 0.0332 12.0 73.0
0.0 292.0 0.0333 11.0 74.0
0.0 296.0 0.0333 11.0 74.0
0.0 296.0 0.0334 10.0 75.0
0.0 300.0 0.0334 10.0 75.0
0.0 300.0 0.0335 9.0 76.0
0.0 304.0 0.0335 9.0 76.0
0.0 304.0 0.0336 4.0 77.0
0.0 308.0 0.0336 4.0 77.0
0.0 308.0 0.0337 3.0 78.0
0.0 312.0 0.0337 3.0 78.0
0.0 312.0 0.0338 0.0 79.0
0.0 316.0 0.0338 0.0 79.0
0.0 316.0 0.0339 0.0 80.0
0.0 320.0 0.0339 0.0 80.0
0.0 312.0 0.0340 2.0 79.0
0.0 316.0 0.0340 2.0 79.0
0.0 316.0 0.0341 1.0 80.0
0.0 320.0 0.0341 1.0 80.0
0.0 320.0 0.0342 0.0 81.0
0.0 324.0 0.0342 0.0 81.0
0.0 324.0 0.0343 0.0 82.0
0.0 328.0 0.0343 0.0 82.0
0.0 320.0 0.0344 0.0 81.0
0.0 324.0 0.0344 0.0 81.0
0.0 324.0 0.0345 0.0 82.0
0.0 328.0 0.0345 0.0 82.0
0.0 304.0 0.0346 8.0 77.0
0.0 308.0 0.0346 8.0 77.0
0.0 308.0 0.0347 7.0 78.0
0.0 312.0 0.0347 7.0 78.0
0.0 312.0 0.0348 6.0 79.0
0.0 316.0 0.0348 6.0 79.0
0.0 316.0 0.0349 5.0 80.0
0.0 320.0 0.0349 5.0 80.0
0.0 320.0 0.0350 4.0 81.0
0.0 324.0 0.0350 4.0 81.0
0.0 324.0 0.0351 3.0 82.0
0.0 328.0 0.0351 3.0 82.0
0.0 328.0 0.0352 0.0 83.0
0.0 332.0 0.0352 0.0 83.0
0.0 332.0 0.0353 0.0 84.0
0.0 336.0 0.0353 0.0 84.0
0.0 328.0 0.0354 2.0 83.0
0.0 332.0 0.0354 2.0 83.0
0.0 332.0 0.0355 1.0 84.0
0.0 336.0 0.0355 1.0 84.0
0.0 336.0 0.0356 0.0 85.0
0.0 340.0 0.0356 0.0 85.0
0.0 340.0 0.0357 0.0 86.0
0.0 344.0 0.0357 0.0 86.0
0.0 336.0 0.0358 0.0 85.0
0.0 340.0 0.0358 0.0 85.0
0.0 340.0 0.0359 0.0 86.0
0.0 344.0 0.0359 0.0 86.0
0.0 320.0 0.0360 4.0 81.0
0.0 324.0 0.0360 4.0 81.0
0.0 324.0 0.0361 3.0 82.0
0.0 328.0 0.0361 3.0 82.0
0.0 328.0 0.0362 0.0 83.0
0.0 332.0 0.0362 0.0 83.0
0.0 332.0 0.0363 0.0 84.0
0.0 336.0 0.0363 0.0 84.0
0.0 328.0 0.0364 2.0 83.0
0.0 332.0 0.0364 2.0 83.0
0.0 332.0 0.0365 1.0 84.0
0.0 336.0 0.0365 1.0 84.0
0.0 336.0 0.0366 0.0 85.0
0.0 340.0 0.0366 0.0 85.0
0.0 340.0 0.0367 0.0 86.0
0.0 344.0 0.0367 0.0 86.0
0.0 336.0 0.0368 0.0 85.0
0.0 340.0 0.0368 0.0 85.0
0.0 340.0 0.0369 0.0 86.0
0.0 344.0 0.0369 0.0 86.0
0.0 288.0 0.0370 20.0 73.0
0.0 292.0 0.0370 20.0 73.0
0.0 292.0 0.0371 19.0 74.0
0.0 296.0 0.0371 19.0 74.0
0.0 296.0 0.0372 18.0 75.0
0.0 300.0 0.0372 18.0 75.0
0.0 300.0 0.0373 17.0 76.0
0.0 304.0 0.0373 17.0 76.0
0.0 304.0 0.0374 16.0 77.0
0.0 308.0 0.0374 16.0 77.0
0.0 308.0 0.0375 15.0 78.0
0.0 312.0 0.0375 15.0 78.0
0.0 312.0 0.0376 14.0 79.0
0.0 316.0 0.0376 14.0 79.0
0.0 316.0 0.0377 13.0 80.0
0.0 320.0 0.0377 13.0 80.0
0.0 320.0 0.0378 12.0 81.0
0.0 324.0 0.0378 12.0 81.0
0.0 324.0 0.0379 11.0 82.0
0.0 328.0 0.0379 11.0 82.0
0.0 328.0 0.0380 10.0 83.0
0.0 332.0 0.0380 10.0 83.0
0.0 332.0 0.0381 9.0 84.0
0.0 336.0 0.0381 9.0 84.0
0.0 336.0 0.0382 4.0 85.0
0.0 340.0 0.0382 4.0 85.0
0.0 340.0 0.0383 3.0 86.0
0.0 344.0 0.0383 3.0 86.0
0.0 344.0 0.0384 0.0 87.0
0.0 348.0 0.0384 0.0 87.0
0.0 348.0 0.0385 0.0 88.0
0.0 352.0 0.0385 0.0 88.0
0.0 344.0 0.0386 2.0 87.0
0.0 348.0 0.0386 2.0 87.0
0.0 348.0 0.0387 1.0 88.0
0.0 352.0 0.0387 1.0 88.0
0.0 352.0 0.0388 0.0 89.0
0.0 356.0 0.0388 0.0 89.0
0.0 356.0 0.0389 0.0 90.0
0.0 360.0 0.0389 0.0 90.0
0.0 352.0 0.0390 0.0 89.0
0.0 356.0 0.0390 0.0 89.0
0.0 356.0 0.0391 0.0 90.0
0.0 360.0 0.0391 0.0 90.0
0.0 336.0 0.0392 8.0 85.0
0.0 340.0 0.0392 8.0 85.0
0.0 340.0 0.0393 7.0 86.0
0.0 344.0 0.0393 7.0 86.0
0.0 344.0 0.0394 6.0 87.0
0.0 348.0 0.0394 6.0 87.0
0.0 348.0 0.0395 5.0 88.0
0.0 352.0 0.0395 5.0 88.0
0.0 352.0 0.0396 4.0 89.0
0.0 356.0 0.0396 4.0 89.0
0.0 356.0 0.0397 3.0 90.0
0.0 360.0 0.0397 3.0 90.0
0.0 360.0 0.0398 0.0 91.0
0.0 364.0 0.0398 0.0 91.0
0.0 364.0 0.0399 0.0 92.0
0.0 368.0 0.0399 0.0 92.0
0.0 360.0 0.0400 2.0 91.0
0.0 364.0 0.0400 2.0 91.0
0.0 364.0 0.0401 1.0 92.0
0.0 368.0 0.0401 1.0 92.0
0.0 368.0 0.0402 0.0 93.0
0.0 372.0 0.0402 0.0 93.0
0.0 372.0 0.0403 0.0 94.0
0.0 376.0 0.0403 0.0 94.0
0.0 368.0 0.0404 0.0 93.0
0.0 372.0 0.0404 0.0 93.0
0.0 372.0 0.0405 0.0 94.0
0.0 376.0 0.0405 0.0 94.0
0.0 352.0 0.0406 4.0 89.0
0.0 356.0 0.0406 4.0 89.0
0.0 356.0 0.0407 3.0 90.0
0.0 360.0 0.0407 3.0 90.0
0.0 360.0 0.0408 0.0 91.0
0.0 364.0 0.0408 0.0 91.0
0.0 364.0 0.0409 0.0 92.0
0.0 368.0 0.0409 0.0 92.0
0.0 360.0 0.0410 2.0 91.0
0.0 364.0 0.0410 2.0 91.0
0.0 364.0 0.0411 1.0 92.0
0.0 368.0 0.0411 1.0 92.0
0.0 368.0 0.0412 0.0 93.0
0.0 372.0 0.0412 0.0 93.0
0.0 372.0 0.0413 0.0 94.0
0.0 376.0 0.0413 0.0 94.0
0.0 368.0 0.0414 0.0 93.0
0.0 372.0 0.0414 0.0 93.0
0.0 372.0 0.0415 0.0 94.0
0.0 376.0 0.0415 0.0 94.0
0.0 320.0 0.0416 12.0 81.0
0.0 324.0 0.0416 12.0 81.0
0.0 324.0 0.0417 11.0 82.0
0.0 328.0 0.0417 11.0 82.0
0.0 328.0 0.0418 10.0 83.0
0.0 332.0 0.0418 10.0 83.0
0.0 332.0 0.0419 9.0 84.0
0.0 336.0 0.0419 9.0 84.0
0.0 336.0 0.0420 4.0 85.0
0.0 340.0 0.0420 4.0 85.0
0.0 340.0 0.0421 3.0 86.0
0.0 344.0 0.0421 3.0 86.0
0.0 344.0 0.0422 0.0 87.0
0.0 348.0 0.0422 0.0 87.0
0.0 348.0 0.0423 0.0 88.0
0.0 352.0 0.0423 0.0 88.0
0.0 344.0 0.0424 2.0 87.0
0.0 348.0 0.0424 2.0 87.0
0.0 348.0 0.0425 1.0 88.0
0.0 352.0 0.0425 1.0 88.0
0.0 352.0 0.0426 0.0 89.0
0.0 356.0 0.0426 0.0 89.0
0.0 356.0 0.0427 0.0 90.0
0.0 360.0 0.0427 0.0 90.0
0.0 352.0 0.0428 0.0 89.0
0.0 356.0 0.0428 0.0 89.0
0.0 356.0 0.0429 0.0 90.0
0.0 360.0 0.0429 0.0 90.0
0.0 336.0 0.0430 8.0 85.0
0.0 340.0 0.0430 8.0 85.0
0.0 340.0 0.0431 7.0 86.0
0.0 344.0 0.0431 7.0 86.0
0.0 344.0 0.0432 6.0 87.0
0.0 348.0 0.0432 6.0 87.0
0.0 348.0 0.0433 5.0 88.0
0.0 352.0 0.0433 5.0 88.0
0.0 352.0 0.0434 4.0 89.0
0.0 356.0 0.0434 4.0 89.0
0.0 356.0 0.0435 3.0 90.0
0.0 360.0 0.0435 3.0 90.0
0.0 360.0 0.0436 0.0 91.0
0.0 364.0 0.0436 0.0 91.0
0.0 364.0 0.0437 0.0 92.0
0.0 368.0 0.0437 0.0 92.0
0.0 360.0 0.0438 2.0 91.0
0.0 364.0 0.0438 2.0 91.0
0.0 364.0 0.0439 1.0 92.0
0.0 368.0 0.0439 1.0 92.0
0.0 368.0 0.0440 0.0 93.0
0.0 372.0 0.0440 0.0 93.0
0.0 372.0 0.0441 0.0 94.0
0.0 376.0 0.0441 0.0 94.0
0.0 368.0 0.0442 0.0 93.0
0.0 372.0 0.0442 0.0 93.0
0.0 372.0 0.0443 0.0 94.0
0.0 376.0 0.0443 0.0 94.0
0.0 352.0 0.0444 4.0 89.0
0.0 356.0 0.0444 4.0 89.0
0.0 356.0 0.0445 3.0 90.0
0.0 360.0 0.0445 3.0 90.0
0.0 360.0 0.0446 0.0 91.0
0.0 364.0 0.0446 0.0 91.0
0.0 364.0 0.0447 0.0 92.0
0.0 368.0 0.0447 0.0 92.0
0.0 360.0 0.0448 2.0 91.0
0.0 364.0 0.0448 2.0 91.0
0.0 364.0 0.0449 1.0 92.0
0.0 368.0 0.0449 1.0 92.0
0.0 368.0 0.0450 0.0 93.0
0.0 372.0 0.0450 0.0 93.0
0.0 372.0 0.0451 0.0 94.0
0.0 376.0 0.0451 0.0 94.0
0.0 368.0 0.0452 0.0 93.0
0.0 372.0 0.0452 0.0 93.0
0.0 372.0 0.0453 0.0 94.0
0.0 376.0 0.0453 0.0 94.0
0.0 128.0 0.0454 92.0 33.0
0.0 132.0 0.0454 92.0 33.0
0.0 132.0 0.0455 91.0 34.0
0.0 136.0 0.0455 91.0 34.0
0.0 136.0 0.0456 90.0 35.0
0.0 140.0 0.0456 90.0 35.0
0.0 140.0 0.0457 89.0 36.0
0.0 144.0 0.0457 89.0 36.0
0.0 144.0 0.0458 88.0 37.0
0.0 148.0 0.0458 88.0 37.0
0.0 148.0 0.0459 87.0 38.0
0.0 152.0 0.0459 87.0 38.0
0.0 152.0 0.0460 86.0 39.0
0.0 156.0 0.0460 86.0 39.0
0.0 156.0 0.0461 85.0 40.0
0.0 160.0 0.0461 85.0 40.0
0.0 160.0 0.0462 84.0 41.0
0.0 164.0 0.0462 84.0 41.0
0.0 164.0 0.0463 83.0 42.0
0.0 168.0 0.0463 83.0 42.0
0.0 168.0 0.0464 82.0 43.0
0.0 172.0 0.0464 82.0 43.0
0.0 172.0 0.0465 81.0 44.0
0.0 176.0 0.0465 81.0 44.0
0.0 176.0 0.0466 80.0 45.0
0.0 180.0 0.0466 80.0 45.0
0.0 180.0 0.0467 79.0 46.0
0.0 184.0 0.0467 79.0 46.0
0.0 184.0 0.0468 78.0 47.0
0.0 188.0 0.0468 78.0 47.0
0.0 188.0 0.0469 77.0 48.0
0.0 192.0 0.0469 77.0 48.0
0.0 192.0 0.0470 76.0 49.0
0.0 196.0 0.0470 76.0 49.0
0.0 196.0 0.0471 75.0 50.0
0.0 200.0 0.0471 75.0 50.0
0.0 200.0 0.0472 74.0 51.0
0.0 204.0 0.0472 74.0 51.0
0.0 204.0 0.0473 73.0 52.0
0.0 208.0 0.0473 73.0 52.0
0.0 208.0 0.0474 72.0 53.0
0.0 212.0 0.0474 72.0 53.0
0.0 212.0 0.0475 71.0 54.0
0.0 216.0 0.0475 71.0 54.0
0.0 216.0 0.0476 70.0 55.0
0.0 220.0 0.0476 70.0 55.0
0.0 220.0 0.0477 69.0 56.0
0.0 224.0 0.0477 69.0 56.0
0.0 224.0 0.0478 68.0 57.0
0.0 228.0 0.0478 68.0 57.0
0.0 228.0 0.0479 67.0 58.0
0.0 232.0 0.0479 67.0 58.0
0.0 232.0 0.0480 66.0 59.0
0.0 236.0 0.0480 66.0 59.0
0.0 236.0 0.0481 65.0 60.0
0.0 240.0 0.0481 65.0 60.0
0.0 240.0 0.0482 64.0 61.0
0.0 244.0 0.0482 64.0 61.0
0.0 244.0 0.0483 63.0 62.0
0.0 248.0 0.0483 63.0 62.0
0.0 248.0 0.0484 62.0 63.0
0.0 252.0 0.0484 62.0 63.0
0.0 252.0 0.0485 61.0 64.0
0.0 256.0 0.0485 61.0 64.0
0.0 256.0 0.0486 60.0 65.0
0.0 260.0 0.0486 60.0 65.0
0.0 260.0 0.0487 59.0 66.0
0.0 264.0 0.0487 59.0 66.0
0.0 264.0 0.0488 58.0 67.0
0.0 268.0 0.0488 58.0 67.0
0.0 268.0 0.0489 57.0 68.0
0.0 272.0 0.0489 57.0 68.0
0.0 272.0 0.0490 56.0 69.0
0.0 276.0 0.0490 56.0 69.0
0.0 276.0 0.0491 55.0 70.0
0.0 280.0 0.0491 55.0 70.0
0.0 280.0 0.0492 54.0 71.0
0.0 284.0 0.0492 54.0 71.0
0.0 284.0 0.0493 53.0 72.0
0.0 288.0 0.0493 53.0 72.0
0.0 288.0 0.0494 52.0 73.0
0.0 292.0 0.0494 52.0 73.0
0.0 292.0 0.0495 51.0 74.0
0.0 296.0 0.0495 51.0 74.0
0.0 296.0 0.0496 50.0 75.0
0.0 300.0 0.0496 50.0 75.0
0.0 300.0 0.0497 49.0 76.0
0.0 304.0 0.0497 49.0 76.0
0.0 304.0 0.0498 48.0 77.0
0.0 308.0 0.0498 48.0 77.0
0.0 308.0 0.0499 47.0 78.0
0.0 312.0 0.0499 47.0 78.0
0.0 312.0 0.0500 46.0 79.0
0.0 316.0 0.0500 46.0 79.0
0.0 316.0 0.0501 45.0 80.0
0.0 320.0 0.0501 45.0 80.0
0.0 320.0 0.0502 28.0 81.0
0.0 324.0 0.0502 28.0 81.0
0.0 324.0 0.0503 27.0 82.0
0.0 328.0 0.0503 27.0 82.0
0.0 328.0 0.0504 26.0 83.0
0.0 332.0 0.0504 26.0 83.0
0.0 332.0 0.0505 25.0 84.0
0.0 336.0 0.0505 25.0 84.0
0.0 336.0 0.0506 24.0 85.0
0.0 340.0 0.0506 24.0 85.0
0.0 340.0 0.0507 23.0 86.0
0.0 344.0 0.0507 23.0 86.0
0.0 344.0 0.0508 22.0 87.0
0.0 348.0 0.0508 22.0 87.0
0.0 348.0 0.0509 21.0 88.0
0.0 352.0 0.0509 21.0 88.0
0.0 352.0 0.0510 12.0 89.0
0.0 356.0 0.0510 12.0 89.0
0.0 356.0 0.0511 11.0 90.0
0.0 360.0 0.0511 11.0 90.0
0.0 360.0 0.0512 10.0 91.0
0.0 364.0 0.0512 10.0 91.0
0.0 364.0 0.0513 9.0 92.0
0.0 368.0 0.0513 9.0 92.0
0.0 368.0 0.0514 4.0 93.0
0.0 372.0 0.0514 4.0 93.0
0.0 372.0 0.0515 3.0 94.0
0.0 376.0 0.0515 3.0 94.0
0.0 376.0 0.0516 0.0 95.0
0.0 380.0 0.0516 0.0 95.0
0.0 380.0 0.0517 0.0 96.0
0.0 384.0 0.0517 0.0 96.0
0.0 376.0 0.0518 2.0 95.0
0.0 380.0 0.0518 2.0 95.0
0.0 380.0 0.0519 1.0 96.0
0.0 384.0 0.0519 1.0 96.0
0.0 384.0 0.0520 0.0 97.0
0.0 388.0 0.0520 0.0 97.0
0.0 388.0 0.0521 0.0 98.0
0.0 392.0 0.0521 0.0 98.0
0.0 384.0 0.0522 0.0 97.0
0.0 388.0 0.0522 0.0 97.0
0.0 388.0 0.0523 0.0 98.0
0.0 392.0 0.0523 0.0 98.0
0.0 368.0 0.0524 8.0 93.0
0.0 372.0 0.0524 8.0 93.0
0.0 372.0 0.0525 7.0 94.0
0.0 376.0 0.0525 7.0 94.0
0.0 376.0 0.0526 6.0 95.0
0.0 380.0 0.0526 6.0 95.0
0.0 380.0 0.0527 5.0 96.0
0.0 384.0 0.0527 5.0 96.0
0.0 384.0 0.0528 4.0 97.0
0.0 388.0 0.0528 4.0 97.0
0.0 388.0 0.0529 3.0 98.0
0.0 392.0 0.0529 3.0 98.0
0.0 392.0 0.0530 0.0 99.0
0.0 396.0 0.0530 0.0 99.0
0.0 396.0 0.0531 0.0 100.0
0.0 400.0 0.0531 0.0 100.0
0.0 392.0 0.0532 2.0 99.0
0.0 396.0 0.0532 2.0 99.0
0.0 396.0 0.0533 1.0 100.0
0.0 400.0 0.0533 1.0 100.0
0.0 400.0 0.0534 0.0 101.0
0.0 404.0 0.0534 0.0 101.0
0.0 404.0 0.0535 0.0 102.0
0.0 408.0 0.0535 0.0 102.0
0.0 400.0 0.0536 0.0 101.0
0.0 404.0 0.0536 0.0 101.0
0.0 404.0 0.0537 0.0 102.0
0.0 408.0 0.0537 0.0 102.0
0.0 384.0 0.0538 4.0 97.0
0.0 388.0 0.0538 4.0 97.0
0.0 388.0 0.0539 3.0 98.0
0.0 392.0 0.0539 3.0 98.0
0.0 392.0 0.0540 0.0 99.0
0.0 396.0 0.0540 0.0 99.0
0.0 396.0 0.0541 0.0 100.0
0.0 400.0 0.0541 0.0 100.0
0.0 392.0 0.0542 2.0 99.0
0.0 396.0 0.0542 2.0 99.0
0.0 396.0 0.0543 1.0 100.0
0.0 400.0 0.0543 1.0 100.0
0.0 400.0 0.0544 0.0 101.0
0.0 404.0 0.0544 0.0 101.0
0.0 404.0 0.0545 0.0 102.0
0.0 408.0 0.0545 0.0 102.0
0.0 400.0 0.0546 0.0 101.0
0.0 404.0 0.0546 0.0 101.0
0.0 404.0 0.0547 0.0 102.0
0.0 408.0 0.0547 0.0 102.0
0.0 352.0 0.0548 20.0 89.0
0.0 356.0 0.0548 20.0 89.0
0.0 356.0 0.0549 19.0 90.0
0.0 360.0 0.0549 19.0 90.0
0.0 360.0 0.0550 18.0 91.0
0.0 364.0 0.0550 18.0 91.0
0.0 364.0 0.0551 17.0 92.0
0.0 368.0 0.0551 17.0 92.0
0.0 368.0 0.0552 16.0 93.0
0.0 372.0 0.0552 16.0 93.0
0.0 372.0 0.0553 15.0 94.0
0.0 376.0 0.0553 15.0 94.0
0.0 376.0 0.0554 14.0 95.0
0.0 380.0 0.0554 14.0 95.0
0.0 380.0 0.0555 13.0 96.0
0.0 384.0 0.0555 13.0 96.0
0.0 384.0 0.0556 12.0 97.0
0.0 388.0 0.0556 12.0 97.0
0.0 388.0 0.0557 11.0 98.0
0.0 392.0 0.0557 11.0 98.0
0.0 392.0 0.0558 10.0 99.0
0.0 396.0 0.0558 10.0 99.0
0.0 396.0 0.0559 9.0 100.0
0.0 400.0 0.0559 9.0 100.0
0.0 400.0 0.0560 4.0 101.0
0.0 404.0 0.0560 4.0 101.0
0.0 404.0 0.0561 3.0 102.0
0.0 408.0 0.0561 3.0 102.0
0.0 408.0 0.0562 0.0 103.0
0.0 412.0 0.0562 0.0 103.0
0.0 412.0 0.0563 0.0 104.0
0.0 416.0 0.0563 0.0 104.0
0.0 408.0 0.0564 2.0 103.0
0.0 412.0 0.0564 2.0 103.0
0.0 412.0 0.0565 1.0 104.0
0.0 416.0 0.0565 1.0 104.0
0.0 416.0 0.0566 0.0 105.0
0.0 420.0 0.0566 0.0 105.0
0.0 420.0 0.0567 0.0 106.0
0.0 424.0 0.0567 0.0 106.0
0.0 416.0 0.0568 0.0 105.0
0.0 420.0 0.0568 0.0 105.0
0.0 420.0 0.0569 0.0 106.0
0.0 424.0 0.0569 0.0 106.0
0.0 400.0 0.0570 8.0 101.0
0.0 404.0 0.0570 8.0 101.0
0.0 404.0 0.0571 7.0 102.0
0.0 408.0 0.0571 7.0 102.0
0.0 408.0 0.0572 6.0 103.0
0.0 412.0 0.0572 6.0 103.0
0.0 412.0 0.0573 5.0 104.0
0.0 416.0 0.0573 5.0 104.0
0.0 416.0 0.0574 4.0 105.0
0.0 420.0 0.0574 4.0 105.0
0.0 420.0 0.0575 3.0 106.0
0.0 424.0 0.0575 3.0 106.0
0.0 424.0 0.0576 0.0 107.0
0.0 428.0 0.0576 0.0 107.0
0.0 428.0 0.0577 0.0 108.0
0.0 432.0 0.0577 0.0 108.0
0.0 424.0 0.0578 2.0 107.0
0.0 428.0 0.0578 2.0 107.0
0.0 428.0 0.0579 1.0 108.0
0.0 432.0 0.0579 1.0 108.0
0.0 432.0 0.0580 0.0 109.0
0.0 436.0 0.0580 0.0 109.0
0.0 436.0 0.0581 0.0 110.0
0.0 440.0 0.0581 0.0 110.0
0.0 432.0 0.0582 0.0 109.0
0.0 436.0 0.0582 0.0 109.0
0.0 436.0 0.0583 0.0 110.0
0.0 440.0 0.0583 0.0 110.0
0.0 416.0 0.0584 4.0 105.0
0.0 420.0 0.0584 4.0 105.0
0.0 420.0 0.0585 3.0 106.0
0.0 424.0 0.0585 3.0 106.0
0.0 424.0 0.0586 0.0 107.0
0.0 428.0 0.0586 0.0 107.0
0.0 428.0 0.0587 0.0 108.0
0.0 432.0 0.0587 0.0 108.0
0.0 424.0 0.0588 2.0 107.0
0.0 428.0 0.0588 2.0 107.0
0.0 428.0 0.0589 1.0 108.0
0.0 432.0 0.0589 1.0 108.0
0.0 432.0 0.0590 0.0 109.0
0.0 436.0 0.0590 0.0 109.0
0.0 436.0 0.0591 0.0 110.0
0.0 440.0 0.0591 0.0 110.0
0.0 432.0 0.0592 0.0 109.0
0.0 436.0 0.0592 0.0 109.0
0.0 436.0 0.0593 0.0 110.0
0.0 440.0 0.0593 0.0 110.0
0.0 384.0 0.0594 12.0 97.0
0.0 388.0 0.0594 12.0 97.0
0.0 388.0 0.0595 11.0 98.0
0.0 392.0 0.0595 11.0 98.0
0.0 392.0 0.0596 10.0 99.0
0.0 396.0 0.0596 10.0 99.0
0.0 396.0 0.0597 9.0 100.0
0.0 400.0 0.0597 9.0 100.0
0.0 400.0 0.0598 4.0 101.0
0.0 404.0 0.0598 4.0 101.0
0.0 404.0 0.0599 3.0 102.0
0.0 408.0 0.0599 3.0 102.0
0.0 408.0 0.0600 0.0 103.0
0.0 412.0 0.0600 0.0 103.0
0.0 412.0 0.0601 0.0 104.0
0.0 416.0 0.0601 0.0 104.0
0.0 408.0 0.0602 2.0 103.0
0.0 412.0 0.0602 2.0 103.0
0.0 412.0 0.0603 1.0 104.0
0.0 416.0 0.0603 1.0 104.0
0.0 416.0 0.0604 0.0 105.0
0.0 420.0 0.0604 0.0 105.0
0.0 420.0 0.0605 0.0 106.0
0.0 424.0 0.0605 0.0 106.0
0.0 416.0 0.0606 0.0 105.0
0.0 420.0 0.0606 0.0 105.0
0.0 420.0 0.0607 0.0 106.0
0.0 424.0 0.0607 0.0 106.0
0.0 400.0 0.0608 8.0 101.0
0.0 404.0 0.0608 8.0 101.0
0.0 404.0 0.0609 7.0 102.0
0.0 408.0 0.0609 7.0 102.0
0.0 408.0 0.0610 6.0 103.0
0.0 412.0 0.0610 6.0 103.0
0.0 412.0 0.0611 5.0 104.0
0.0 416.0 0.0611 5.0 104.0
0.0 416.0 0.0612 4.0 105.0
0.0 420.0 0.0612 4.0 105.0
0.0 420.0 0.0613 3.0 106.0
0.0 424.0 0.0613 3.0 106.0
0.0 424.0 0.0614 0.0 107.0
0.0 428.0 0.0614 0.0 107.0
0.0 428.0 0.0615 0.0 108.0
0.0 432.0 0.0615 0.0 108.0
0.0 424.0 0.0616 2.0 107.0
0.0 428.0 0.0616 2.0 107.0
0.0 428.0 0.0617 1.0 108.0
0.0 432.0 0.0617 1.0 108.0
0.0 432.0 0.0618 0.0 109.0
0.0 436.0 0.0618 0.0 109.0
0.0 436.0 0.0619 0.0 110.0
0.0 440.0 0.0619 0.0 110.0
0.0 432.0 0.0620 0.0 109.0
0.0 436.0 0.0620 0.0 109.0
0.0 436.0 0.0621 0.0 110.0
0.0 440.0 0.0621 0.0 110.0
0.0 416.0 0.0622 4.0 105.0
0.0 420.0 0.0622 4.0 105.0
0.0 420.0 0.0623 3.0 106.0
0.0 424.0 0.0623 3.0 106.0
0.0 424.0 0.0624 0.0 107.0
0.0 428.0 0.0624 0.0 107.0
0.0 428.0 0.0625 0.0 108.0
0.0 432.0 0.0625 0.0 108.0
0.0 424.0 0.0626 2.0 107.0
0.0 428.0 0.0626 2.0 107.0
0.0 428.0 0.0627 1.0 108.0
0.0 432.0 0.0627 1.0 108.0
0.0 432.0 0.0628 0.0 109.0
0.0 436.0 0.0628 0.0 109.0
0.0 436.0 0.0629 0.0 110.0
0.0 440.0 0.0629 0.0 110.0
0.0 432.0 0.0630 0.0 109.0
0.0 436.0 0.0630 0.0 109.0
0.0 436.0 0.0631 0.0 110.0
0.0 440.0 0.0631 0.0 110.0
0.0 320.0 0.0632 44.0 81.0
0.0 324.0 0.0632 44.0 81.0
0.0 324.0 0.0633 43.0 82.0
0.0 328.0 0.0633 43.0 82.0
0.0 328.0 0.0634 42.0 83.0
0.0 332.0 0.0634 42.0 83.0
0.0 332.0 0.0635 41.0 84.0
0.0 336.0 0.0635 41.0 84.0
0.0 336.0 0.0636 40.0 85.0
0.0 340.0 0.0636 40.0 85.0
0.0 340.0 0.0637 39.0 86.0
0.0 344.0 0.0637 39.0 86.0
0.0 344.0 0.0638 38.0 87.0
0.0 348.0 0.0638 38.0 87.0
0.0 348.0 0.0639 37.0 88.0
0.0 352.0 0.0639 37.0 88.0
0.0 352.0 0.0640 36.0 89.0
0.0 356.0 0.0640 36.0 89.0
0.0 356.0 0.0641 35.0 90.0
0.0 360.0 0.0641 35.0 90.0
0.0 360.0 0.0642 34.0 91.0
0.0 364.0 0.0642 34.0 91.0
0.0 364.0 0.0643 33.0 92.0
0.0 368.0 0.0643 33.0 92.0
0.0 368.0 0.0644 32.0 93.0
0.0 372.0 0.0644 32.0 93.0
0.0 372.0 0.0645 31.0 94.0
0.0 376.0 0.0645 31.0 94.0
0.0 376.0 0.0646 30.0 95.0
0.0 380.0 0.0646 30.0 95.0
0.0 380.0 0.0647 29.0 96.0
0.0 384.0 0.0647 29.0 96.0
0.0 384.0 0.0648 28.0 97.0
0.0 388.0 0.0648 28.0 97.0
0.0 388.0 0.0649 27.0 98.0
0.0 392.0 0.0649 27.0 98.0
0.0 392.0 0.0650 26.0 99.0
0.0 396.0 0.0650 26.0 99.0
0.0 396.0 0.0651 25.0 100.0
0.0 400.0 0.0651 25.0 100.0
0.0 400.0 0.0652 24.0 101.0
0.0 404.0 0.0652 24.0 101.0
0.0 404.0 0.0653 23.0 102.0
0.0 408.0 0.0653 23.0 102.0
0.0 408.0 0.0654 22.0 103.0
0.0 412.0 0.0654 22.0 103.0
0.0 412.0 0.0655 21.0 104.0
0.0 416.0 0.0655 21.0 104.0
0.0 416.0 0.0656 12.0 105.0
0.0 420.0 0.0656 12.0 105.0
0.0 420.0 0.0657 11.0 106.0
0.0 424.0 0.0657 11.0 106.0
0.0 424.0 0.0658 10.0 107.0
0.0 428.0 0.0658 10.0 107.0
0.0 428.0 0.0659 9.0 108.0
0.0 432.0 0.0659 9.0 108.0
0.0 432.0 0.0660 4.0 109.0
0.0 436.0 0.0660 4.0 109.0
0.0 436.0 0.0661 3.0 110.0
0.0 440.0 0.0661 3.0 110.0
0.0 440.0 0.0662 0.0 111.0
0.0 444.0 0.0662 0.0 111.0
0.0 444.0 0.0663 0.0 112.0
0.0 448.0 0.0663 0.0 112.0
0.0 440.0 0.0664 2.0 111.0
0.0 444.0 0.0664 2.0 111.0
0.0 444.0 0.0665 1.0 112.0
0.0 448.0 0.0665 1.0 112.0
0.0 448.0 0.0666 0.0 113.0
0.0 452.0 0.0666 0.0 113.0
0.0 452.0 0.0667 0.0 114.0
0.0 456.0 0.0667 0.0 114.0
0.0 448.0 0.0668 0.0 113.0
0.0 452.0 0.0668 0.0 113.0
0.0 452.0 0.0669 0.0 114.0
0.0 456.0 0.0669 0.0 114.0
0.0 432.0 0.0670 8.0 109.0
0.0 436.0 0.0670 8.0 109.0
0.0 436.0 0.0671 7.0 110.0
0.0 440.0 0.0671 7.0 110.0
0.0 440.0 0.0672 6.0 111.0
0.0 444.0 0.0672 6.0 111.0
0.0 444.0 0.0673 5.0 112.0
0.0 448.0 0.0673 5.0 112.0
0.0 448.0 0.0674 4.0 113.0
0.0 452.0 0.0674 4.0 113.0
0.0 452.0 0.0675 3.0 114.0
0.0 456.0 0.0675 3.0 114.0
0.0 456.0 0.0676 0.0 115.0
0.0 460.0 0.0676 0.0 115.0
0.0 460.0 0.0677 0.0 116.0
0.0 464.0 0.0677 0.0 116.0
0.0 456.0 0.0678 2.0 115.0
0.0 460.0 0.0678 2.0 115.0
0.0 460.0 0.0679 1.0 116.0
0.0 464.0 0.0679 1.0 116.0
0.0 464.0 0.0680 0.0 117.0
0.0 468.0 0.0680 0.0 117.0
0.0 468.0 0.0681 0.0 118.0
0.0 472.0 0.0681 0.0 118.0
0.0 464.0 0.0682 0.0 117.0
0.0 468.0 0.0682 0.0 117.0
0.0 468.0 0.0683 0.0 118.0
0.0 472.0 0.0683 0.0 118.0
0.0 448.0 0.0684 4.0 113.0
0.0 452.0 0.0684 4.0 113.0
0.0 452.0 0.0685 3.0 114.0
0.0 456.0 0.0685 3.0 114.0
0.0 456.0 0.0686 0.0 115.0
0.0 460.0 0.0686 0.0 115.0
0.0 460.0 0.0687 0.0 116.0
0.0 464.0 0.0687 0.0 116.0
0.0 456.0 0.0688 2.0 115.0
0.0 460.0 0.0688 2.0 115.0
0.0 460.0 0.0689 1.0 116.0
0.0 464.0 0.0689 1.0 116.0
0.0 464.0 0.0690 0.0 117.0
0.0 468.0 0.0690 0.0 117.0
0.0 468.0 0.0691 0.0 118.0
0.0 472.0 0.0691 0.0 118.0
0.0 464.0 0.0692 0.0 117.0
0.0 468.0 0.0692 0.0 117.0
0.0 468.0 0.0693 0.0 118.0
0.0 472.0 0.0693 0.0 118.0
0.0 416.0 0.0694 20.0 105.0
0.0 420.0 0.0694 20.0 105.0
0.0 420.0 0.0695 19.0 106.0
0.0 424.0 0.0695 19.0 106.0
0.0 424.0 0.0696 18.0 107.0
0.0 428.0 0.0696 18.0 107.0
0.0 428.0 0.0697 17.0 108.0
0.0 432.0 0.0697 17.0 108.0
0.0 432.0 0.0698 16.0 109.0
0.0 436.0 0.0698 16.0 109.0
0.0 436.0 0.0699 15.0 110.0
0.0 440.0 0.0699 15.0 110.0
0.0 440.0 0.0700 14.0 111.0
0.0 444.0 0.0700 14.0 111.0
0.0 444.0 0.0701 13.0 112.0
0.0 448.0 0.0701 13.0 112.0
0.0 448.0 0.0702 12.0 113.0
0.0 452.0 0.0702 12.0 113.0
0.0 452.0 0.0703 11.0 114.0
0.0 456.0 0.0703 11.0 114.0
0.0 456.0 0.0704 10.0 115.0
0.0 460.0 0.0704 10.0 115.0
0.0 460.0 0.0705 9.0 116.0
0.0 464.0 0.0705 9.0 116.0
0.0 464.0 0.0706 4.0 117.0
0.0 468.0 0.0706 4.0 117.0
0.0 468.0 0.0707 3.0 118.0
0.0 472.0 0.0707 3.0 118.0
0.0 472.0 0.0708 0.0 119.0
0.0 476.0 0.0708 0.0 119.0
0.0 476.0 0.0709 0.0 120.0
0.0 480.0 0.0709 0.0 120.0
0.0 472.0 0.0710 2.0 119.0
0.0 476.0 0.0710 2.0 119.0
0.0 476.0 0.0711 1.0 120.0
0.0 480.0 0.0711 1.0 120.0
0.0 480.0 0.0712 0.0 121.0
0.0 484.0 0.0712 0.0 121.0
0.0 484.0 0.0713 0.0 122.0
0.0 488.0 0.0713 0.0 122.0
0.0 480.0 0.0714 0.0 121.0
0.0 484.0 0.0714 0.0 121.0
0.0 484.0 0.0715 0.0 122.0
0.0 488.0 0.0715 0.0 122.0
0.0 464.0 0.0716 8.0 117.0
0.0 468.0 0.0716 8.0 117.0
0.0 468.0 0.0717 7.0 118.0
0.0 472.0 0.0717 7.0 118.0
0.0 472.0 0.0718 6.0 119.0
0.0 476.0 0.0718 6.0 119.0
0.0 476.0 0.0719 5.0 120.0
0.0 480.0 0.0719 5.0 120.0
0.0 480.0 0.0720 4.0 121.0
0.0 484.0 0.0720 4.0 121.0
0.0 484.0 0.0721 3.0 122.0
0.0 488.0 0.0721 3.0 122.0
0.0 488.0 0.0722 0.0 123.0
0.0 492.0 0.0722 0.0 123.0
0.0 492.0 0.0723 0.0 124.0
0.0 496.0 0.0723 0.0 124.0
0.0 488.0 0.0724 2.0 123.0
0.0 492.0 0.0724 2.0 123.0
0.0 492.0 0.0725 1.0 124.0
0.0 496.0 0.0725 1.0 124.0
0.0 496.0 0.0726 0.0 125.0
0.0 500.0 0.0726 0.0 125.0
0.0 500.0 0.0727 0.0 126.0
0.0 504.0 0.0727 0.0 126.0
0.0 496.0 0.0728 0.0 125.0
0.0 500.0 0.0728 0.0 125.0
0.0 500.0 0.0729 0.0 126.0
0.0 504.0 0.0729 0.0 126.0
0.0 480.0 0.0730 4.0 121.0
0.0 484.0 0.0730 4.0 121.0
0.0 484.0 0.0731 3.0 122.0
0.0 488.0 0.0731 3.0 122.0
0.0 488.0 0.0732 0.0 123.0
0.0 492.0 0.0732 0.0 123.0
0.0 492.0 0.0733 0.0 124.0
0.0 496.0 0.0733 0.0 124.0
0.0 488.0 0.0734 2.0 123.0
0.0 492.0 0.0734 2.0 123.0
0.0 492.0 0.0735 1.0 124.0
0.0 496.0 0.0735 1.0 124.0
0.0 496.0 0.0736 0.0 125.0
0.0 500.0 0.0736 0.0 125.0
0.0 500.0 0.0737 0.0 126.0
0.0 504.0 0.0737 0.0 126.0
0.0 496.0 0.0738 0.0 125.0
0.0 500.0 0.0738 0.0 125.0
0.0 500.0 0.0739 0.0 126.0
0.0 504.0 0.0739 0.0 126.0
0.0 448.0 0.0740 12.0 113.0
0.0 452.0 0.0740 12.0 113.0
0.0 452.0 0.0741 11.0 114.0
0.0 456.0 0.0741 11.0 114.0
0.0 456.0 0.0742 10.0 115.0
0.0 460.0 0.0742 10.0 115.0
0.0 460.0 0.0743 9.0 116.0
0.0 464.0 0.0743 9.0 116.0
0.0 464.0 0.0744 4.0 117.0
0.0 468.0 0.0744 4.0 117.0
0.0 468.0 0.0745 3.0 118.0
0.0 472.0 0.0745 3.0 118.0
0.0 472.0 0.0746 0.0 119.0
0.0 476.0 0.0746 0.0 119.0
0.0 476.0 0.0747 0.0 120.0
0.0 480.0 0.0747 0.0 120.0
0.0 472.0 0.0748 2.0 119.0
0.0 476.0 0.0748 2.0 119.0
0.0 476.0 0.0749 1.0 120.0
0.0 480.0 0.0749 1.0 120.0
0.0 480.0 0.0750 0.0 121.0
0.0 484.0 0.0750 0.0 121.0
0.0 484.0 0.0751 0.0 122.0
0.0 488.0 0.0751 0.0 122.0
0.0 480.0 0.0752 0.0 121.0
0.0 484.0 0.0752 0.0 121.0
0.0 484.0 0.0753 0.0 122.0
0.0 488.0 0.0753 0.0 122.0
0.0 464.0 0.0754 8.0 117.0
0.0 468.0 0.0754 8.0 117.0
0.0 468.0 0.0755 7.0 118.0
0.0 472.0 0.0755 7.0 118.0
0.0 472.0 0.0756 6.0 119.0
0.0 476.0 0.0756 6.0 119.0
0.0 476.0 0.0757 5.0 120.0
0.0 480.0 0.0757 5.0 120.0
0.0 480.0 0.0758 4.0 121.0
0.0 484.0 0.0758 4.0 121.0
0.0 484.0 0.0759 3.0 122.0
0.0 488.0 0.0759 3.0 122.0
0.0 488.0 0.0760 0.0 123.0
0.0 492.0 0.0760 0.0 123.0
0.0 492.0 0.0761 0.0 124.0
0.0 496.0 0.0761 0.0 124.0
0.0 488.0 0.0762 2.0 123.0
0.0 492.0 0.0762 2.0 123.0
0.0 492.0 0.0763 1.0 124.0
0.0 496.0 0.0763 1.0 124.0
0.0 496.0 0.0764 0.0 125.0
0.0 500.0 0.0764 0.0 125.0
0.0 500.0 0.0765 0.0 126.0
0.0 504.0 0.0765 0.0 126.0
0.0 496.0 0.0766 0.0 125.0
0.0 500.0 0.0766 0.0 125.0
0.0 500.0 0.0767 0.0 126.0
0.0 504.0 0.0767 0.0 126.0
0.0 480.0 0.0768 4.0 121.0
0.0 484.0 0.0768 4.0 121.0
0.0 484.0 0.0769 3.0 122.0
0.0 488.0 0.0769 3.0 122.0
0.0 488.0 0.0770 0.0 123.0
0.0 492.0 0.0770 0.0 123.0
0.0 492.0 0.0771 0.0 124.0
0.0 496.0 0.0771 0.0 124.0
0.0 488.0 0.0772 2.0 123.0
0.0 492.0 0.0772 2.0 123.0
0.0 492.0 0.0773 1.0 124.0
0.0 496.0 0.0773 1.0 124.0
0.0 496.0 0.0774 0.0 125.0
0.0 500.0 0.0774 0.0 125.0
0.0 500.0 0.0775 0.0 126.0
0.0 504.0 0.0775 0.0 126.0
0.0 496.0 0.0776 0.0 125.0
0.0 500.0 0.0776 0.0 125.0
0.0 500.0 0.0777 0.0 126.0
0.0 504.0 0.0777 0.0 126.0
0.0 384.0 0.0778 28.0 97.0
0.0 388.0 0.0778 28.0 97.0
0.0 388.0 0.0779 27.0 98.0
0.0 392.0 0.0779 27.0 98.0
0.0 392.0 0.0780 26.0 99.0
0.0 396.0 0.0780 26.0 99.0
0.0 396.0 0.0781 25.0 100.0
0.0 400.0 0.0781 25.0 100.0
0.0 400.0 0.0782 24.0 101.0
0.0 404.0 0.0782 24.0 101.0
0.0 404.0 0.0783 23.0 102.0
0.0 408.0 0.0783 23.0 102.0
0.0 408.0 0.0784 22.0 103.0
0.0 412.0 0.0784 22.0 103.0
0.0 412.0 0.0785 21.0 104.0
0.0 416.0 0.0785 21.0 104.0
0.0 416.0 0.0786 12.0 105.0
0.0 420.0 0.0786 12.0 105.0
0.0 420.0 0.0787 11.0 106.0
0.0 424.0 0.0787 11.0 106.0
0.0 424.0 0.0788 10.0 107.0
0.0 428.0 0.0788 10.0 107.0
0.0 428.0 0.0789 9.0 108.0
0.0 432.0 0.0789 9.0 108.0
0.0 432.0 0.0790 4.0 109.0
0.0 436.0 0.0790 4.0 109.0
0.0 436.0 0.0791 3.0 110.0
0.0 440.0 0.0791 3.0 110.0
0.0 440.0 0.0792 0.0 111.0
0.0 444.0 0.0792 0.0 111.0
0.0 444.0 0.0793 0.0 112.0
0.0 448.0 0.0793 0.0 112.0
0.0 440.0 0.0794 2.0 111.0
0.0 444.0 0.0794 2.0 111.0
0.0 444.0 0.0795 1.0 112.0
0.0 448.0 0.0795 1.0 112.0
0.0 448.0 0.0796 0.0 113.0
0.0 452.0 0.0796 0.0 113.0
0.0 452.0 0.0797 0.0 114.0
0.0 456.0 0.0797 0.0 114.0
0.0 448.0 0.0798 0.0 113.0
0.0 452.0 0.0798 0.0 113.0
0.0 452.0 0.0799 0.0 114.0
0.0 456.0 0.0799 0.0 114.0
0.0 432.0 0.0800 8.0 109.0
0.0 436.0 0.0800 8.0 109.0
0.0 436.0 0.0801 7.0 110.0
0.0 440.0 0.0801 7.0 110.0
0.0 440.0 0.0802 6.0 111.0
0.0 444.0 0.0802 6.0 111.0
0.0 444.0 0.0803 5.0 112.0
0.0 448.0 0.0803 5.0 112.0
0.0 448.0 0.0804 4.0 113.0
0.0 452.0 0.0804 4.0 113.0
0.0 452.0 0.0805 3.0 114.0
0.0 456.0 0.0805 3.0 114.0
0.0 456.0 0.0806 0.0 115.0
0.0 460.0 0.0806 0.0 115.0
0.0 460.0 0.0807 0.0 116.0
0.0 464.0 0.0807 0.0 116.0
0.0 456.0 0.0808 2.0 115.0
0.0 460.0 0.0808 2.0 115.0
0.0 460.0 0.0809 1.0 116.0
0.0 464.0 0.0809 1.0 116.0
0.0 464.0 0.0810 0.0 117.0
0.0 468.0 0.0810 0.0 117.0
0.0 468.0 0.0811 0.0 118.0
0.0 472.0 0.0811 0.0 118.0
0.0 464.0 0.0812 0.0 117.0
0.0 468.0 0.0812 0.0 117.0
0.0 468.0 0.0813 0.0 118.0
0.0 472.0 0.0813 0.0 118.0
0.0 448.0 0.0814 4.0 113.0
0.0 452.0 0.0814 4.0 113.0
0.0 452.0 0.0815 3.0 114.0
0.0 456.0 0.0815 3.0 114.0
0.0 456.0 0.0816 0.0 115.0
0.0 460.0 0.0816 0.0 115.0
0.0 460.0 0.0817 0.0 116.0
0.0 464.0 0.0817 0.0 116.0
0.0 456.0 0.0818 2.0 115.0
0.0 460.0 0.0818 2.0 115.0
0.0 460.0 0.0819 1.0 116.0
0.0 464.0 0.0819 1.0 116.0
0.0 464.0 0.0820 0.0 117.0
0.0 468.0 0.0820 0.0 117.0
0.0 468.0 0.0821 0.0 118.0
0.0 472.0 0.0821 0.0 118.0
0.0 464.0 0.0822 0.0 117.0
0.0 468.0 0.0822 0.0 117.0
0.0 468.0 0.0823 0.0 118.0
0.0 472.0 0.0823 0.0 118.0
0.0 416.0 0.0824 20.0 105.0
0.0 420.0 0.0824 20.0 105.0
0.0 420.0 0.0825 19.0 106.0
0.0 424.0 0.0825 19.0 106.0
0.0 424.0 0.0826 18.0 107.0
0.0 428.0 0.0826 18.0 107.0
0.0 428.0 0.0827 17.0 108.0
0.0 432.0 0.0827 17.0 108.0
0.0 432.0 0.0828 16.0 109.0
0.0 436.0 0.0828 16.0 109.0
0.0 436.0 0.0829 15.0 110.0
0.0 440.0 0.0829 15.0 110.0
0.0 440.0 0.0830 14.0 111.0
0.0 444.0 0.0830 14.0 111.0
0.0 444.0 0.0831 13.0 112.0
0.0 448.0 0.0831 13.0 112.0
0.0 448.0 0.0832 12.0 113.0
0.0 452.0 0.0832 12.0 113.0
0.0 452.0 0.0833 11.0 114.0
0.0 456.0 0.0833 11.0 114.0
0.0 456.0 0.0834 10.0 115.0
0.0 460.0 0.0834 10.0 115.0
0.0 460.0 0.0835 9.0 116.0
0.0 464.0 0.0835 9.0 116.0
0.0 464.0 0.0836 4.0 117.0
0.0 468.0 0.0836 4.0 117.0
0.0 468.0 0.0837 3.0 118.0
0.0 472.0 0.0837 3.0 118.0
0.0 472.0 0.0838 0.0 119.0
0.0 476.0 0.0838 0.0 119.0
0.0 476.0 0.0839 0.0 120.0
0.0 480.0 0.0839 0.0 120.0
0.0 472.0 0.0840 2.0 119.0
0.0 476.0 0.0840 2.0 119.0
0.0 476.0 0.0841 1.0 120.0
0.0 480.0 0.0841 1.0 120.0
0.0 480.0 0.0842 0.0 121.0
0.0 484.0 0.0842 0.0 121.0
0.0 484.0 0.0843 0.0 122.0
0.0 488.0 0.0843 0.0 122.0
0.0 480.0 0.0844 0.0 121.0
0.0 484.0 0.0844 0.0 121.0
0.0 484.0 0.0845 0.0 122.0
0.0 488.0 0.0845 0.0 122.0
0.0 464.0 0.0846 8.0 117.0
0.0 468.0 0.0846 8.0 117.0
0.0 468.0 0.0847 7.0 118.0
0.0 472.0 0.0847 7.0 118.0
0.0 472.0 0.0848 6.0 119.0
0.0 476.0 0.0848 6.0 119.0
0.0 476.0 0.0849 5.0 120.0
0.0 480.0 0.0849 5.0 120.0
0.0 480.0 0.0850 4.0 121.0
0.0 484.0 0.0850 4.0 121.0
0.0 484.0 0.0851 3.0 122.0
0.0 488.0 0.0851 3.0 122.0
0.0 488.0 0.0852 0.0 123.0
0.0 492.0 0.0852 0.0 123.0
0.0 492.0 0.0853 0.0 124.0
0.0 496.0 0.0853 0.0 124.0
0.0 488.0 0.0854 2.0 123.0
0.0 492.0 0.0854 2.0 123.0
0.0 492.0 0.0855 1.0 124.0
0.0 496.0 0.0855 1.0 124.0
0.0 496.0 0.0856 0.0 125.0
0.0 500.0 0.0856 0.0 125.0
0.0 500.0 0.0857 0.0 126.0
0.0 504.0 0.0857 0.0 126.0
0.0 496.0 0.0858 0.0 125.0
0.0 500.0 0.0858 0.0 125.0
0.0 500.0 0.0859 0.0 126.0
0.0 504.0 0.0859 0.0 126.0
0.0 480.0 0.0860 4.0 121.0
0.0 484.0 0.0860 4.0 121.0
0.0 484.0 0.0861 3.0 122.0
0.0 488.0 0.0861 3.0 122.0
0.0 488.0 0.0862 0.0 123.0
0.0 492.0 0.0862 0.0 123.0
0.0 492.0 0.0863 0.0 124.0
0.0 496.0 0.0863 0.0 124.0
0.0 488.0 0.0864 2.0 123.0
0.0 492.0 0.0864 2.0 123.0
0.0 492.0 0.0865 1.0 124.0
0.0 496.0 0.0865 1.0 124.0
0.0 496.0 0.0866 0.0 125.0
0.0 500.0 0.0866 0.0 125.0
0.0 500.0 0.0867 0.0 126.0
0.0 504.0 0.0867 0.0 126.0
0.0 496.0 0.0868 0.0 125.0
0.0 500.0 0.0868 0.0 125.0
0.0 500.0 0.0869 0.0 126.0
0.0 504.0 0.0869 0.0 126.0
0.0 448.0 0.0870 12.0 113.0
0.0 452.0 0.0870 12.0 113.0
0.0 452.0 0.0871 11.0 114.0
0.0 456.0 0.0871 11.0 114.0
0.0 456.0 0.0872 10.0 115.0
0.0 460.0 0.0872 10.0 115.0
0.0 460.0 0.0873 9.0 116.0
0.0 464.0 0.0873 9.0 116.0
0.0 464.0 0.0874 4.0 117.0
0.0 468.0 0.0874 4.0 117.0
0.0 468.0 0.0875 3.0 118.0
0.0 472.0 0.0875 3.0 118.0
0.0 472.0 0.0876 0.0 119.0
0.0 476.0 0.0876 0.0 119.0
0.0 476.0 0.0877 0.0 120.0
0.0 480.0 0.0877 0.0 120.0
0.0 472.0 0.0878 2.0 119.0
0.0 476.0 0.0878 2.0 119.0
0.0 476.0 0.0879 1.0 120.0
0.0 480.0 0.0879 1.0 120.0
0.0 480.0 0.0880 0.0 121.0
0.0 484.0 0.0880 0.0 121.0
0.0 484.0 0.0881 0.0 122.0
0.0 488.0 0.0881 0.0 122.0
0.0 480.0 0.0882 0.0 121.0
0.0 484.0 0.0882 0.0 121.0
0.0 484.0 0.0883 0.0 122.0
0.0 488.0 0.0883 0.0 122.0
0.0 464.0 0.0884 8.0 117.0
0.0 468.0 0.0884 8.0 117.0
0.0 468.0 0.0885 7.0 118.0
0.0 472.0 0.0885 7.0 118.0
0.0 472.0 0.0886 6.0 119.0
0.0 476.0 0.0886 6.0 119.0
0.0 476.0 0.0887 5.0 120.0
0.0 480.0 0.0887 5.0 120.0
0.0 480.0 0.0888 4.0 121.0
0.0 484.0 0.0888 4.0 121.0
0.0 484.0 0.0889 3.0 122.0
0.0 488.0 0.0889 3.0 122.0
0.0 488.0 0.0890 0.0 123.0
0.0 492.0 0.0890 0.0 123.0
0.0 492.0 0.0891 0.0 124.0
0.0 496.0 0.0891 0.0 124.0
0.0 488.0 0.0892 2.0 123.0
0.0 492.0 0.0892 2.0 123.0
0.0 492.0 0.0893 1.0 124.0
0.0 496.0 0.0893 1.0 124.0
0.0 496.0 0.0894 0.0 125.0
0.0 500.0 0.0894 0.0 125.0
0.0 500.0 0.0895 0.0 126.0
0.0 504.0 0.0895 0.0 126.0
0.0 496.0 0.0896 0.0 125.0
0.0 500.0 0.0896 0.0 125.0
0.0 500.0 0.0897 0.0 126.0
0.0 504.0 0.0897 0.0 126.0
0.0 480.0 0.0898 4.0 121.0
0.0 484.0 0.0898 4.0 121.0
0.0 484.0 0.0899 3.0 122.0
0.0 488.0 0.0899 3.0 122.0
0.0 488.0 0.0900 0.0 123.0
0.0 492.0 0.0900 0.0 123.0
0.0 492.0 0.0901 0.0 124.0
0.0 496.0 0.0901 0.0 124.0
0.0 488.0 0.0902 2.0 123.0
0.0 492.0 0.0902 2.0 123.0
0.0 492.0 0.0903 1.0 124.0
0.0 496.0 0.0903 1.0 124.0
0.0 496.0 0.0904 0.0 125.0
0.0 500.0 0.0904 0.0 125.0
0.0 500.0 0.0905 0.0 126.0
0.0 504.0 0.0905 0.0 126.0
0.0 496.0 0.0906 0.0 125.0
0.0 500.0 0.0906 0.0 125.0
0.0 500.0 0.0907 0.0 126.0
0.0 504.0 0.0907 0.0 126.0
0.0 256.0 0.0908 60.0 65.0
0.0 260.0 0.0908 60.0 65.0
0.0 260.0 0.0909 59.0 66.0
0.0 264.0 0.0909 59.0 66.0
0.0 264.0 0.0910 58.0 67.0
0.0 268.0 0.0910 58.0 67.0
0.0 268.0 0.0911 57.0 68.0
0.0 272.0 0.0911 57.0 68.0
0.0 272.0 0.0912 56.0 69.0
0.0 276.0 0.0912 56.0 69.0
0.0 276.0 0.0913 55.0 70.0
0.0 280.0 0.0913 55.0 70.0
0.0 280.0 0.0914 54.0 71.0
0.0 284.0 0.0914 54.0 71.0
0.0 284.0 0.0915 53.0 72.0
0.0 288.0 0.0915 53.0 72.0
0.0 288.0 0.0916 52.0 73.0
0.0 292.0 0.0916 52.0 73.0
0.0 292.0 0.0917 51.0 74.0
0.0 296.0 0.0917 51.0 74.0
0.0 296.0 0.0918 50.0 75.0
0.0 300.0 0.0918 50.0 75.0
0.0 300.0 0.0919 49.0 76.0
0.0 304.0 0.0919 49.0 76.0
0.0 304.0 0.0920 48.0 77.0
0.0 308.0 0.0920 48.0 77.0
0.0 308.0 0.0921 47.0 78.0
0.0 312.0 0.0921 47.0 78.0
0.0 312.0 0.0922 46.0 79.0
0.0 316.0 0.0922 46.0 79.0
0.0 316.0 0.0923 45.0 80.0
0.0 320.0 0.0923 45.0 80.0
0.0 320.0 0.0924 28.0 81.0
0.0 324.0 0.0924 28.0 81.0
0.0 324.0 0.0925 27.0 82.0
0.0 328.0 0.0925 27.0 82.0
0.0 328.0 0.0926 26.0 83.0
0.0 332.0 0.0926 26.0 83.0
0.0 332.0 0.0927 25.0 84.0
0.0 336.0 0.0927 25.0 84.0
0.0 336.0 0.0928 24.0 85.0
0.0 340.0 0.0928 24.0 85.0
0.0 340.0 0.0929 23.0 86.0
0.0 344.0 0.0929 23.0 86.0
0.0 344.0 0.0930 22.0 87.0
0.0 348.0 0.0930 22.0 87.0
0.0 348.0 0.0931 21.0 88.0
0.0 352.0 0.0931 21.0 88.0
0.0 352.0 0.0932 12.0 89.0
0.0 356.0 0.0932 12.0 89.0
0.0 356.0 0.0933 11.0 90.0
0.0 360.0 0.0933 11.0 90.0
0.0 360.0 0.0934 10.0 91.0
0.0 364.0 0.0934 10.0 91.0
0.0 364.0 0.0935 9.0 92.0
0.0 368.0 0.0935 9.0 92.0
0.0 368.0 0.0936 4.0 93.0
0.0 372.0 0.0936 4.0 93.0
0.0 372.0 0.0937 3.0 94.0
0.0 376.0 0.0937 3.0 94.0
0.0 376.0 0.0938 0.0 95.0
0.0 380.0 0.0938 0.0 95.0
0.0 380.0 0.0939 0.0 96.0
0.0 384.0 0.0939 0.0 96.0
0.0 376.0 0.0940 2.0 95.0
0.0 380.0 0.0940 2.0 95.0
0.0 380.0 0.0941 1.0 96.0
0.0 384.0 0.0941 1.0 96.0
0.0 384.0 0.0942 0.0 97.0
0.0 388.0 0.0942 0.0 97.0
0.0 388.0 0.0943 0.0 98.0
0.0 392.0 0.0943 0.0 98.0
0.0 384.0 0.0944 0.0 97.0
0.0 388.0 0.0944 0.0 97.0
0.0 388.0 0.0945 0.0 98.0
0.0 392.0 0.0945 0.0 98.0
0.0 368.0 0.0946 8.0 93.0
0.0 372.0 0.0946 8.0 93.0
0.0 372.0 0.0947 7.0 94.0
0.0 376.0 0.0947 7.0 94.0
0.0 376.0 0.0948 6.0 95.0
0.0 380.0 0.0948 6.0 95.0
0.0 380.0 0.0949 5.0 96.0
0.0 384.0 0.0949 5.0 96.0
0.0 384.0 0.0950 4.0 97.0
0.0 388.0 0.0950 4.0 97.0
0.0 388.0 0.0951 3.0 98.0
0.0 392.0 0.0951 3.0 98.0
0.0 392.0 0.0952 0.0 99.0
0.0 396.0 0.0952 0.0 99.0
0.0 396.0 0.0953 0.0 100.0
0.0 400.0 0.0953 0.0 100.0
0.0 392.0 0.0954 2.0 99.0
0.0 396.0 0.0954 2.0 99.0
0.0 396.0 0.0955 1.0 100.0
0.0 400.0 0.0955 1.0 100.0
0.0 400.0 0.0956 0.0 101.0
0.0 404.0 0.0956 0.0 101.0
0.0 404.0 0.0957 0.0 102.0
0.0 408.0 0.0957 0.0 102.0
0.0 400.0 0.0958 0.0 101.0
0.0 404.0 0.0958 0.0 101.0
0.0 404.0 0.0959 0.0 102.0
0.0 408.0 0.0959 0.0 102.0
0.0 384.0 0.0960 4.0 97.0
0.0 388.0 0.0960 4.0 97.0
0.0 388.0 0.0961 3.0 98.0
0.0 392.0 0.0961 3.0 98.0
0.0 392.0 0.0962 0.0 99.0
0.0 396.0 0.0962 0.0 99.0
0.0 396.0 0.0963 0.0 100.0
0.0 400.0 0.0963 0.0 100.0
0.0 392.0 0.0964 2.0 99.0
0.0 396.0 0.0964 2.0 99.0
0.0 396.0 0.0965 1.0 100.0
0.0 400.0 0.0965 1.0 100.0
0.0 400.0 0.0966 0.0 101.0
0.0 404.0 0.0966 0.0 101.0
0.0 404.0 0.0967 0.0 102.0
0.0 408.0 0.0967 0.0 102.0
0.0 400.0 0.0968 0.0 101.0
0.0 404.0 0.0968 0.0 101.0
0.0 404.0 0.0969 0.0 102.0
0.0 408.0 0.0969 0.0 102.0
0.0 352.0 0.0970 20.0 89.0
0.0 356.0 0.0970 20.0 89.0
0.0 356.0 0.0971 19.0 90.0
0.0 360.0 0.0971 19.0 90.0
0.0 360.0 0.0972 18.0 91.0
0.0 364.0 0.0972 18.0 91.0
0.0 364.0 0.0973 17.0 92.0
0.0 368.0 0.0973 17.0 92.0
0.0 368.0 0.0974 16.0 93.0
0.0 372.0 0.0974 16.0 93.0
0.0 372.0 0.0975 15.0 94.0
0.0 376.0 0.0975 15.0 94.0
0.0 376.0 0.0976 14.0 95.0
0.0 380.0 0.0976 14.0 95.0
0.0 380.0 0.0977 13.0 96.0
0.0 384.0 0.0977 13.0 96.0
0.0 384.0 0.0978 12.0 97.0
0.0 388.0 0.0978 12.0 97.0
0.0 388.0 0.0979 11.0 98.0
0.0 392.0 0.0979 11.0 98.0
0.0 392.0 0.0980 10.0 99.0
0.0 396.0 0.0980 10.0 99.0
0.0 396.0 0.0981 9.0 100.0
0.0 400.0 0.0981 9.0 100.0
0.0 400.0 0.0982 4.0 101.0
0.0 404.0 0.0982 4.0 101.0
0.0 404.0 0.0983 3.0 102.0
0.0 408.0 0.0983 3.0 102.0
0.0 408.0 0.0984 0.0 103.0
0.0 412.0 0.0984 0.0 103.0
0.0 412.0 0.0985 0.0 104.0
0.0 416.0 0.0985 0.0 104.0
0.0 408.0 0.0986 2.0 103.0
0.0 412.0 0.0986 2.0 103.0
0.0 412.0 0.0987 1.0 104.0
0.0 416.0 0.0987 1.0 104.0
0.0 416.0 0.0988 0.0 105.0
0.0 420.0 0.0988 0.0 105.0
0.0 420.0 0.0989 0.0 106.0
0.0 424.0 0.0989 0.0 106.0
0.0 416.0 0.0990 0.0 105.0
0.0 420.0 0.0990 0.0 105.0
0.0 420.0 0.0991 0.0 106.0
0.0 424.0 0.0991 0.0 106.0
0.0 400.0 0.0992 8.0 101.0
0.0 404.0 0.0992 8.0 101.0
0.0 404.0 0.0993 7.0 102.0
0.0 408.0 0.0993 7.0 102.0
0.0 408.0 0.0994 6.0 103.0
0.0 412.0 0.0994 6.0 103.0
0.0 412.0 0.0995 5.0 104.0
0.0 416.0 0.0995 5.0 104.0
0.0 416.0 0.0996 4.0 105.0
0.0 420.0 0.0996 4.0 105.0
0.0 420.0 0.0997 3.0 106.0
0.0 424.0 0.0997 3.0 106.0
0.0 424.0 0.0998 0.0 107.0
0.0 428.0 0.0998 0.0 107.0
0.0 428.0 0.0999 0.0 108.0
0.0 432.0 0.0999 0.0 108.0
0.0 424.0 0.01000 2.0 107.0
0.0 428.0 0.01000 2.0 107.0
0.0 428.0 0.01001 1.0 108.0
0.0 432.0 0.01001 1.0 108.0
0.0 432.0 0.01002 0.0 109.0
0.0 436.0 0.01002 0.0 109.0
0.0 436.0 0.01003 0.0 110.0
0.0 440.0 0.01003 0.0 110.0
0.0 432.0 0.01004 0.0 109.0
0.0 436.0 0.01004 0.0 109.0
0.0 436.0 0.01005 0.0 110.0
0.0 440.0 0.01005 0.0 110.0
0.0 416.0 0.01006 4.0 105.0
0.0 420.0 0.01006 4.0 105.0
0.0 420.0 0.01007 3.0 106.0
0.0 424.0 0.01007 3.0 106.0
0.0 424.0 0.01008 0.0 107.0
0.0 428.0 0.01008 0.0 107.0
0.0 428.0 0.01009 0.0 108.0
0.0 432.0 0.01009 0.0 108.0
0.0 424.0 0.01010 2.0 107.0
0.0 428.0 0.01010 2.0 107.0
0.0 428.0 0.01011 1.0 108.0
0.0 432.0 0.01011 1.0 108.0
0.0 432.0 0.01012 0.0 109.0
0.0 436.0 0.01012 0.0 109.0
0.0 436.0 0.01013 0.0 110.0
0.0 440.0 0.01013 0.0 110.0
0.0 432.0 0.01014 0.0 109.0
0.0 436.0 0.01014 0.0 109.0
0.0 436.0 0.01015 0.0 110.0
0.0 440.0 0.01015 0.0 110.0
0.0 384.0 0.01016 12.0 97.0
0.0 388.0 0.01016 12.0 97.0
0.0 388.0 0.01017 11.0 98.0
0.0 392.0 0.01017 11.0 98.0
0.0 392.0 0.01018 10.0 99.0
0.0 396.0 0.01018 10.0 99.0
0.0 396.0 0.01019 9.0 100.0
0.0 400.0 0.01019 9.0 100.0
0.0 400.0 0.01020 4.0 101.0
0.0 404.0 0.01020 4.0 101.0
0.0 404.0 0.01021 3.0 102.0
0.0 408.0 0.01021 3.0 102.0
0.0 408.0 0.01022 0.0 103.0
0.0 412.0 0.01022 0.0 103.0
0.0 412.0 0.01023 0.0 104.0
0.0 416.0 0.01023 0.0 104.0
0.0 408.0 0.01024 2.0 103.0
0.0 412.0 0.01024 2.0 103.0
0.0 412.0 0.01025 1.0 104.0
0.0 416.0 0.01025 1.0 104.0
0.0 416.0 0.01026 0.0 105.0
0.0 420.0 0.01026 0.0 105.0
0.0 420.0 0.01027 0.0 106.0
0.0 424.0 0.01027 0.0 106.0
0.0 416.0 0.01028 0.0 105.0
0.0 420.0 0.01028 0.0 105.0
0.0 420.0 0.01029 0.0 106.0
0.0 424.0 0.01029 0.0 106.0
0.0 400.0 0.01030 8.0 101.0
0.0 404.0 0.01030 8.0 101.0
0.0 404.0 0.01031 7.0 102.0
0.0 408.0 0.01031 7.0 102.0
0.0 408.0 0.01032 6.0 103.0
0.0 412.0 0.01032 6.0 103.0
0.0 412.0 0.01033 5.0 104.0
0.0 416.0 0.01033 5.0 104.0
0.0 416.0 0.01034 4.0 105.0
0.0 420.0 0.01034 4.0 105.0
0.0 420.0 0.01035 3.0 106.0
0.0 424.0 0.01035 3.0 106.0
0.0 424.0 0.01036 0.0 107.0
0.0 428.0 0.01036 0.0 107.0
0.0 428.0 0.01037 0.0 108.0
0.0 432.0 0.01037 0.0 108.0
0.0 424.0 0.01038 2.0 107.0
0.0 428.0 0.01038 2.0 107.0
0.0 428.0 0.01039 1.0 108.0
0.0 432.0 0.01039 1.0 108.0
0.0 432.0 0.01040 0.0 109.0
0.0 436.0 0.01040 0.0 109.0
0.0 436.0 0.01041 0.0 110.0
0.0 440.0 0.01041 0.0 110.0
0.0 432.0 0.01042 0.0 109.0
0.0 436.0 0.01042 0.0 109.0
0.0 436.0 0.01043 0.0 110.0
0.0 440.0 0.01043 0.0 110.0
0.0 416.0 0.01044 4.0 105.0
0.0 420.0 0.01044 4.0 105.0
0.0 420.0 0.01045 3.0 106.0
0.0 424.0 0.01045 3.0 106.0
0.0 424.0 0.01046 0.0 107.0
0.0 428.0 0.01046 0.0 107.0
0.0 428.0 0.01047 0.0 108.0
0.0 432.0 0.01047 0.0 108.0
0.0 424.0 0.01048 2.0 107.0
0.0 428.0 0.01048 2.0 107.0
0.0 428.0 0.01049 1.0 108.0
0.0 432.0 0.01049 1.0 108.0
0.0 432.0 0.01050 0.0 109.0
0.0 436.0 0.01050 0.0 109.0
0.0 436.0 0.01051 0.0 110.0
0.0 440.0 0.01051 0.0 110.0
0.0 432.0 0.01052 0.0 109.0
0.0 436.0 0.01052 0.0 109.0
0.0 436.0 0.01053 0.0 110.0
0.0 440.0 0.01053 0.0 110.0
0.0 320.0 0.01054 44.0 81.0
0.0 324.0 0.01054 44.0 81.0
0.0 324.0 0.01055 43.0 82.0
0.0 328.0 0.01055 43.0 82.0
0.0 328.0 0.01056 42.0 83.0
0.0 332.0 0.01056 42.0 83.0
0.0 332.0 0.01057 41.0 84.0
0.0 336.0 0.01057 41.0 84.0
0.0 336.0 0.01058 40.0 85.0
0.0 340.0 0.01058 40.0 85.0
0.0 340.0 0.01059 39.0 86.0
0.0 344.0 0.01059 39.0 86.0
0.0 344.0 0.01060 38.0 87.0
0.0 348.0 0.01060 38.0 87.0
0.0 348.0 0.01061 37.0 88.0
0.0 352.0 0.01061 37.0 88.0
0.0 352.0 0.01062 36.0 89.0
0.0 356.0 0.01062 36.0 89.0
0.0 356.0 0.01063 35.0 90.0
0.0 360.0 0.01063 35.0 90.0
0.0 360.0 0.01064 34.0 91.0
0.0 364.0 0.01064 34.0 91.0
0.0 364.0 0.01065 33.0 92.0
0.0 368.0 0.01065 33.0 92.0
0.0 368.0 0.01066 32.0 93.0
0.0 372.0 0.01066 32.0 93.0
0.0 372.0 0.01067 31.0 94.0
0.0 376.0 0.01067 31.0 94.0
0.0 376.0 0.01068 30.0 95.0
0.0 380.0 0.01068 30.0 95.0
0.0 380.0 0.01069 29.0 96.0
0.0 384.0 0.01069 29.0 96.0
0.0 384.0 0.01070 28.0 97.0
0.0 388.0 0.01070 28.0 97.0
0.0 388.0 0.01071 27.0 98.0
0.0 392.0 0.01071 27.0 98.0
0.0 392.0 0.01072 26.0 99.0
0.0 396.0 0.01072 26.0 99.0
0.0 396.0 0.01073 25.0 100.0
0.0 400.0 0.01073 25.0 100.0
0.0 400.0 0.01074 24.0 101.0
0.0 404.0 0.01074 24.0 101.0
0.0 404.0 0.01075 23.0 102.0
0.0 408.0 0.01075 23.0 102.0
0.0 408.0 0.01076 22.0 103.0
0.0 412.0 0.01076 22.0 103.0
0.0 412.0 0.01077 21.0 104.0
0.0 416.0 0.01077 21.0 104.0
0.0 416.0 0.01078 12.0 105.0
0.0 420.0 0.01078 12.0 105.0
0.0 420.0 0.01079 11.0 106.0
0.0 424.0 0.01079 11.0 106.0
0.0 424.0 0.01080 10.0 107.0
0.0 428.0 0.01080 10.0 107.0
0.0 428.0 0.01081 9.0 108.0
0.0 432.0 0.01081 9.0 108.0
0.0 432.0 0.01082 4.0 109.0
0.0 436.0 0.01082 4.0 109.0
0.0 436.0 0.01083 3.0 110.0
0.0 440.0 0.01083 3.0 110.0
0.0 440.0 0.01084 0.0 111.0
0.0 444.0 0.01084 0.0 111.0
0.0 444.0 0.01085 0.0 112.0
0.0 448.0 0.01085 0.0 112.0
0.0 440.0 0.01086 2.0 111.0
0.0 444.0 0.01086 2.0 111.0
0.0 444.0 0.01087 1.0 112.0
0.0 448.0 0.01087 1.0 112.0
0.0 448.0 0.01088 0.0 113.0
0.0 452.0 0.01088 0.0 113.0
0.0 452.0 0.01089 0.0 114.0
0.0 456.0 0.01089 0.0 114.0
0.0 448.0 0.01090 0.0 113.0
0.0 452.0 0.01090 0.0 113.0
0.0 452.0 0.01091 0.0 114.0
0.0 456.0 0.01091 0.0 114.0
0.0 432.0 0.01092 8.0 109.0
0.0 436.0 0.01092 8.0 109.0
0.0 436.0 0.01093 7.0 110.0
0.0 440.0 0.01093 7.0 110.0
0.0 440.0 0.01094 6.0 111.0
0.0 444.0 0.01094 6.0 111.0
0.0 444.0 0.01095 5.0 112.0
0.0 448.0 0.01095 5.0 112.0
0.0 448.0 0.01096 4.0 113.0
0.0 452.0 0.01096 4.0 113.0
0.0 452.0 0.01097 3.0 114.0
0.0 456.0 0.01097 3.0 114.0
0.0 456.0 0.01098 0.0 115.0
0.0 460.0 0.01098 0.0 115.0
0.0 460.0 0.01099 0.0 116.0
0.0 464.0 0.01099 0.0 116.0
0.0 456.0 0.01100 2.0 115.0
0.0 460.0 0.01100 2.0 115.0
0.0 460.0 0.01101 1.0 116.0
0.0 464.0 0.01101 1.0 116.0
0.0 464.0 0.01102 0.0 117.0
0.0 468.0 0.01102 0.0 117.0
0.0 468.0 0.01103 0.0 118.0
0.0 472.0 0.01103 0.0 118.0
0.0 464.0 0.01104 0.0 117.0
0.0 468.0 0.01104 0.0 117.0
0.0 468.0 0.01105 0.0 118.0
0.0 472.0 0.01105 0.0 118.0
0.0 448.0 0.01106 4.0 113.0
0.0 452.0 0.01106 4.0 113.0
0.0 452.0 0.01107 3.0 114.0
0.0 456.0 0.01107 3.0 114.0
0.0 456.0 0.01108 0.0 115.0
0.0 460.0 0.01108 0.0 115.0
0.0 460.0 0.01109 0.0 116.0
0.0 464.0 0.01109 0.0 116.0
0.0 456.0 0.01110 2.0 115.0
0.0 460.0 0.01110 2.0 115.0
0.0 460.0 0.01111 1.0 116.0
0.0 464.0 0.01111 1.0 116.0
0.0 464.0 0.01112 0.0 117.0
0.0 468.0 0.01112 0.0 117.0
0.0 468.0 0.01113 0.0 118.0
0.0 472.0 0.01113 0.0 118.0
0.0 464.0 0.01114 0.0 117.0
0.0 468.0 0.01114 0.0 117.0
0.0 468.0 0.01115 0.0 118.0
0.0 472.0 0.01115 0.0 118.0
0.0 416.0 0.01116 20.0 105.0
0.0 420.0 0.01116 20.0 105.0
0.0 420.0 0.01117 19.0 106.0
0.0 424.0 0.01117 19.0 106.0
0.0 424.0 0.01118 18.0 107.0
0.0 428.0 0.01118 18.0 107.0
0.0 428.0 0.01119 17.0 108.0
0.0 432.0 0.01119 17.0 108.0
0.0 432.0 0.01120 16.0 109.0
0.0 436.0 0.01120 16.0 109.0
0.0 436.0 0.01121 15.0 110.0
0.0 440.0 0.01121 15.0 110.0
0.0 440.0 0.01122 14.0 111.0
0.0 444.0 0.01122 14.0 111.0
0.0 444.0 0.01123 13.0 112.0
0.0 448.0 0.01123 13.0 112.0
0.0 448.0 0.01124 12.0 113.0
0.0 452.0 0.01124 12.0 113.0
0.0 452.0 0.01125 11.0 114.0
0.0 456.0 0.01125 11.0 114.0
0.0 456.0 0.01126 10.0 115.0
0.0 460.0 0.01126 10.0 115.0
0.0 460.0 0.01127 9.0 116.0
0.0 464.0 0.01127 9.0 116.0
0.0 464.0 0.01128 4.0 117.0
0.0 468.0 0.01128 4.0 117.0
0.0 468.0 0.01129 3.0 118.0
0.0 472.0 0.01129 3.0 118.0
0.0 472.0 0.01130 0.0 119.0
0.0 476.0 0.01130 0.0 119.0
0.0 476.0 0.01131 0.0 120.0
0.0 480.0 0.01131 0.0 120.0
0.0 472.0 0.01132 2.0 119.0
0.0 476.0 0.01132 2.0 119.0
0.0 476.0 0.01133 1.0 120.0
0.0 480.0 0.01133 1.0 120.0
0.0 480.0 0.01134 0.0 121.0
0.0 484.0 0.01134 0.0 121.0
0.0 484.0 0.01135 0.0 122.0
0.0 488.0 0.01135 0.0 122.0
0.0 480.0 0.01136 0.0 121.0
0.0 484.0 0.01136 0.0 121.0
0.0 484.0 0.01137 0.0 122.0
0.0 488.0 0.01137 0.0 122.0
0.0 464.0 0.01138 8.0 117.0
0.0 468.0 0.01138 8.0 117.0
0.0 468.0 0.01139 7.0 118.0
0.0 472.0 0.01139 7.0 118.0
0.0 472.0 0.01140 6.0 119.0
0.0 476.0 0.01140 6.0 119.0
0.0 476.0 0.01141 5.0 120.0
0.0 480.0 0.01141 5.0 120.0
0.0 480.0 0.01142 4.0 121.0
0.0 484.0 0.01142 4.0 121.0
0.0 484.0 0.01143 3.0 122.0
0.0 488.0 0.01143 3.0 122.0
0.0 488.0 0.01144 0.0 123.0
0.0 492.0 0.01144 0.0 123.0
0.0 492.0 0.01145 0.0 124.0
0.0 496.0 0.01145 0.0 124.0
0.0 488.0 0.01146 2.0 123.0
0.0 492.0 0.01146 2.0 123.0
0.0 492.0 0.01147 1.0 124.0
0.0 496.0 0.01147 1.0 124.0
0.0 496.0 0.01148 0.0 125.0
0.0 500.0 0.01148 0.0 125.0
0.0 500.0 0.01149 0.0 126.0
0.0 504.0 0.01149 0.0 126.0
0.0 496.0 0.01150 0.0 125.0
0.0 500.0 0.01150 0.0 125.0
0.0 500.0 0.01151 0.0 126.0
0.0 504.0 0.01151 0.0 126.0
0.0 480.0 0.01152 4.0 121.0
0.0 484.0 0.01152 4.0 121.0
0.0 484.0 0.01153 3.0 122.0
0.0 488.0 0.01153 3.0 122.0
0.0 488.0 0.01154 0.0 123.0
0.0 492.0 0.01154 0.0 123.0
0.0 492.0 0.01155 0.0 124.0
0.0 496.0 0.01155 0.0 124.0
0.0 488.0 0.01156 2.0 123.0
0.0 492.0 0.01156 2.0 123.0
0.0 492.0 0.01157 1.0 124.0
0.0 496.0 0.01157 1.0 124.0
0.0 496.0 0.01158 0.0 125.0
0.0 500.0 0.01158 0.0 125.0
0.0 500.0 0.01159 0.0 126.0
0.0 504.0 0.01159 0.0 126.0
0.0 496.0 0.01160 0.0 125.0
0.0 500.0 0.01160 0.0 125.0
0.0 500.0 0.01161 0.0 126.0
0.0 504.0 0.01161 0.0 126.0
0.0 448.0 0.01162 12.0 113.0
0.0 452.0 0.01162 12.0 113.0
0.0 452.0 0.01163 11.0 114.0
0.0 456.0 0.01163 11.0 114.0
0.0 456.0 0.01164 10.0 115.0
0.0 460.0 0.01164 10.0 115.0
0.0 460.0 0.01165 9.0 116.0
0.0 464.0 0.01165 9.0 116.0
0.0 464.0 0.01166 4.0 117.0
0.0 468.0 0.01166 4.0 117.0
0.0 468.0 0.01167 3.0 118.0
0.0 472.0 0.01167 3.0 118.0
0.0 472.0 0.01168 0.0 119.0
0.0 476.0 0.01168 0.0 119.0
0.0 476.0 0.01169 0.0 120.0
0.0 480.0 0.01169 0.0 120.0
0.0 472.0 0.01170 2.0 119.0
0.0 476.0 0.01170 2.0 119.0
0.0 476.0 0.01171 1.0 120.0
0.0 480.0 0.01171 1.0 120.0
0.0 480.0 0.01172 0.0 121.0
0.0 484.0 0.01172 0.0 121.0
0.0 484.0 0.01173 0.0 122.0
0.0 488.0 0.01173 0.0 122.0
0.0 480.0 0.01174 0.0 121.0
0.0 484.0 0.01174 0.0 121.0
0.0 484.0 0.01175 0.0 122.0
0.0 488.0 0.01175 0.0 122.0
0.0 464.0 0.01176 8.0 117.0
0.0 468.0 0.01176 8.0 117.0
0.0 468.0 0.01177 7.0 118.0
0.0 472.0 0.01177 7.0 118.0
0.0 472.0 0.01178 6.0 119.0
0.0 476.0 0.01178 6.0 119.0
0.0 476.0 0.01179 5.0 120.0
0.0 480.0 0.01179 5.0 120.0
0.0 480.0 0.01180 4.0 121.0
0.0 484.0 0.01180 4.0 121.0
0.0 484.0 0.01181 3.0 122.0
0.0 488.0 0.01181 3.0 122.0
0.0 488.0 0.01182 0.0 123.0
0.0 492.0 0.01182 0.0 123.0
0.0 492.0 0.01183 0.0 124.0
0.0 496.0 0.01183 0.0 124.0
0.0 488.0 0.01184 2.0 123.0
0.0 492.0 0.01184 2.0 123.0
0.0 492.0 0.01185 1.0 124.0
0.0 496.0 0.01185 1.0 124.0
0.0 496.0 0.01186 0.0 125.0
0.0 500.0 0.01186 0.0 125.0
0.0 500.0 0.01187 0.0 126.0
0.0 504.0 0.01187 0.0 126.0
0.0 496.0 0.01188 0.0 125.0
0.0 500.0 0.01188 0.0 125.0
0.0 500.0 0.01189 0.0 126.0
0.0 504.0 0.01189 0.0 126.0
0.0 480.0 0.01190 4.0 121.0
0.0 484.0 0.01190 4.0 121.0
0.0 484.0 0.01191 3.0 122.0
0.0 488.0 0.01191 3.0 122.0
0.0 488.0 0.01192 0.0 123.0
0.0 492.0 0.01192 0.0 123.0
0.0 492.0 0.01193 0.0 124.0
0.0 496.0 0.01193 0.0 124.0
0.0 488.0 0.01194 2.0 123.0
0.0 492.0 0.01194 2.0 123.0
0.0 492.0 0.01195 1.0 124.0
0.0 496.0 0.01195 1.0 124.0
0.0 496.0 0.01196 0.0 125.0
0.0 500.0 0.01196 0.0 125.0
0.0 500.0 0.01197 0.0 126.0
0.0 504.0 0.01197 0.0 126.0
0.0 496.0 0.01198 0.0 125.0
0.0 500.0 0.01198 0.0 125.0
0.0 500.0 0.01199 0.0 126.0
0.0 504.0 0.01199 0.0 126.0
0.0 384.0 0.01200 28.0 97.0
0.0 388.0 0.01200 28.0 97.0
0.0 388.0 0.01201 27.0 98.0
0.0 392.0 0.01201 27.0 98.0
0.0 392.0 0.01202 26.0 99.0
0.0 396.0 0.01202 26.0 99.0
0.0 396.0 0.01203 25.0 100.0
0.0 400.0 0.01203 25.0 100.0
0.0 400.0 0.01204 24.0 101.0
0.0 404.0 0.01204 24.0 101.0
0.0 404.0 0.01205 23.0 102.0
0.0 408.0 0.01205 23.0 102.0
0.0 408.0 0.01206 22.0 103.0
0.0 412.0 0.01206 22.0 103.0
0.0 412.0 0.01207 21.0 104.0
0.0 416.0 0.01207 21.0 104.0
0.0 416.0 0.01208 12.0 105.0
0.0 420.0 0.01208 12.0 105.0
0.0 420.0 0.01209 11.0 106.0
0.0 424.0 0.01209 11.0 106.0
0.0 424.0 0.01210 10.0 107.0
0.0 428.0 0.01210 10.0 107.0
0.0 428.0 0.01211 9.0 108.0
0.0 432.0 0.01211 9.0 108.0
0.0 432.0 0.01212 4.0 109.0
0.0 436.0 0.01212 4.0 109.0
0.0 436.0 0.01213 3.0 110.0
0.0 440.0 0.01213 3.0 110.0
0.0 440.0 0.01214 0.0 111.0
0.0 444.0 0.01214 0.0 111.0
0.0 444.0 0.01215 0.0 112.0
0.0 448.0 0.01215 0.0 112.0
0.0 440.0 0.01216 2.0 111.0
0.0 444.0 0.01216 2.0 111.0
0.0 444.0 0.01217 1.0 112.0
0.0 448.0 0.01217 1.0 112.0
0.0 448.0 0.01218 0.0 113.0
0.0 452.0 0.01218 0.0 113.0
0.0 452.0 0.01219 0.0 114.0
0.0 456.0 0.01219 0.0 114.0
0.0 448.0 0.01220 0.0 113.0
0.0 452.0 0.01220 0.0 113.0
0.0 452.0 0.01221 0.0 114.0
0.0 456.0 0.01221 0.0 114.0
0.0 432.0 0.01222 8.0 109.0
0.0 436.0 0.01222 8.0 109.0
0.0 436.0 0.01223 7.0 110.0
0.0 440.0 0.01223 7.0 110.0
0.0 440.0 0.01224 6.0 111.0
0.0 444.0 0.01224 6.0 111.0
0.0 444.0 0.01225 5.0 112.0
0.0 448.0 0.01225 5.0 112.0
0.0 448.0 0.01226 4.0 113.0
0.0 452.0 0.01226 4.0 113.0
0.0 452.0 0.01227 3.0 114.0
0.0 456.0 0.01227 3.0 114.0
0.0 456.0 0.01228 0.0 115.0
0.0 460.0 0.01228 0.0 115.0
0.0 460.0 0.01229 0.0 116.0
0.0 464.0 0.01229 0.0 116.0
0.0 456.0 0.01230 2.0 115.0
0.0 460.0 0.01230 2.0 115.0
0.0 460.0 0.01231 1.0 116.0
0.0 464.0 0.01231 1.0 116.0
0.0 464.0 0.01232 0.0 117.0
0.0 468.0 0.01232 0.0 117.0
0.0 468.0 0.01233 0.0 118.0
0.0 472.0 0.01233 0.0 118.0
0.0 464.0 0.01234 0.0 117.0
0.0 468.0 0.01234 0.0 117.0
0.0 468.0 0.01235 0.0 118.0
0.0 472.0 0.01235 0.0 118.0
0.0 448.0 0.01236 4.0 113.0
0.0 452.0 0.01236 4.0 113.0
0.0 452.0 0.01237 3.0 114.0
0.0 456.0 0.01237 3.0 114.0
0.0 456.0 0.01238 0.0 115.0
0.0 460.0 0.01238 0.0 115.0
0.0 460.0 0.01239 0.0 116.0
0.0 464.0 0.01239 0.0 116.0
0.0 456.0 0.01240 2.0 115.0
0.0 460.0 0.01240 2.0 115.0
0.0 460.0 0.01241 1.0 116.0
0.0 464.0 0.01241 1.0 116.0
0.0 464.0 0.01242 0.0 117.0
0.0 468.0 0.01242 0.0 117.0
0.0 468.0 0.01243 0.0 118.0
0.0 472.0 0.01243 0.0 118.0
0.0 464.0 0.01244 0.0 117.0
0.0 468.0 0.01244 0.0 117.0
0.0 468.0 0.01245 0.0 118.0
0.0 472.0 0.01245 0.0 118.0
0.0 416.0 0.01246 20.0 105.0
0.0 420.0 0.01246 20.0 105.0
0.0 420.0 0.01247 19.0 106.0
0.0 424.0 0.01247 19.0 106.0
0.0 424.0 0.01248 18.0 107.0
0.0 428.0 0.01248 18.0 107.0
0.0 428.0 0.01249 17.0 108.0
0.0 432.0 0.01249 17.0 108.0
0.0 432.0 0.01250 16.0 109.0
0.0 436.0 0.01250 16.0 109.0
0.0 436.0 0.01251 15.0 110.0
0.0 440.0 0.01251 15.0 110.0
0.0 440.0 0.01252 14.0 111.0
0.0 444.0 0.01252 14.0 111.0
0.0 444.0 0.01253 13.0 112.0
0.0 448.0 0.01253 13.0 112.0
0.0 448.0 0.01254 12.0 113.0
0.0 452.0 0.01254 12.0 113.0
0.0 452.0 0.01255 11.0 114.0
0.0 456.0 0.01255 11.0 114.0
0.0 456.0 0.01256 10.0 115.0
0.0 460.0 0.01256 10.0 115.0
0.0 460.0 0.01257 9.0 116.0
0.0 464.0 0.01257 9.0 116.0
0.0 464.0 0.01258 4.0 117.0
0.0 468.0 0.01258 4.0 117.0
0.0 468.0 0.01259 3.0 118.0
0.0 472.0 0.01259 3.0 118.0
0.0 472.0 0.01260 0.0 119.0
0.0 476.0 0.01260 0.0 119.0
0.0 476.0 0.01261 0.0 120.0
0.0 480.0 0.01261 0.0 120.0
0.0 472.0 0.01262 2.0 119.0
0.0 476.0 0.01262 2.0 119.0
0.0 476.0 0.01263 1.0 120.0
0.0 480.0 0.01263 1.0 120.0
0.0 480.0 0.01264 0.0 121.0
0.0 484.0 0.01264 0.0 121.0
0.0 484.0 0.01265 0.0 122.0
0.0 488.0 0.01265 0.0 122.0
0.0 480.0 0.01266 0.0 121.0
0.0 484.0 0.01266 0.0 121.0
0.0 484.0 0.01267 0.0 122.0
0.0 488.0 0.01267 0.0 122.0
0.0 464.0 0.01268 8.0 117.0
0.0 468.0 0.01268 8.0 117.0
0.0 468.0 0.01269 7.0 118.0
0.0 472.0 0.01269 7.0 118.0
0.0 472.0 0.01270 6.0 119.0
0.0 476.0 0.01270 6.0 119.0
0.0 476.0 0.01271 5.0 120.0
0.0 480.0 0.01271 5.0 120.0
0.0 480.0 0.01272 4.0 121.0
0.0 484.0 0.01272 4.0 121.0
0.0 484.0 0.01273 3.0 122.0
0.0 488.0 0.01273 3.0 122.0
0.0 488.0 0.01274 0.0 123.0
0.0 492.0 0.01274 0.0 123.0
0.0 492.0 0.01275 0.0 124.0
0.0 496.0 0.01275 0.0 124.0
0.0 488.0 0.01276 2.0 123.0
0.0 492.0 0.01276 2.0 123.0
0.0 492.0 0.01277 1.0 124.0
0.0 496.0 0.01277 1.0 124.0
0.0 496.0 0.01278 0.0 125.0
0.0 500.0 0.01278 0.0 125.0
0.0 500.0 0.01279 0.0 126.0
0.0 504.0 0.01279 0.0 126.0
0.0 496.0 0.01280 0.0 125.0
0.0 500.0 0.01280 0.0 125.0
0.0 500.0 0.01281 0.0 126.0
0.0 504.0 0.01281 0.0 126.0
0.0 480.0 0.01282 4.0 121.0
0.0 484.0 0.01282 4.0 121.0
0.0 484.0 0.01283 3.0 122.0
0.0 488.0 0.01283 3.0 122.0
0.0 488.0 0.01284 0.0 123.0
0.0 492.0 0.01284 0.0 123.0
0.0 492.0 0.01285 0.0 124.0
0.0 496.0 0.01285 0.0 124.0
0.0 488.0 0.01286 2.0 123.0
0.0 492.0 0.01286 2.0 123.0
0.0 492.0 0.01287 1.0 124.0
0.0 496.0 0.01287 1.0 124.0
0.0 496.0 0.01288 0.0 125.0
0.0 500.0 0.01288 0.0 125.0
0.0 500.0 0.01289 0.0 126.0
0.0 504.0 0.01289 0.0 126.0
0.0 496.0 0.01290 0.0 125.0
0.0 500.0 0.01290 0.0 125.0
0.0 500.0 0.01291 0.0 126.0
0.0 504.0 0.01291 0.0 126.0
0.0 448.0 0.01292 12.0 113.0
0.0 452.0 0.01292 12.0 113.0
0.0 452.0 0.01293 11.0 114.0
0.0 456.0 0.01293 11.0 114.0
0.0 456.0 0.01294 10.0 115.0
0.0 460.0 0.01294 10.0 115.0
0.0 460.0 0.01295 9.0 116.0
0.0 464.0 0.01295 9.0 116.0
0.0 464.0 0.01296 4.0 117.0
0.0 468.0 0.01296 4.0 117.0
0.0 468.0 0.01297 3.0 118.0
0.0 472.0 0.01297 3.0 118.0
0.0 472.0 0.01298 0.0 119.0
0.0 476.0 0.01298 0.0 119.0
0.0 476.0 0.01299 0.0 120.0
0.0 480.0 0.01299 0.0 120.0
0.0 472.0 0.01300 2.0 119.0
0.0 476.0 0.01300 2.0 119.0
0.0 476.0 0.01301 1.0 120.0
0.0 480.0 0.01301 1.0 120.0
0.0 480.0 0.01302 0.0 121.0
0.0 484.0 0.01302 0.0 121.0
0.0 484.0 0.01303 0.0 122.0
0.0 488.0 0.01303 0.0 122.0
0.0 480.0 0.01304 0.0 121.0
0.0 484.0 0.01304 0.0 121.0
0.0 484.0 0.01305 0.0 122.0
0.0 488.0 0.01305 0.0 122.0
0.0 464.0 0.01306 8.0 117.0
0.0 468.0 0.01306 8.0 117.0
0.0 468.0 0.01307 7.0 118.0
0.0 472.0 0.01307 7.0 118.0
0.0 472.0 0.01308 6.0 119.0
0.0 476.0 0.01308 6.0 119.0
0.0 476.0 0.01309 5.0 120.0
0.0 480.0 0.01309 5.0 120.0
0.0 480.0 0.01310 4.0 121.0
0.0 484.0 0.01310 4.0 121.0
0.0 484.0 0.01311 3.0 122.0
0.0 488.0 0.01311 3.0 122.0
0.0 488.0 0.01312 0.0 123.0
0.0 492.0 0.01312 0.0 123.0
0.0 492.0 0.01313 0.0 124.0
0.0 496.0 0.01313 0.0 124.0
0.0 488.0 0.01314 2.0 123.0
0.0 492.0 0.01314 2.0 123.0
0.0 492.0 0.01315 1.0 124.0
0.0 496.0 0.01315 1.0 124.0
0.0 496.0 0.01316 0.0 125.0
0.0 500.0 0.01316 0.0 125.0
0.0 500.0 0.01317 0.0 126.0
0.0 504.0 0.01317 0.0 126.0
0.0 496.0 0.01318 0.0 125.0
0.0 500.0 0.01318 0.0 125.0
0.0 500.0 0.01319 0.0 126.0
0.0 504.0 0.01319 0.0 126.0
0.0 480.0 0.01320 4.0 121.0
0.0 484.0 0.01320 4.0 121.0
0.0 484.0 0.01321 3.0 122.0
0.0 488.0 0.01321 3.0 122.0
0.0 488.0 0.01322 0.0 123.0
0.0 492.0 0.01322 0.0 123.0
0.0 492.0 0.01323 0.0 124.0
0.0 496.0 0.01323 0.0 124.0
0.0 488.0 0.01324 2.0 123.0
0.0 492.0 0.01324 2.0 123.0
0.0 492.0 0.01325 1.0 124.0
0.0 496.0 0.01325 1.0 124.0
0.0 496.0 0.01326 0.0 125.0
0.0 500.0 0.01326 0.0 125.0
0.0 500.0 0.01327 0.0 126.0
0.0 504.0 0.01327 0.0 126.0
0.0 496.0 0.01328 0.0 125.0
0.0 500.0 0.01328 0.0 125.0
0.0 500.0 0.01329 0.0 126.0
0.0 504.0 0.01329 0.0 126.0
