0.0 0.0 0.00 12.0 1.0
0.0 4.0 0.00 12.0 1.0
0.0 4.0 0.01 11.0 2.0
0.0 8.0 0.01 11.0 2.0
0.0 8.0 0.02 10.0 3.0
0.0 12.0 0.02 10.0 3.0
0.0 12.0 0.03 9.0 4.0
0.0 16.0 0.03 9.0 4.0
0.0 16.0 0.04 4.0 5.0
0.0 20.0 0.04 4.0 5.0
0.0 20.0 0.05 3.0 6.0
0.0 24.0 0.05 3.0 6.0
0.0 24.0 0.06 0.0 7.0
0.0 28.0 0.06 0.0 7.0
0.0 28.0 0.07 0.0 8.0
0.0 32.0 0.07 0.0 8.0
0.0 24.0 0.08 0.0 7.0
0.0 28.0 0.08 0.0 7.0
0.0 28.0 0.09 0.0 8.0
0.0 32.0 0.09 0.0 8.0
0.0 24.0 0.010 2.0 7.0
0.0 28.0 0.010 2.0 7.0
0.0 28.0 0.011 1.0 8.0
0.0 32.0 0.011 1.0 8.0
0.0 32.0 0.012 0.0 9.0
0.0 36.0 0.012 0.0 9.0
0.0 36.0 0.013 0.0 10.0
0.0 40.0 0.013 0.0 10.0
0.0 16.0 0.014 4.0 5.0
0.0 20.0 0.014 4.0 5.0
0.0 20.0 0.015 3.0 6.0
0.0 24.0 0.015 3.0 6.0
0.0 24.0 0.016 0.0 7.0
0.0 28.0 0.016 0.0 7.0
0.0 28.0 0.017 0.0 8.0
0.0 32.0 0.017 0.0 8.0
0.0 24.0 0.018 0.0 7.0
0.0 28.0 0.018 0.0 7.0
0.0 28.0 0.019 0.0 8.0
0.0 32.0 0.019 0.0 8.0
0.0 24.0 0.020 2.0 7.0
0.0 28.0 0.020 2.0 7.0
0.0 28.0 0.021 1.0 8.0
0.0 32.0 0.021 1.0 8.0
0.0 32.0 0.022 0.0 9.0
0.0 36.0 0.022 0.0 9.0
0.0 36.0 0.023 0.0 10.0
0.0 40.0 0.023 0.0 10.0
0.0 16.0 0.024 8.0 5.0
0.0 20.0 0.024 8.0 5.0
0.0 20.0 0.025 7.0 6.0
0.0 24.0 0.025 7.0 6.0
0.0 24.0 0.026 6.0 7.0
0.0 28.0 0.026 6.0 7.0
0.0 28.0 0.027 5.0 8.0
0.0 32.0 0.027 5.0 8.0
0.0 32.0 0.028 4.0 9.0
0.0 36.0 0.028 4.0 9.0
0.0 36.0 0.029 3.0 10.0
0.0 40.0 0.029 3.0 10.0
0.0 40.0 0.030 0.0 11.0
0.0 44.0 0.030 0.0 11.0
0.0 44.0 0.031 0.0 12.0
0.0 48.0 0.031 0.0 12.0
0.0 40.0 0.032 0.0 11.0
0.0 44.0 0.032 0.0 11.0
0.0 44.0 0.033 0.0 12.0
0.0 48.0 0.033 0.0 12.0
0.0 40.0 0.034 2.0 11.0
0.0 44.0 0.034 2.0 11.0
0.0 44.0 0.035 1.0 12.0
0.0 48.0 0.035 1.0 12.0
0.0 48.0 0.036 0.0 13.0
0.0 52.0 0.036 0.0 13.0
0.0 52.0 0.037 0.0 14.0
0.0 56.0 0.037 0.0 14.0
