0.0 0.0 0.00 7.0 1.0
0.0 3.0 0.00 7.0 1.0
0.0 3.0 0.01 0.0 2.0
1.5 5.598076 0.01 0.0 2.0
0.0 3.0 0.02 6.0 2.0
0.0 6.0 0.02 6.0 2.0
0.0 6.0 0.03 0.0 3.0
1.5 8.598076 0.03 0.0 3.0
0.0 6.0 0.04 5.0 3.0
0.0 9.0 0.04 5.0 3.0
0.0 9.0 0.05 1.0 4.0
-1.5 11.598076 0.05 1.0 4.0
-1.5 11.598076 0.06 0.0 5.0
-1.5 14.598076 0.06 0.0 5.0
-1.5 11.598076 0.07 0.0 5.0
-3.0 14.196152 0.07 0.0 5.0
-3.0 14.196152 0.08 0.0 6.0
-3.0 17.196152 0.08 0.0 6.0
-3.0 14.196152 0.09 0.0 6.0
-4.5 16.794228 0.09 0.0 6.0
0.0 9.0 0.010 4.0 4.0
0.0 12.0 0.010 4.0 4.0
0.0 12.0 0.011 0.0 5.0
1.5 14.598076 0.011 0.0 5.0
0.0 12.0 0.012 3.0 5.0
0.0 15.0 0.012 3.0 5.0
0.0 15.0 0.013 0.0 6.0
1.5 17.598076 0.013 0.0 6.0
0.0 15.0 0.014 2.0 6.0
0.0 18.0 0.014 2.0 6.0
0.0 18.0 0.015 1.0 7.0
1.5 20.598076 0.015 1.0 7.0
1.5 20.598076 0.016 0.0 8.0
4.0980763 22.098076 0.016 0.0 8.0
1.5 20.598076 0.017 0.0 8.0
3.0 23.196152 0.017 0.0 8.0
3.0 23.196152 0.018 0.0 9.0
5.5980763 24.696152 0.018 0.0 9.0
3.0 23.196152 0.019 0.0 9.0
4.5 25.794228 0.019 0.0 9.0
0.0 18.0 0.020 1.0 7.0
0.0 21.0 0.020 1.0 7.0
0.0 21.0 0.021 0.0 8.0
1.5 23.598076 0.021 0.0 8.0
0.0 21.0 0.022 0.0 8.0
0.0 24.0 0.022 0.0 8.0
0.0 24.0 0.023 0.0 9.0
1.5 26.598076 0.023 0.0 9.0
0.0 24.0 0.024 0.0 9.0
0.0 27.0 0.024 0.0 9.0
