0.0 0.0 0.00 91.0 1.0
0.0 3.0 0.00 91.0 1.0
0.0 3.0 0.01 90.0 2.0
0.0 6.0 0.01 90.0 2.0
0.0 6.0 0.02 89.0 3.0
0.0 9.0 0.02 89.0 3.0
0.0 9.0 0.03 88.0 4.0
0.0 12.0 0.03 88.0 4.0
0.0 12.0 0.04 87.0 5.0
0.0 15.0 0.04 87.0 5.0
0.0 15.0 0.05 86.0 6.0
0.0 18.0 0.05 86.0 6.0
0.0 18.0 0.06 85.0 7.0
0.0 21.0 0.06 85.0 7.0
0.0 21.0 0.07 84.0 8.0
0.0 24.0 0.07 84.0 8.0
0.0 24.0 0.08 83.0 9.0
0.0 27.0 0.08 83.0 9.0
0.0 27.0 0.09 82.0 10.0
0.0 30.0 0.09 82.0 10.0
0.0 30.0 0.010 81.0 11.0
0.0 33.0 0.010 81.0 11.0
0.0 33.0 0.011 80.0 12.0
0.0 36.0 0.011 80.0 12.0
0.0 36.0 0.012 79.0 13.0
0.0 39.0 0.012 79.0 13.0
0.0 39.0 0.013 78.0 14.0
0.0 42.0 0.013 78.0 14.0
0.0 42.0 0.014 77.0 15.0
0.0 45.0 0.014 77.0 15.0
0.0 45.0 0.015 76.0 16.0
0.0 48.0 0.015 76.0 16.0
0.0 48.0 0.016 43.0 17.0
0.0 51.0 0.016 43.0 17.0
0.0 51.0 0.017 42.0 18.0
0.0 54.0 0.017 42.0 18.0
0.0 54.0 0.018 41.0 19.0
0.0 57.0 0.018 41.0 19.0
0.0 57.0 0.019 40.0 20.0
0.0 60.0 0.019 40.0 20.0
0.0 60.0 0.020 39.0 21.0
0.0 63.0 0.020 39.0 21.0
0.0 63.0 0.021 38.0 22.0
0.0 66.0 0.021 38.0 22.0
0.0 66.0 0.022 37.0 23.0
0.0 69.0 0.022 37.0 23.0
0.0 69.0 0.023 36.0 24.0
0.0 72.0 0.023 36.0 24.0
0.0 72.0 0.024 19.0 25.0
0.0 75.0 0.024 19.0 25.0
0.0 75.0 0.025 18.0 26.0
0.0 78.0 0.025 18.0 26.0
0.0 78.0 0.026 17.0 27.0
0.0 81.0 0.026 17.0 27.0
0.0 81.0 0.027 16.0 28.0
0.0 84.0 0.027 16.0 28.0
0.0 84.0 0.028 7.0 29.0
0.0 87.0 0.028 7.0 29.0
0.0 87.0 0.029 6.0 30.0
0.0 90.0 0.029 6.0 30.0
0.0 90.0 0.030 1.0 31.0
0.0 93.0 0.030 1.0 31.0
0.0 93.0 0.031 0.0 32.0
0.0 96.0 0.031 0.0 32.0
0.0 96.0 0.032 0.0 33.0
0.0 99.0 0.032 0.0 33.0
0.0 90.0 0.033 1.0 31.0
0.0 93.0 0.033 1.0 31.0
0.0 93.0 0.034 0.0 32.0
0.0 96.0 0.034 0.0 32.0
0.0 96.0 0.035 0.0 33.0
0.0 99.0 0.035 0.0 33.0
0.0 90.0 0.036 5.0 31.0
0.0 93.0 0.036 5.0 31.0
0.0 93.0 0.037 4.0 32.0
0.0 96.0 0.037 4.0 32.0
0.0 96.0 0.038 3.0 33.0
0.0 99.0 0.038 3.0 33.0
0.0 99.0 0.039 2.0 34.0
0.0 102.0 0.039 2.0 34.0
0.0 102.0 0.040 1.0 35.0
0.0 105.0 0.040 1.0 35.0
0.0 105.0 0.041 0.0 36.0
0.0 108.0 0.041 0.0 36.0
0.0 108.0 0.042 0.0 37.0
0.0 111.0 0.042 0.0 37.0
0.0 96.0 0.043 1.0 33.0
0.0 99.0 0.043 1.0 33.0
0.0 99.0 0.044 0.0 34.0
0.0 102.0 0.044 0.0 34.0
0.0 102.0 0.045 0.0 35.0
0.0 105.0 0.045 0.0 35.0
0.0 84.0 0.046 7.0 29.0
0.0 87.0 0.046 7.0 29.0
0.0 87.0 0.047 6.0 30.0
0.0 90.0 0.047 6.0 30.0
0.0 90.0 0.048 1.0 31.0
0.0 93.0 0.048 1.0 31.0
0.0 93.0 0.049 0.0 32.0
0.0 96.0 0.049 0.0 32.0
0.0 96.0 0.050 0.0 33.0
0.0 99.0 0.050 0.0 33.0
0.0 90.0 0.051 1.0 31.0
0.0 93.0 0.051 1.0 31.0
0.0 93.0 0.052 0.0 32.0
0.0 96.0 0.052 0.0 32.0
0.0 96.0 0.053 0.0 33.0
0.0 99.0 0.053 0.0 33.0
0.0 90.0 0.054 5.0 31.0
0.0 93.0 0.054 5.0 31.0
0.0 93.0 0.055 4.0 32.0
0.0 96.0 0.055 4.0 32.0
0.0 96.0 0.056 3.0 33.0
0.0 99.0 0.056 3.0 33.0
0.0 99.0 0.057 2.0 34.0
0.0 102.0 0.057 2.0 34.0
0.0 102.0 0.058 1.0 35.0
0.0 105.0 0.058 1.0 35.0
0.0 105.0 0.059 0.0 36.0
0.0 108.0 0.059 0.0 36.0
0.0 108.0 0.060 0.0 37.0
0.0 111.0 0.060 0.0 37.0
0.0 96.0 0.061 1.0 33.0
0.0 99.0 0.061 1.0 33.0
0.0 99.0 0.062 0.0 34.0
0.0 102.0 0.062 0.0 34.0
0.0 102.0 0.063 0.0 35.0
0.0 105.0 0.063 0.0 35.0
0.0 84.0 0.064 15.0 29.0
0.0 87.0 0.064 15.0 29.0
0.0 87.0 0.065 14.0 30.0
0.0 90.0 0.065 14.0 30.0
0.0 90.0 0.066 13.0 31.0
0.0 93.0 0.066 13.0 31.0
0.0 93.0 0.067 12.0 32.0
0.0 96.0 0.067 12.0 32.0
0.0 96.0 0.068 11.0 33.0
0.0 99.0 0.068 11.0 33.0
0.0 99.0 0.069 10.0 34.0
0.0 102.0 0.069 10.0 34.0
0.0 102.0 0.070 9.0 35.0
0.0 105.0 0.070 9.0 35.0
0.0 105.0 0.071 8.0 36.0
0.0 108.0 0.071 8.0 36.0
0.0 108.0 0.072 7.0 37.0
0.0 111.0 0.072 7.0 37.0
0.0 111.0 0.073 6.0 38.0
0.0 114.0 0.073 6.0 38.0
0.0 114.0 0.074 1.0 39.0
0.0 117.0 0.074 1.0 39.0
0.0 117.0 0.075 0.0 40.0
0.0 120.0 0.075 0.0 40.0
0.0 120.0 0.076 0.0 41.0
0.0 123.0 0.076 0.0 41.0
0.0 114.0 0.077 1.0 39.0
0.0 117.0 0.077 1.0 39.0
0.0 117.0 0.078 0.0 40.0
0.0 120.0 0.078 0.0 40.0
0.0 120.0 0.079 0.0 41.0
0.0 123.0 0.079 0.0 41.0
0.0 114.0 0.080 5.0 39.0
0.0 117.0 0.080 5.0 39.0
0.0 117.0 0.081 4.0 40.0
0.0 120.0 0.081 4.0 40.0
0.0 120.0 0.082 3.0 41.0
0.0 123.0 0.082 3.0 41.0
0.0 123.0 0.083 2.0 42.0
0.0 126.0 0.083 2.0 42.0
0.0 126.0 0.084 1.0 43.0
0.0 129.0 0.084 1.0 43.0
0.0 129.0 0.085 0.0 44.0
0.0 132.0 0.085 0.0 44.0
0.0 132.0 0.086 0.0 45.0
0.0 135.0 0.086 0.0 45.0
0.0 120.0 0.087 1.0 41.0
0.0 123.0 0.087 1.0 41.0
0.0 123.0 0.088 0.0 42.0
0.0 126.0 0.088 0.0 42.0
0.0 126.0 0.089 0.0 43.0
0.0 129.0 0.089 0.0 43.0
0.0 96.0 0.090 7.0 33.0
0.0 99.0 0.090 7.0 33.0
0.0 99.0 0.091 6.0 34.0
0.0 102.0 0.091 6.0 34.0
0.0 102.0 0.092 1.0 35.0
0.0 105.0 0.092 1.0 35.0
0.0 105.0 0.093 0.0 36.0
0.0 108.0 0.093 0.0 36.0
0.0 108.0 0.094 0.0 37.0
0.0 111.0 0.094 0.0 37.0
0.0 102.0 0.095 1.0 35.0
0.0 105.0 0.095 1.0 35.0
0.0 105.0 0.096 0.0 36.0
0.0 108.0 0.096 0.0 36.0
0.0 108.0 0.097 0.0 37.0
0.0 111.0 0.097 0.0 37.0
0.0 102.0 0.098 5.0 35.0
0.0 105.0 0.098 5.0 35.0
0.0 105.0 0.099 4.0 36.0
0.0 108.0 0.099 4.0 36.0
0.0 108.0 0.0100 3.0 37.0
0.0 111.0 0.0100 3.0 37.0
0.0 111.0 0.0101 2.0 38.0
0.0 114.0 0.0101 2.0 38.0
0.0 114.0 0.0102 1.0 39.0
0.0 117.0 0.0102 1.0 39.0
0.0 117.0 0.0103 0.0 40.0
0.0 120.0 0.0103 0.0 40.0
0.0 120.0 0.0104 0.0 41.0
0.0 123.0 0.0104 0.0 41.0
0.0 108.0 0.0105 1.0 37.0
0.0 111.0 0.0105 1.0 37.0
0.0 111.0 0.0106 0.0 38.0
0.0 114.0 0.0106 0.0 38.0
0.0 114.0 0.0107 0.0 39.0
0.0 117.0 0.0107 0.0 39.0
0.0 72.0 0.0108 19.0 25.0
0.0 75.0 0.0108 19.0 25.0
0.0 75.0 0.0109 18.0 26.0
0.0 78.0 0.0109 18.0 26.0
0.0 78.0 0.0110 17.0 27.0
0.0 81.0 0.0110 17.0 27.0
0.0 81.0 0.0111 16.0 28.0
0.0 84.0 0.0111 16.0 28.0
0.0 84.0 0.0112 7.0 29.0
0.0 87.0 0.0112 7.0 29.0
0.0 87.0 0.0113 6.0 30.0
0.0 90.0 0.0113 6.0 30.0
0.0 90.0 0.0114 1.0 31.0
0.0 93.0 0.0114 1.0 31.0
0.0 93.0 0.0115 0.0 32.0
0.0 96.0 0.0115 0.0 32.0
0.0 96.0 0.0116 0.0 33.0
0.0 99.0 0.0116 0.0 33.0
0.0 90.0 0.0117 1.0 31.0
0.0 93.0 0.0117 1.0 31.0
0.0 93.0 0.0118 0.0 32.0
0.0 96.0 0.0118 0.0 32.0
0.0 96.0 0.0119 0.0 33.0
0.0 99.0 0.0119 0.0 33.0
0.0 90.0 0.0120 5.0 31.0
0.0 93.0 0.0120 5.0 31.0
0.0 93.0 0.0121 4.0 32.0
0.0 96.0 0.0121 4.0 32.0
0.0 96.0 0.0122 3.0 33.0
0.0 99.0 0.0122 3.0 33.0
0.0 99.0 0.0123 2.0 34.0
0.0 102.0 0.0123 2.0 34.0
0.0 102.0 0.0124 1.0 35.0
0.0 105.0 0.0124 1.0 35.0
0.0 105.0 0.0125 0.0 36.0
0.0 108.0 0.0125 0.0 36.0
0.0 108.0 0.0126 0.0 37.0
0.0 111.0 0.0126 0.0 37.0
0.0 96.0 0.0127 1.0 33.0
0.0 99.0 0.0127 1.0 33.0
0.0 99.0 0.0128 0.0 34.0
0.0 102.0 0.0128 0.0 34.0
0.0 102.0 0.0129 0.0 35.0
0.0 105.0 0.0129 0.0 35.0
0.0 84.0 0.0130 7.0 29.0
0.0 87.0 0.0130 7.0 29.0
0.0 87.0 0.0131 6.0 30.0
0.0 90.0 0.0131 6.0 30.0
0.0 90.0 0.0132 1.0 31.0
0.0 93.0 0.0132 1.0 31.0
0.0 93.0 0.0133 0.0 32.0
0.0 96.0 0.0133 0.0 32.0
0.0 96.0 0.0134 0.0 33.0
0.0 99.0 0.0134 0.0 33.0
0.0 90.0 0.0135 1.0 31.0
0.0 93.0 0.0135 1.0 31.0
0.0 93.0 0.0136 0.0 32.0
0.0 96.0 0.0136 0.0 32.0
0.0 96.0 0.0137 0.0 33.0
0.0 99.0 0.0137 0.0 33.0
0.0 90.0 0.0138 5.0 31.0
0.0 93.0 0.0138 5.0 31.0
0.0 93.0 0.0139 4.0 32.0
0.0 96.0 0.0139 4.0 32.0
0.0 96.0 0.0140 3.0 33.0
0.0 99.0 0.0140 3.0 33.0
0.0 99.0 0.0141 2.0 34.0
0.0 102.0 0.0141 2.0 34.0
0.0 102.0 0.0142 1.0 35.0
0.0 105.0 0.0142 1.0 35.0
0.0 105.0 0.0143 0.0 36.0
0.0 108.0 0.0143 0.0 36.0
0.0 108.0 0.0144 0.0 37.0
0.0 111.0 0.0144 0.0 37.0
0.0 96.0 0.0145 1.0 33.0
0.0 99.0 0.0145 1.0 33.0
0.0 99.0 0.0146 0.0 34.0
0.0 102.0 0.0146 0.0 34.0
0.0 102.0 0.0147 0.0 35.0
0.0 105.0 0.0147 0.0 35.0
0.0 84.0 0.0148 15.0 29.0
0.0 87.0 0.0148 15.0 29.0
0.0 87.0 0.0149 14.0 30.0
0.0 90.0 0.0149 14.0 30.0
0.0 90.0 0.0150 13.0 31.0
0.0 93.0 0.0150 13.0 31.0
0.0 93.0 0.0151 12.0 32.0
0.0 96.0 0.0151 12.0 32.0
0.0 96.0 0.0152 11.0 33.0
0.0 99.0 0.0152 11.0 33.0
0.0 99.0 0.0153 10.0 34.0
0.0 102.0 0.0153 10.0 34.0
0.0 102.0 0.0154 9.0 35.0
0.0 105.0 0.0154 9.0 35.0
0.0 105.0 0.0155 8.0 36.0
0.0 108.0 0.0155 8.0 36.0
0.0 108.0 0.0156 7.0 37.0
0.0 111.0 0.0156 7.0 37.0
0.0 111.0 0.0157 6.0 38.0
0.0 114.0 0.0157 6.0 38.0
0.0 114.0 0.0158 1.0 39.0
0.0 117.0 0.0158 1.0 39.0
0.0 117.0 0.0159 0.0 40.0
0.0 120.0 0.0159 0.0 40.0
0.0 120.0 0.0160 0.0 41.0
0.0 123.0 0.0160 0.0 41.0
0.0 114.0 0.0161 1.0 39.0
0.0 117.0 0.0161 1.0 39.0
0.0 117.0 0.0162 0.0 40.0
0.0 120.0 0.0162 0.0 40.0
0.0 120.0 0.0163 0.0 41.0
0.0 123.0 0.0163 0.0 41.0
0.0 114.0 0.0164 5.0 39.0
0.0 117.0 0.0164 5.0 39.0
0.0 117.0 0.0165 4.0 40.0
0.0 120.0 0.0165 4.0 40.0
0.0 120.0 0.0166 3.0 41.0
0.0 123.0 0.0166 3.0 41.0
0.0 123.0 0.0167 2.0 42.0
0.0 126.0 0.0167 2.0 42.0
0.0 126.0 0.0168 1.0 43.0
0.0 129.0 0.0168 1.0 43.0
0.0 129.0 0.0169 0.0 44.0
0.0 132.0 0.0169 0.0 44.0
0.0 132.0 0.0170 0.0 45.0
0.0 135.0 0.0170 0.0 45.0
0.0 120.0 0.0171 1.0 41.0
0.0 123.0 0.0171 1.0 41.0
0.0 123.0 0.0172 0.0 42.0
0.0 126.0 0.0172 0.0 42.0
0.0 126.0 0.0173 0.0 43.0
0.0 129.0 0.0173 0.0 43.0
0.0 96.0 0.0174 7.0 33.0
0.0 99.0 0.0174 7.0 33.0
0.0 99.0 0.0175 6.0 34.0
0.0 102.0 0.0175 6.0 34.0
0.0 102.0 0.0176 1.0 35.0
0.0 105.0 0.0176 1.0 35.0
0.0 105.0 0.0177 0.0 36.0
0.0 108.0 0.0177 0.0 36.0
0.0 108.0 0.0178 0.0 37.0
0.0 111.0 0.0178 0.0 37.0
0.0 102.0 0.0179 1.0 35.0
0.0 105.0 0.0179 1.0 35.0
0.0 105.0 0.0180 0.0 36.0
0.0 108.0 0.0180 0.0 36.0
0.0 108.0 0.0181 0.0 37.0
0.0 111.0 0.0181 0.0 37.0
0.0 102.0 0.0182 5.0 35.0
0.0 105.0 0.0182 5.0 35.0
0.0 105.0 0.0183 4.0 36.0
0.0 108.0 0.0183 4.0 36.0
0.0 108.0 0.0184 3.0 37.0
0.0 111.0 0.0184 3.0 37.0
0.0 111.0 0.0185 2.0 38.0
0.0 114.0 0.0185 2.0 38.0
0.0 114.0 0.0186 1.0 39.0
0.0 117.0 0.0186 1.0 39.0
0.0 117.0 0.0187 0.0 40.0
0.0 120.0 0.0187 0.0 40.0
0.0 120.0 0.0188 0.0 41.0
0.0 123.0 0.0188 0.0 41.0
0.0 108.0 0.0189 1.0 37.0
0.0 111.0 0.0189 1.0 37.0
0.0 111.0 0.0190 0.0 38.0
0.0 114.0 0.0190 0.0 38.0
0.0 114.0 0.0191 0.0 39.0
0.0 117.0 0.0191 0.0 39.0
0.0 72.0 0.0192 35.0 25.0
0.0 75.0 0.0192 35.0 25.0
0.0 75.0 0.0193 34.0 26.0
0.0 78.0 0.0193 34.0 26.0
0.0 78.0 0.0194 33.0 27.0
0.0 81.0 0.0194 33.0 27.0
0.0 81.0 0.0195 32.0 28.0
0.0 84.0 0.0195 32.0 28.0
0.0 84.0 0.0196 31.0 29.0
0.0 87.0 0.0196 31.0 29.0
0.0 87.0 0.0197 30.0 30.0
0.0 90.0 0.0197 30.0 30.0
0.0 90.0 0.0198 29.0 31.0
0.0 93.0 0.0198 29.0 31.0
0.0 93.0 0.0199 28.0 32.0
0.0 96.0 0.0199 28.0 32.0
0.0 96.0 0.0200 27.0 33.0
0.0 99.0 0.0200 27.0 33.0
0.0 99.0 0.0201 26.0 34.0
0.0 102.0 0.0201 26.0 34.0
0.0 102.0 0.0202 25.0 35.0
0.0 105.0 0.0202 25.0 35.0
0.0 105.0 0.0203 24.0 36.0
0.0 108.0 0.0203 24.0 36.0
0.0 108.0 0.0204 23.0 37.0
0.0 111.0 0.0204 23.0 37.0
0.0 111.0 0.0205 22.0 38.0
0.0 114.0 0.0205 22.0 38.0
0.0 114.0 0.0206 21.0 39.0
0.0 117.0 0.0206 21.0 39.0
0.0 117.0 0.0207 20.0 40.0
0.0 120.0 0.0207 20.0 40.0
0.0 120.0 0.0208 19.0 41.0
0.0 123.0 0.0208 19.0 41.0
0.0 123.0 0.0209 18.0 42.0
0.0 126.0 0.0209 18.0 42.0
0.0 126.0 0.0210 17.0 43.0
0.0 129.0 0.0210 17.0 43.0
0.0 129.0 0.0211 16.0 44.0
0.0 132.0 0.0211 16.0 44.0
0.0 132.0 0.0212 7.0 45.0
0.0 135.0 0.0212 7.0 45.0
0.0 135.0 0.0213 6.0 46.0
0.0 138.0 0.0213 6.0 46.0
0.0 138.0 0.0214 1.0 47.0
0.0 141.0 0.0214 1.0 47.0
0.0 141.0 0.0215 0.0 48.0
0.0 144.0 0.0215 0.0 48.0
0.0 144.0 0.0216 0.0 49.0
0.0 147.0 0.0216 0.0 49.0
0.0 138.0 0.0217 1.0 47.0
0.0 141.0 0.0217 1.0 47.0
0.0 141.0 0.0218 0.0 48.0
0.0 144.0 0.0218 0.0 48.0
0.0 144.0 0.0219 0.0 49.0
0.0 147.0 0.0219 0.0 49.0
0.0 138.0 0.0220 5.0 47.0
0.0 141.0 0.0220 5.0 47.0
0.0 141.0 0.0221 4.0 48.0
0.0 144.0 0.0221 4.0 48.0
0.0 144.0 0.0222 3.0 49.0
0.0 147.0 0.0222 3.0 49.0
0.0 147.0 0.0223 2.0 50.0
0.0 150.0 0.0223 2.0 50.0
0.0 150.0 0.0224 1.0 51.0
0.0 153.0 0.0224 1.0 51.0
0.0 153.0 0.0225 0.0 52.0
0.0 156.0 0.0225 0.0 52.0
0.0 156.0 0.0226 0.0 53.0
0.0 159.0 0.0226 0.0 53.0
0.0 144.0 0.0227 1.0 49.0
0.0 147.0 0.0227 1.0 49.0
0.0 147.0 0.0228 0.0 50.0
0.0 150.0 0.0228 0.0 50.0
0.0 150.0 0.0229 0.0 51.0
0.0 153.0 0.0229 0.0 51.0
0.0 132.0 0.0230 7.0 45.0
0.0 135.0 0.0230 7.0 45.0
0.0 135.0 0.0231 6.0 46.0
0.0 138.0 0.0231 6.0 46.0
0.0 138.0 0.0232 1.0 47.0
0.0 141.0 0.0232 1.0 47.0
0.0 141.0 0.0233 0.0 48.0
0.0 144.0 0.0233 0.0 48.0
0.0 144.0 0.0234 0.0 49.0
0.0 147.0 0.0234 0.0 49.0
0.0 138.0 0.0235 1.0 47.0
0.0 141.0 0.0235 1.0 47.0
0.0 141.0 0.0236 0.0 48.0
0.0 144.0 0.0236 0.0 48.0
0.0 144.0 0.0237 0.0 49.0
0.0 147.0 0.0237 0.0 49.0
0.0 138.0 0.0238 5.0 47.0
0.0 141.0 0.0238 5.0 47.0
0.0 141.0 0.0239 4.0 48.0
0.0 144.0 0.0239 4.0 48.0
0.0 144.0 0.0240 3.0 49.0
0.0 147.0 0.0240 3.0 49.0
0.0 147.0 0.0241 2.0 50.0
0.0 150.0 0.0241 2.0 50.0
0.0 150.0 0.0242 1.0 51.0
0.0 153.0 0.0242 1.0 51.0
0.0 153.0 0.0243 0.0 52.0
0.0 156.0 0.0243 0.0 52.0
0.0 156.0 0.0244 0.0 53.0
0.0 159.0 0.0244 0.0 53.0
0.0 144.0 0.0245 1.0 49.0
0.0 147.0 0.0245 1.0 49.0
0.0 147.0 0.0246 0.0 50.0
0.0 150.0 0.0246 0.0 50.0
0.0 150.0 0.0247 0.0 51.0
0.0 153.0 0.0247 0.0 51.0
0.0 132.0 0.0248 15.0 45.0
0.0 135.0 0.0248 15.0 45.0
0.0 135.0 0.0249 14.0 46.0
0.0 138.0 0.0249 14.0 46.0
0.0 138.0 0.0250 13.0 47.0
0.0 141.0 0.0250 13.0 47.0
0.0 141.0 0.0251 12.0 48.0
0.0 144.0 0.0251 12.0 48.0
0.0 144.0 0.0252 11.0 49.0
0.0 147.0 0.0252 11.0 49.0
0.0 147.0 0.0253 10.0 50.0
0.0 150.0 0.0253 10.0 50.0
0.0 150.0 0.0254 9.0 51.0
0.0 153.0 0.0254 9.0 51.0
0.0 153.0 0.0255 8.0 52.0
0.0 156.0 0.0255 8.0 52.0
0.0 156.0 0.0256 7.0 53.0
0.0 159.0 0.0256 7.0 53.0
0.0 159.0 0.0257 6.0 54.0
0.0 162.0 0.0257 6.0 54.0
0.0 162.0 0.0258 1.0 55.0
0.0 165.0 0.0258 1.0 55.0
0.0 165.0 0.0259 0.0 56.0
0.0 168.0 0.0259 0.0 56.0
0.0 168.0 0.0260 0.0 57.0
0.0 171.0 0.0260 0.0 57.0
0.0 162.0 0.0261 1.0 55.0
0.0 165.0 0.0261 1.0 55.0
0.0 165.0 0.0262 0.0 56.0
0.0 168.0 0.0262 0.0 56.0
0.0 168.0 0.0263 0.0 57.0
0.0 171.0 0.0263 0.0 57.0
0.0 162.0 0.0264 5.0 55.0
0.0 165.0 0.0264 5.0 55.0
0.0 165.0 0.0265 4.0 56.0
0.0 168.0 0.0265 4.0 56.0
0.0 168.0 0.0266 3.0 57.0
0.0 171.0 0.0266 3.0 57.0
0.0 171.0 0.0267 2.0 58.0
0.0 174.0 0.0267 2.0 58.0
0.0 174.0 0.0268 1.0 59.0
0.0 177.0 0.0268 1.0 59.0
0.0 177.0 0.0269 0.0 60.0
0.0 180.0 0.0269 0.0 60.0
0.0 180.0 0.0270 0.0 61.0
0.0 183.0 0.0270 0.0 61.0
0.0 168.0 0.0271 1.0 57.0
0.0 171.0 0.0271 1.0 57.0
0.0 171.0 0.0272 0.0 58.0
0.0 174.0 0.0272 0.0 58.0
0.0 174.0 0.0273 0.0 59.0
0.0 177.0 0.0273 0.0 59.0
0.0 144.0 0.0274 7.0 49.0
0.0 147.0 0.0274 7.0 49.0
0.0 147.0 0.0275 6.0 50.0
0.0 150.0 0.0275 6.0 50.0
0.0 150.0 0.0276 1.0 51.0
0.0 153.0 0.0276 1.0 51.0
0.0 153.0 0.0277 0.0 52.0
0.0 156.0 0.0277 0.0 52.0
0.0 156.0 0.0278 0.0 53.0
0.0 159.0 0.0278 0.0 53.0
0.0 150.0 0.0279 1.0 51.0
0.0 153.0 0.0279 1.0 51.0
0.0 153.0 0.0280 0.0 52.0
0.0 156.0 0.0280 0.0 52.0
0.0 156.0 0.0281 0.0 53.0
0.0 159.0 0.0281 0.0 53.0
0.0 150.0 0.0282 5.0 51.0
0.0 153.0 0.0282 5.0 51.0
0.0 153.0 0.0283 4.0 52.0
0.0 156.0 0.0283 4.0 52.0
0.0 156.0 0.0284 3.0 53.0
0.0 159.0 0.0284 3.0 53.0
0.0 159.0 0.0285 2.0 54.0
0.0 162.0 0.0285 2.0 54.0
0.0 162.0 0.0286 1.0 55.0
0.0 165.0 0.0286 1.0 55.0
0.0 165.0 0.0287 0.0 56.0
0.0 168.0 0.0287 0.0 56.0
0.0 168.0 0.0288 0.0 57.0
0.0 171.0 0.0288 0.0 57.0
0.0 156.0 0.0289 1.0 53.0
0.0 159.0 0.0289 1.0 53.0
0.0 159.0 0.0290 0.0 54.0
0.0 162.0 0.0290 0.0 54.0
0.0 162.0 0.0291 0.0 55.0
0.0 165.0 0.0291 0.0 55.0
0.0 96.0 0.0292 19.0 33.0
0.0 99.0 0.0292 19.0 33.0
0.0 99.0 0.0293 18.0 34.0
0.0 102.0 0.0293 18.0 34.0
0.0 102.0 0.0294 17.0 35.0
0.0 105.0 0.0294 17.0 35.0
0.0 105.0 0.0295 16.0 36.0
0.0 108.0 0.0295 16.0 36.0
0.0 108.0 0.0296 7.0 37.0
0.0 111.0 0.0296 7.0 37.0
0.0 111.0 0.0297 6.0 38.0
0.0 114.0 0.0297 6.0 38.0
0.0 114.0 0.0298 1.0 39.0
0.0 117.0 0.0298 1.0 39.0
0.0 117.0 0.0299 0.0 40.0
0.0 120.0 0.0299 0.0 40.0
0.0 120.0 0.0300 0.0 41.0
0.0 123.0 0.0300 0.0 41.0
0.0 114.0 0.0301 1.0 39.0
0.0 117.0 0.0301 1.0 39.0
0.0 117.0 0.0302 0.0 40.0
0.0 120.0 0.0302 0.0 40.0
0.0 120.0 0.0303 0.0 41.0
0.0 123.0 0.0303 0.0 41.0
0.0 114.0 0.0304 5.0 39.0
0.0 117.0 0.0304 5.0 39.0
0.0 117.0 0.0305 4.0 40.0
0.0 120.0 0.0305 4.0 40.0
0.0 120.0 0.0306 3.0 41.0
0.0 123.0 0.0306 3.0 41.0
0.0 123.0 0.0307 2.0 42.0
0.0 126.0 0.0307 2.0 42.0
0.0 126.0 0.0308 1.0 43.0
0.0 129.0 0.0308 1.0 43.0
0.0 129.0 0.0309 0.0 44.0
0.0 132.0 0.0309 0.0 44.0
0.0 132.0 0.0310 0.0 45.0
0.0 135.0 0.0310 0.0 45.0
0.0 120.0 0.0311 1.0 41.0
0.0 123.0 0.0311 1.0 41.0
0.0 123.0 0.0312 0.0 42.0
0.0 126.0 0.0312 0.0 42.0
0.0 126.0 0.0313 0.0 43.0
0.0 129.0 0.0313 0.0 43.0
0.0 108.0 0.0314 7.0 37.0
0.0 111.0 0.0314 7.0 37.0
0.0 111.0 0.0315 6.0 38.0
0.0 114.0 0.0315 6.0 38.0
0.0 114.0 0.0316 1.0 39.0
0.0 117.0 0.0316 1.0 39.0
0.0 117.0 0.0317 0.0 40.0
0.0 120.0 0.0317 0.0 40.0
0.0 120.0 0.0318 0.0 41.0
0.0 123.0 0.0318 0.0 41.0
0.0 114.0 0.0319 1.0 39.0
0.0 117.0 0.0319 1.0 39.0
0.0 117.0 0.0320 0.0 40.0
0.0 120.0 0.0320 0.0 40.0
0.0 120.0 0.0321 0.0 41.0
0.0 123.0 0.0321 0.0 41.0
0.0 114.0 0.0322 5.0 39.0
0.0 117.0 0.0322 5.0 39.0
0.0 117.0 0.0323 4.0 40.0
0.0 120.0 0.0323 4.0 40.0
0.0 120.0 0.0324 3.0 41.0
0.0 123.0 0.0324 3.0 41.0
0.0 123.0 0.0325 2.0 42.0
0.0 126.0 0.0325 2.0 42.0
0.0 126.0 0.0326 1.0 43.0
0.0 129.0 0.0326 1.0 43.0
0.0 129.0 0.0327 0.0 44.0
0.0 132.0 0.0327 0.0 44.0
0.0 132.0 0.0328 0.0 45.0
0.0 135.0 0.0328 0.0 45.0
0.0 120.0 0.0329 1.0 41.0
0.0 123.0 0.0329 1.0 41.0
0.0 123.0 0.0330 0.0 42.0
0.0 126.0 0.0330 0.0 42.0
0.0 126.0 0.0331 0.0 43.0
0.0 129.0 0.0331 0.0 43.0
0.0 108.0 0.0332 15.0 37.0
0.0 111.0 0.0332 15.0 37.0
0.0 111.0 0.0333 14.0 38.0
0.0 114.0 0.0333 14.0 38.0
0.0 114.0 0.0334 13.0 39.0
0.0 117.0 0.0334 13.0 39.0
0.0 117.0 0.0335 12.0 40.0
0.0 120.0 0.0335 12.0 40.0
0.0 120.0 0.0336 11.0 41.0
0.0 123.0 0.0336 11.0 41.0
0.0 123.0 0.0337 10.0 42.0
0.0 126.0 0.0337 10.0 42.0
0.0 126.0 0.0338 9.0 43.0
0.0 129.0 0.0338 9.0 43.0
0.0 129.0 0.0339 8.0 44.0
0.0 132.0 0.0339 8.0 44.0
0.0 132.0 0.0340 7.0 45.0
0.0 135.0 0.0340 7.0 45.0
0.0 135.0 0.0341 6.0 46.0
0.0 138.0 0.0341 6.0 46.0
0.0 138.0 0.0342 1.0 47.0
0.0 141.0 0.0342 1.0 47.0
0.0 141.0 0.0343 0.0 48.0
0.0 144.0 0.0343 0.0 48.0
0.0 144.0 0.0344 0.0 49.0
0.0 147.0 0.0344 0.0 49.0
0.0 138.0 0.0345 1.0 47.0
0.0 141.0 0.0345 1.0 47.0
0.0 141.0 0.0346 0.0 48.0
0.0 144.0 0.0346 0.0 48.0
0.0 144.0 0.0347 0.0 49.0
0.0 147.0 0.0347 0.0 49.0
0.0 138.0 0.0348 5.0 47.0
0.0 141.0 0.0348 5.0 47.0
0.0 141.0 0.0349 4.0 48.0
0.0 144.0 0.0349 4.0 48.0
0.0 144.0 0.0350 3.0 49.0
0.0 147.0 0.0350 3.0 49.0
0.0 147.0 0.0351 2.0 50.0
0.0 150.0 0.0351 2.0 50.0
0.0 150.0 0.0352 1.0 51.0
0.0 153.0 0.0352 1.0 51.0
0.0 153.0 0.0353 0.0 52.0
0.0 156.0 0.0353 0.0 52.0
0.0 156.0 0.0354 0.0 53.0
0.0 159.0 0.0354 0.0 53.0
0.0 144.0 0.0355 1.0 49.0
0.0 147.0 0.0355 1.0 49.0
0.0 147.0 0.0356 0.0 50.0
0.0 150.0 0.0356 0.0 50.0
0.0 150.0 0.0357 0.0 51.0
0.0 153.0 0.0357 0.0 51.0
0.0 120.0 0.0358 7.0 41.0
0.0 123.0 0.0358 7.0 41.0
0.0 123.0 0.0359 6.0 42.0
0.0 126.0 0.0359 6.0 42.0
0.0 126.0 0.0360 1.0 43.0
0.0 129.0 0.0360 1.0 43.0
0.0 129.0 0.0361 0.0 44.0
0.0 132.0 0.0361 0.0 44.0
0.0 132.0 0.0362 0.0 45.0
0.0 135.0 0.0362 0.0 45.0
0.0 126.0 0.0363 1.0 43.0
0.0 129.0 0.0363 1.0 43.0
0.0 129.0 0.0364 0.0 44.0
0.0 132.0 0.0364 0.0 44.0
0.0 132.0 0.0365 0.0 45.0
0.0 135.0 0.0365 0.0 45.0
0.0 126.0 0.0366 5.0 43.0
0.0 129.0 0.0366 5.0 43.0
0.0 129.0 0.0367 4.0 44.0
0.0 132.0 0.0367 4.0 44.0
0.0 132.0 0.0368 3.0 45.0
0.0 135.0 0.0368 3.0 45.0
0.0 135.0 0.0369 2.0 46.0
0.0 138.0 0.0369 2.0 46.0
0.0 138.0 0.0370 1.0 47.0
0.0 141.0 0.0370 1.0 47.0
0.0 141.0 0.0371 0.0 48.0
0.0 144.0 0.0371 0.0 48.0
0.0 144.0 0.0372 0.0 49.0
0.0 147.0 0.0372 0.0 49.0
0.0 132.0 0.0373 1.0 45.0
0.0 135.0 0.0373 1.0 45.0
0.0 135.0 0.0374 0.0 46.0
0.0 138.0 0.0374 0.0 46.0
0.0 138.0 0.0375 0.0 47.0
0.0 141.0 0.0375 0.0 47.0
0.0 48.0 0.0376 43.0 17.0
0.0 51.0 0.0376 43.0 17.0
0.0 51.0 0.0377 42.0 18.0
0.0 54.0 0.0377 42.0 18.0
0.0 54.0 0.0378 41.0 19.0
0.0 57.0 0.0378 41.0 19.0
0.0 57.0 0.0379 40.0 20.0
0.0 60.0 0.0379 40.0 20.0
0.0 60.0 0.0380 39.0 21.0
0.0 63.0 0.0380 39.0 21.0
0.0 63.0 0.0381 38.0 22.0
0.0 66.0 0.0381 38.0 22.0
0.0 66.0 0.0382 37.0 23.0
0.0 69.0 0.0382 37.0 23.0
0.0 69.0 0.0383 36.0 24.0
0.0 72.0 0.0383 36.0 24.0
0.0 72.0 0.0384 19.0 25.0
0.0 75.0 0.0384 19.0 25.0
0.0 75.0 0.0385 18.0 26.0
0.0 78.0 0.0385 18.0 26.0
0.0 78.0 0.0386 17.0 27.0
0.0 81.0 0.0386 17.0 27.0
0.0 81.0 0.0387 16.0 28.0
0.0 84.0 0.0387 16.0 28.0
0.0 84.0 0.0388 7.0 29.0
0.0 87.0 0.0388 7.0 29.0
0.0 87.0 0.0389 6.0 30.0
0.0 90.0 0.0389 6.0 30.0
0.0 90.0 0.0390 1.0 31.0
0.0 93.0 0.0390 1.0 31.0
0.0 93.0 0.0391 0.0 32.0
0.0 96.0 0.0391 0.0 32.0
0.0 96.0 0.0392 0.0 33.0
0.0 99.0 0.0392 0.0 33.0
0.0 90.0 0.0393 1.0 31.0
0.0 93.0 0.0393 1.0 31.0
0.0 93.0 0.0394 0.0 32.0
0.0 96.0 0.0394 0.0 32.0
0.0 96.0 0.0395 0.0 33.0
0.0 99.0 0.0395 0.0 33.0
0.0 90.0 0.0396 5.0 31.0
0.0 93.0 0.0396 5.0 31.0
0.0 93.0 0.0397 4.0 32.0
0.0 96.0 0.0397 4.0 32.0
0.0 96.0 0.0398 3.0 33.0
0.0 99.0 0.0398 3.0 33.0
0.0 99.0 0.0399 2.0 34.0
0.0 102.0 0.0399 2.0 34.0
0.0 102.0 0.0400 1.0 35.0
0.0 105.0 0.0400 1.0 35.0
0.0 105.0 0.0401 0.0 36.0
0.0 108.0 0.0401 0.0 36.0
0.0 108.0 0.0402 0.0 37.0
0.0 111.0 0.0402 0.0 37.0
0.0 96.0 0.0403 1.0 33.0
0.0 99.0 0.0403 1.0 33.0
0.0 99.0 0.0404 0.0 34.0
0.0 102.0 0.0404 0.0 34.0
0.0 102.0 0.0405 0.0 35.0
0.0 105.0 0.0405 0.0 35.0
0.0 84.0 0.0406 7.0 29.0
0.0 87.0 0.0406 7.0 29.0
0.0 87.0 0.0407 6.0 30.0
0.0 90.0 0.0407 6.0 30.0
0.0 90.0 0.0408 1.0 31.0
0.0 93.0 0.0408 1.0 31.0
0.0 93.0 0.0409 0.0 32.0
0.0 96.0 0.0409 0.0 32.0
0.0 96.0 0.0410 0.0 33.0
0.0 99.0 0.0410 0.0 33.0
0.0 90.0 0.0411 1.0 31.0
0.0 93.0 0.0411 1.0 31.0
0.0 93.0 0.0412 0.0 32.0
0.0 96.0 0.0412 0.0 32.0
0.0 96.0 0.0413 0.0 33.0
0.0 99.0 0.0413 0.0 33.0
0.0 90.0 0.0414 5.0 31.0
0.0 93.0 0.0414 5.0 31.0
0.0 93.0 0.0415 4.0 32.0
0.0 96.0 0.0415 4.0 32.0
0.0 96.0 0.0416 3.0 33.0
0.0 99.0 0.0416 3.0 33.0
0.0 99.0 0.0417 2.0 34.0
0.0 102.0 0.0417 2.0 34.0
0.0 102.0 0.0418 1.0 35.0
0.0 105.0 0.0418 1.0 35.0
0.0 105.0 0.0419 0.0 36.0
0.0 108.0 0.0419 0.0 36.0
0.0 108.0 0.0420 0.0 37.0
0.0 111.0 0.0420 0.0 37.0
0.0 96.0 0.0421 1.0 33.0
0.0 99.0 0.0421 1.0 33.0
0.0 99.0 0.0422 0.0 34.0
0.0 102.0 0.0422 0.0 34.0
0.0 102.0 0.0423 0.0 35.0
0.0 105.0 0.0423 0.0 35.0
0.0 84.0 0.0424 15.0 29.0
0.0 87.0 0.0424 15.0 29.0
0.0 87.0 0.0425 14.0 30.0
0.0 90.0 0.0425 14.0 30.0
0.0 90.0 0.0426 13.0 31.0
0.0 93.0 0.0426 13.0 31.0
0.0 93.0 0.0427 12.0 32.0
0.0 96.0 0.0427 12.0 32.0
0.0 96.0 0.0428 11.0 33.0
0.0 99.0 0.0428 11.0 33.0
0.0 99.0 0.0429 10.0 34.0
0.0 102.0 0.0429 10.0 34.0
0.0 102.0 0.0430 9.0 35.0
0.0 105.0 0.0430 9.0 35.0
0.0 105.0 0.0431 8.0 36.0
0.0 108.0 0.0431 8.0 36.0
0.0 108.0 0.0432 7.0 37.0
0.0 111.0 0.0432 7.0 37.0
0.0 111.0 0.0433 6.0 38.0
0.0 114.0 0.0433 6.0 38.0
0.0 114.0 0.0434 1.0 39.0
0.0 117.0 0.0434 1.0 39.0
0.0 117.0 0.0435 0.0 40.0
0.0 120.0 0.0435 0.0 40.0
0.0 120.0 0.0436 0.0 41.0
0.0 123.0 0.0436 0.0 41.0
0.0 114.0 0.0437 1.0 39.0
0.0 117.0 0.0437 1.0 39.0
0.0 117.0 0.0438 0.0 40.0
0.0 120.0 0.0438 0.0 40.0
0.0 120.0 0.0439 0.0 41.0
0.0 123.0 0.0439 0.0 41.0
0.0 114.0 0.0440 5.0 39.0
0.0 117.0 0.0440 5.0 39.0
0.0 117.0 0.0441 4.0 40.0
0.0 120.0 0.0441 4.0 40.0
0.0 120.0 0.0442 3.0 41.0
0.0 123.0 0.0442 3.0 41.0
0.0 123.0 0.0443 2.0 42.0
0.0 126.0 0.0443 2.0 42.0
0.0 126.0 0.0444 1.0 43.0
0.0 129.0 0.0444 1.0 43.0
0.0 129.0 0.0445 0.0 44.0
0.0 132.0 0.0445 0.0 44.0
0.0 132.0 0.0446 0.0 45.0
0.0 135.0 0.0446 0.0 45.0
0.0 120.0 0.0447 1.0 41.0
0.0 123.0 0.0447 1.0 41.0
0.0 123.0 0.0448 0.0 42.0
0.0 126.0 0.0448 0.0 42.0
0.0 126.0 0.0449 0.0 43.0
0.0 129.0 0.0449 0.0 43.0
0.0 96.0 0.0450 7.0 33.0
0.0 99.0 0.0450 7.0 33.0
0.0 99.0 0.0451 6.0 34.0
0.0 102.0 0.0451 6.0 34.0
0.0 102.0 0.0452 1.0 35.0
0.0 105.0 0.0452 1.0 35.0
0.0 105.0 0.0453 0.0 36.0
0.0 108.0 0.0453 0.0 36.0
0.0 108.0 0.0454 0.0 37.0
0.0 111.0 0.0454 0.0 37.0
0.0 102.0 0.0455 1.0 35.0
0.0 105.0 0.0455 1.0 35.0
0.0 105.0 0.0456 0.0 36.0
0.0 108.0 0.0456 0.0 36.0
0.0 108.0 0.0457 0.0 37.0
0.0 111.0 0.0457 0.0 37.0
0.0 102.0 0.0458 5.0 35.0
0.0 105.0 0.0458 5.0 35.0
0.0 105.0 0.0459 4.0 36.0
0.0 108.0 0.0459 4.0 36.0
0.0 108.0 0.0460 3.0 37.0
0.0 111.0 0.0460 3.0 37.0
0.0 111.0 0.0461 2.0 38.0
0.0 114.0 0.0461 2.0 38.0
0.0 114.0 0.0462 1.0 39.0
0.0 117.0 0.0462 1.0 39.0
0.0 117.0 0.0463 0.0 40.0
0.0 120.0 0.0463 0.0 40.0
0.0 120.0 0.0464 0.0 41.0
0.0 123.0 0.0464 0.0 41.0
0.0 108.0 0.0465 1.0 37.0
0.0 111.0 0.0465 1.0 37.0
0.0 111.0 0.0466 0.0 38.0
0.0 114.0 0.0466 0.0 38.0
0.0 114.0 0.0467 0.0 39.0
0.0 117.0 0.0467 0.0 39.0
0.0 72.0 0.0468 19.0 25.0
0.0 75.0 0.0468 19.0 25.0
0.0 75.0 0.0469 18.0 26.0
0.0 78.0 0.0469 18.0 26.0
0.0 78.0 0.0470 17.0 27.0
0.0 81.0 0.0470 17.0 27.0
0.0 81.0 0.0471 16.0 28.0
0.0 84.0 0.0471 16.0 28.0
0.0 84.0 0.0472 7.0 29.0
0.0 87.0 0.0472 7.0 29.0
0.0 87.0 0.0473 6.0 30.0
0.0 90.0 0.0473 6.0 30.0
0.0 90.0 0.0474 1.0 31.0
0.0 93.0 0.0474 1.0 31.0
0.0 93.0 0.0475 0.0 32.0
0.0 96.0 0.0475 0.0 32.0
0.0 96.0 0.0476 0.0 33.0
0.0 99.0 0.0476 0.0 33.0
0.0 90.0 0.0477 1.0 31.0
0.0 93.0 0.0477 1.0 31.0
0.0 93.0 0.0478 0.0 32.0
0.0 96.0 0.0478 0.0 32.0
0.0 96.0 0.0479 0.0 33.0
0.0 99.0 0.0479 0.0 33.0
0.0 90.0 0.0480 5.0 31.0
0.0 93.0 0.0480 5.0 31.0
0.0 93.0 0.0481 4.0 32.0
0.0 96.0 0.0481 4.0 32.0
0.0 96.0 0.0482 3.0 33.0
0.0 99.0 0.0482 3.0 33.0
0.0 99.0 0.0483 2.0 34.0
0.0 102.0 0.0483 2.0 34.0
0.0 102.0 0.0484 1.0 35.0
0.0 105.0 0.0484 1.0 35.0
0.0 105.0 0.0485 0.0 36.0
0.0 108.0 0.0485 0.0 36.0
0.0 108.0 0.0486 0.0 37.0
0.0 111.0 0.0486 0.0 37.0
0.0 96.0 0.0487 1.0 33.0
0.0 99.0 0.0487 1.0 33.0
0.0 99.0 0.0488 0.0 34.0
0.0 102.0 0.0488 0.0 34.0
0.0 102.0 0.0489 0.0 35.0
0.0 105.0 0.0489 0.0 35.0
0.0 84.0 0.0490 7.0 29.0
0.0 87.0 0.0490 7.0 29.0
0.0 87.0 0.0491 6.0 30.0
0.0 90.0 0.0491 6.0 30.0
0.0 90.0 0.0492 1.0 31.0
0.0 93.0 0.0492 1.0 31.0
0.0 93.0 0.0493 0.0 32.0
0.0 96.0 0.0493 0.0 32.0
0.0 96.0 0.0494 0.0 33.0
0.0 99.0 0.0494 0.0 33.0
0.0 90.0 0.0495 1.0 31.0
0.0 93.0 0.0495 1.0 31.0
0.0 93.0 0.0496 0.0 32.0
0.0 96.0 0.0496 0.0 32.0
0.0 96.0 0.0497 0.0 33.0
0.0 99.0 0.0497 0.0 33.0
0.0 90.0 0.0498 5.0 31.0
0.0 93.0 0.0498 5.0 31.0
0.0 93.0 0.0499 4.0 32.0
0.0 96.0 0.0499 4.0 32.0
0.0 96.0 0.0500 3.0 33.0
0.0 99.0 0.0500 3.0 33.0
0.0 99.0 0.0501 2.0 34.0
0.0 102.0 0.0501 2.0 34.0
0.0 102.0 0.0502 1.0 35.0
0.0 105.0 0.0502 1.0 35.0
0.0 105.0 0.0503 0.0 36.0
0.0 108.0 0.0503 0.0 36.0
0.0 108.0 0.0504 0.0 37.0
0.0 111.0 0.0504 0.0 37.0
0.0 96.0 0.0505 1.0 33.0
0.0 99.0 0.0505 1.0 33.0
0.0 99.0 0.0506 0.0 34.0
0.0 102.0 0.0506 0.0 34.0
0.0 102.0 0.0507 0.0 35.0
0.0 105.0 0.0507 0.0 35.0
0.0 84.0 0.0508 15.0 29.0
0.0 87.0 0.0508 15.0 29.0
0.0 87.0 0.0509 14.0 30.0
0.0 90.0 0.0509 14.0 30.0
0.0 90.0 0.0510 13.0 31.0
0.0 93.0 0.0510 13.0 31.0
0.0 93.0 0.0511 12.0 32.0
0.0 96.0 0.0511 12.0 32.0
0.0 96.0 0.0512 11.0 33.0
0.0 99.0 0.0512 11.0 33.0
0.0 99.0 0.0513 10.0 34.0
0.0 102.0 0.0513 10.0 34.0
0.0 102.0 0.0514 9.0 35.0
0.0 105.0 0.0514 9.0 35.0
0.0 105.0 0.0515 8.0 36.0
0.0 108.0 0.0515 8.0 36.0
0.0 108.0 0.0516 7.0 37.0
0.0 111.0 0.0516 7.0 37.0
0.0 111.0 0.0517 6.0 38.0
0.0 114.0 0.0517 6.0 38.0
0.0 114.0 0.0518 1.0 39.0
0.0 117.0 0.0518 1.0 39.0
0.0 117.0 0.0519 0.0 40.0
0.0 120.0 0.0519 0.0 40.0
0.0 120.0 0.0520 0.0 41.0
0.0 123.0 0.0520 0.0 41.0
0.0 114.0 0.0521 1.0 39.0
0.0 117.0 0.0521 1.0 39.0
0.0 117.0 0.0522 0.0 40.0
0.0 120.0 0.0522 0.0 40.0
0.0 120.0 0.0523 0.0 41.0
0.0 123.0 0.0523 0.0 41.0
0.0 114.0 0.0524 5.0 39.0
0.0 117.0 0.0524 5.0 39.0
0.0 117.0 0.0525 4.0 40.0
0.0 120.0 0.0525 4.0 40.0
0.0 120.0 0.0526 3.0 41.0
0.0 123.0 0.0526 3.0 41.0
0.0 123.0 0.0527 2.0 42.0
0.0 126.0 0.0527 2.0 42.0
0.0 126.0 0.0528 1.0 43.0
0.0 129.0 0.0528 1.0 43.0
0.0 129.0 0.0529 0.0 44.0
0.0 132.0 0.0529 0.0 44.0
0.0 132.0 0.0530 0.0 45.0
0.0 135.0 0.0530 0.0 45.0
0.0 120.0 0.0531 1.0 41.0
0.0 123.0 0.0531 1.0 41.0
0.0 123.0 0.0532 0.0 42.0
0.0 126.0 0.0532 0.0 42.0
0.0 126.0 0.0533 0.0 43.0
0.0 129.0 0.0533 0.0 43.0
0.0 96.0 0.0534 7.0 33.0
0.0 99.0 0.0534 7.0 33.0
0.0 99.0 0.0535 6.0 34.0
0.0 102.0 0.0535 6.0 34.0
0.0 102.0 0.0536 1.0 35.0
0.0 105.0 0.0536 1.0 35.0
0.0 105.0 0.0537 0.0 36.0
0.0 108.0 0.0537 0.0 36.0
0.0 108.0 0.0538 0.0 37.0
0.0 111.0 0.0538 0.0 37.0
0.0 102.0 0.0539 1.0 35.0
0.0 105.0 0.0539 1.0 35.0
0.0 105.0 0.0540 0.0 36.0
0.0 108.0 0.0540 0.0 36.0
0.0 108.0 0.0541 0.0 37.0
0.0 111.0 0.0541 0.0 37.0
0.0 102.0 0.0542 5.0 35.0
0.0 105.0 0.0542 5.0 35.0
0.0 105.0 0.0543 4.0 36.0
0.0 108.0 0.0543 4.0 36.0
0.0 108.0 0.0544 3.0 37.0
0.0 111.0 0.0544 3.0 37.0
0.0 111.0 0.0545 2.0 38.0
0.0 114.0 0.0545 2.0 38.0
0.0 114.0 0.0546 1.0 39.0
0.0 117.0 0.0546 1.0 39.0
0.0 117.0 0.0547 0.0 40.0
0.0 120.0 0.0547 0.0 40.0
0.0 120.0 0.0548 0.0 41.0
0.0 123.0 0.0548 0.0 41.0
0.0 108.0 0.0549 1.0 37.0
0.0 111.0 0.0549 1.0 37.0
0.0 111.0 0.0550 0.0 38.0
0.0 114.0 0.0550 0.0 38.0
0.0 114.0 0.0551 0.0 39.0
0.0 117.0 0.0551 0.0 39.0
0.0 72.0 0.0552 35.0 25.0
0.0 75.0 0.0552 35.0 25.0
0.0 75.0 0.0553 34.0 26.0
0.0 78.0 0.0553 34.0 26.0
0.0 78.0 0.0554 33.0 27.0
0.0 81.0 0.0554 33.0 27.0
0.0 81.0 0.0555 32.0 28.0
0.0 84.0 0.0555 32.0 28.0
0.0 84.0 0.0556 31.0 29.0
0.0 87.0 0.0556 31.0 29.0
0.0 87.0 0.0557 30.0 30.0
0.0 90.0 0.0557 30.0 30.0
0.0 90.0 0.0558 29.0 31.0
0.0 93.0 0.0558 29.0 31.0
0.0 93.0 0.0559 28.0 32.0
0.0 96.0 0.0559 28.0 32.0
0.0 96.0 0.0560 27.0 33.0
0.0 99.0 0.0560 27.0 33.0
0.0 99.0 0.0561 26.0 34.0
0.0 102.0 0.0561 26.0 34.0
0.0 102.0 0.0562 25.0 35.0
0.0 105.0 0.0562 25.0 35.0
0.0 105.0 0.0563 24.0 36.0
0.0 108.0 0.0563 24.0 36.0
0.0 108.0 0.0564 23.0 37.0
0.0 111.0 0.0564 23.0 37.0
0.0 111.0 0.0565 22.0 38.0
0.0 114.0 0.0565 22.0 38.0
0.0 114.0 0.0566 21.0 39.0
0.0 117.0 0.0566 21.0 39.0
0.0 117.0 0.0567 20.0 40.0
0.0 120.0 0.0567 20.0 40.0
0.0 120.0 0.0568 19.0 41.0
0.0 123.0 0.0568 19.0 41.0
0.0 123.0 0.0569 18.0 42.0
0.0 126.0 0.0569 18.0 42.0
0.0 126.0 0.0570 17.0 43.0
0.0 129.0 0.0570 17.0 43.0
0.0 129.0 0.0571 16.0 44.0
0.0 132.0 0.0571 16.0 44.0
0.0 132.0 0.0572 7.0 45.0
0.0 135.0 0.0572 7.0 45.0
0.0 135.0 0.0573 6.0 46.0
0.0 138.0 0.0573 6.0 46.0
0.0 138.0 0.0574 1.0 47.0
0.0 141.0 0.0574 1.0 47.0
0.0 141.0 0.0575 0.0 48.0
0.0 144.0 0.0575 0.0 48.0
0.0 144.0 0.0576 0.0 49.0
0.0 147.0 0.0576 0.0 49.0
0.0 138.0 0.0577 1.0 47.0
0.0 141.0 0.0577 1.0 47.0
0.0 141.0 0.0578 0.0 48.0
0.0 144.0 0.0578 0.0 48.0
0.0 144.0 0.0579 0.0 49.0
0.0 147.0 0.0579 0.0 49.0
0.0 138.0 0.0580 5.0 47.0
0.0 141.0 0.0580 5.0 47.0
0.0 141.0 0.0581 4.0 48.0
0.0 144.0 0.0581 4.0 48.0
0.0 144.0 0.0582 3.0 49.0
0.0 147.0 0.0582 3.0 49.0
0.0 147.0 0.0583 2.0 50.0
0.0 150.0 0.0583 2.0 50.0
0.0 150.0 0.0584 1.0 51.0
0.0 153.0 0.0584 1.0 51.0
0.0 153.0 0.0585 0.0 52.0
0.0 156.0 0.0585 0.0 52.0
0.0 156.0 0.0586 0.0 53.0
0.0 159.0 0.0586 0.0 53.0
0.0 144.0 0.0587 1.0 49.0
0.0 147.0 0.0587 1.0 49.0
0.0 147.0 0.0588 0.0 50.0
0.0 150.0 0.0588 0.0 50.0
0.0 150.0 0.0589 0.0 51.0
0.0 153.0 0.0589 0.0 51.0
0.0 132.0 0.0590 7.0 45.0
0.0 135.0 0.0590 7.0 45.0
0.0 135.0 0.0591 6.0 46.0
0.0 138.0 0.0591 6.0 46.0
0.0 138.0 0.0592 1.0 47.0
0.0 141.0 0.0592 1.0 47.0
0.0 141.0 0.0593 0.0 48.0
0.0 144.0 0.0593 0.0 48.0
0.0 144.0 0.0594 0.0 49.0
0.0 147.0 0.0594 0.0 49.0
0.0 138.0 0.0595 1.0 47.0
0.0 141.0 0.0595 1.0 47.0
0.0 141.0 0.0596 0.0 48.0
0.0 144.0 0.0596 0.0 48.0
0.0 144.0 0.0597 0.0 49.0
0.0 147.0 0.0597 0.0 49.0
0.0 138.0 0.0598 5.0 47.0
0.0 141.0 0.0598 5.0 47.0
0.0 141.0 0.0599 4.0 48.0
0.0 144.0 0.0599 4.0 48.0
0.0 144.0 0.0600 3.0 49.0
0.0 147.0 0.0600 3.0 49.0
0.0 147.0 0.0601 2.0 50.0
0.0 150.0 0.0601 2.0 50.0
0.0 150.0 0.0602 1.0 51.0
0.0 153.0 0.0602 1.0 51.0
0.0 153.0 0.0603 0.0 52.0
0.0 156.0 0.0603 0.0 52.0
0.0 156.0 0.0604 0.0 53.0
0.0 159.0 0.0604 0.0 53.0
0.0 144.0 0.0605 1.0 49.0
0.0 147.0 0.0605 1.0 49.0
0.0 147.0 0.0606 0.0 50.0
0.0 150.0 0.0606 0.0 50.0
0.0 150.0 0.0607 0.0 51.0
0.0 153.0 0.0607 0.0 51.0
0.0 132.0 0.0608 15.0 45.0
0.0 135.0 0.0608 15.0 45.0
0.0 135.0 0.0609 14.0 46.0
0.0 138.0 0.0609 14.0 46.0
0.0 138.0 0.0610 13.0 47.0
0.0 141.0 0.0610 13.0 47.0
0.0 141.0 0.0611 12.0 48.0
0.0 144.0 0.0611 12.0 48.0
0.0 144.0 0.0612 11.0 49.0
0.0 147.0 0.0612 11.0 49.0
0.0 147.0 0.0613 10.0 50.0
0.0 150.0 0.0613 10.0 50.0
0.0 150.0 0.0614 9.0 51.0
0.0 153.0 0.0614 9.0 51.0
0.0 153.0 0.0615 8.0 52.0
0.0 156.0 0.0615 8.0 52.0
0.0 156.0 0.0616 7.0 53.0
0.0 159.0 0.0616 7.0 53.0
0.0 159.0 0.0617 6.0 54.0
0.0 162.0 0.0617 6.0 54.0
0.0 162.0 0.0618 1.0 55.0
0.0 165.0 0.0618 1.0 55.0
0.0 165.0 0.0619 0.0 56.0
0.0 168.0 0.0619 0.0 56.0
0.0 168.0 0.0620 0.0 57.0
0.0 171.0 0.0620 0.0 57.0
0.0 162.0 0.0621 1.0 55.0
0.0 165.0 0.0621 1.0 55.0
0.0 165.0 0.0622 0.0 56.0
0.0 168.0 0.0622 0.0 56.0
0.0 168.0 0.0623 0.0 57.0
0.0 171.0 0.0623 0.0 57.0
0.0 162.0 0.0624 5.0 55.0
0.0 165.0 0.0624 5.0 55.0
0.0 165.0 0.0625 4.0 56.0
0.0 168.0 0.0625 4.0 56.0
0.0 168.0 0.0626 3.0 57.0
0.0 171.0 0.0626 3.0 57.0
0.0 171.0 0.0627 2.0 58.0
0.0 174.0 0.0627 2.0 58.0
0.0 174.0 0.0628 1.0 59.0
0.0 177.0 0.0628 1.0 59.0
0.0 177.0 0.0629 0.0 60.0
0.0 180.0 0.0629 0.0 60.0
0.0 180.0 0.0630 0.0 61.0
0.0 183.0 0.0630 0.0 61.0
0.0 168.0 0.0631 1.0 57.0
0.0 171.0 0.0631 1.0 57.0
0.0 171.0 0.0632 0.0 58.0
0.0 174.0 0.0632 0.0 58.0
0.0 174.0 0.0633 0.0 59.0
0.0 177.0 0.0633 0.0 59.0
0.0 144.0 0.0634 7.0 49.0
0.0 147.0 0.0634 7.0 49.0
0.0 147.0 0.0635 6.0 50.0
0.0 150.0 0.0635 6.0 50.0
0.0 150.0 0.0636 1.0 51.0
0.0 153.0 0.0636 1.0 51.0
0.0 153.0 0.0637 0.0 52.0
0.0 156.0 0.0637 0.0 52.0
0.0 156.0 0.0638 0.0 53.0
0.0 159.0 0.0638 0.0 53.0
0.0 150.0 0.0639 1.0 51.0
0.0 153.0 0.0639 1.0 51.0
0.0 153.0 0.0640 0.0 52.0
0.0 156.0 0.0640 0.0 52.0
0.0 156.0 0.0641 0.0 53.0
0.0 159.0 0.0641 0.0 53.0
0.0 150.0 0.0642 5.0 51.0
0.0 153.0 0.0642 5.0 51.0
0.0 153.0 0.0643 4.0 52.0
0.0 156.0 0.0643 4.0 52.0
0.0 156.0 0.0644 3.0 53.0
0.0 159.0 0.0644 3.0 53.0
0.0 159.0 0.0645 2.0 54.0
0.0 162.0 0.0645 2.0 54.0
0.0 162.0 0.0646 1.0 55.0
0.0 165.0 0.0646 1.0 55.0
0.0 165.0 0.0647 0.0 56.0
0.0 168.0 0.0647 0.0 56.0
0.0 168.0 0.0648 0.0 57.0
0.0 171.0 0.0648 0.0 57.0
0.0 156.0 0.0649 1.0 53.0
0.0 159.0 0.0649 1.0 53.0
0.0 159.0 0.0650 0.0 54.0
0.0 162.0 0.0650 0.0 54.0
0.0 162.0 0.0651 0.0 55.0
0.0 165.0 0.0651 0.0 55.0
0.0 96.0 0.0652 19.0 33.0
0.0 99.0 0.0652 19.0 33.0
0.0 99.0 0.0653 18.0 34.0
0.0 102.0 0.0653 18.0 34.0
0.0 102.0 0.0654 17.0 35.0
0.0 105.0 0.0654 17.0 35.0
0.0 105.0 0.0655 16.0 36.0
0.0 108.0 0.0655 16.0 36.0
0.0 108.0 0.0656 7.0 37.0
0.0 111.0 0.0656 7.0 37.0
0.0 111.0 0.0657 6.0 38.0
0.0 114.0 0.0657 6.0 38.0
0.0 114.0 0.0658 1.0 39.0
0.0 117.0 0.0658 1.0 39.0
0.0 117.0 0.0659 0.0 40.0
0.0 120.0 0.0659 0.0 40.0
0.0 120.0 0.0660 0.0 41.0
0.0 123.0 0.0660 0.0 41.0
0.0 114.0 0.0661 1.0 39.0
0.0 117.0 0.0661 1.0 39.0
0.0 117.0 0.0662 0.0 40.0
0.0 120.0 0.0662 0.0 40.0
0.0 120.0 0.0663 0.0 41.0
0.0 123.0 0.0663 0.0 41.0
0.0 114.0 0.0664 5.0 39.0
0.0 117.0 0.0664 5.0 39.0
0.0 117.0 0.0665 4.0 40.0
0.0 120.0 0.0665 4.0 40.0
0.0 120.0 0.0666 3.0 41.0
0.0 123.0 0.0666 3.0 41.0
0.0 123.0 0.0667 2.0 42.0
0.0 126.0 0.0667 2.0 42.0
0.0 126.0 0.0668 1.0 43.0
0.0 129.0 0.0668 1.0 43.0
0.0 129.0 0.0669 0.0 44.0
0.0 132.0 0.0669 0.0 44.0
0.0 132.0 0.0670 0.0 45.0
0.0 135.0 0.0670 0.0 45.0
0.0 120.0 0.0671 1.0 41.0
0.0 123.0 0.0671 1.0 41.0
0.0 123.0 0.0672 0.0 42.0
0.0 126.0 0.0672 0.0 42.0
0.0 126.0 0.0673 0.0 43.0
0.0 129.0 0.0673 0.0 43.0
0.0 108.0 0.0674 7.0 37.0
0.0 111.0 0.0674 7.0 37.0
0.0 111.0 0.0675 6.0 38.0
0.0 114.0 0.0675 6.0 38.0
0.0 114.0 0.0676 1.0 39.0
0.0 117.0 0.0676 1.0 39.0
0.0 117.0 0.0677 0.0 40.0
0.0 120.0 0.0677 0.0 40.0
0.0 120.0 0.0678 0.0 41.0
0.0 123.0 0.0678 0.0 41.0
0.0 114.0 0.0679 1.0 39.0
0.0 117.0 0.0679 1.0 39.0
0.0 117.0 0.0680 0.0 40.0
0.0 120.0 0.0680 0.0 40.0
0.0 120.0 0.0681 0.0 41.0
0.0 123.0 0.0681 0.0 41.0
0.0 114.0 0.0682 5.0 39.0
0.0 117.0 0.0682 5.0 39.0
0.0 117.0 0.0683 4.0 40.0
0.0 120.0 0.0683 4.0 40.0
0.0 120.0 0.0684 3.0 41.0
0.0 123.0 0.0684 3.0 41.0
0.0 123.0 0.0685 2.0 42.0
0.0 126.0 0.0685 2.0 42.0
0.0 126.0 0.0686 1.0 43.0
0.0 129.0 0.0686 1.0 43.0
0.0 129.0 0.0687 0.0 44.0
0.0 132.0 0.0687 0.0 44.0
0.0 132.0 0.0688 0.0 45.0
0.0 135.0 0.0688 0.0 45.0
0.0 120.0 0.0689 1.0 41.0
0.0 123.0 0.0689 1.0 41.0
0.0 123.0 0.0690 0.0 42.0
0.0 126.0 0.0690 0.0 42.0
0.0 126.0 0.0691 0.0 43.0
0.0 129.0 0.0691 0.0 43.0
0.0 108.0 0.0692 15.0 37.0
0.0 111.0 0.0692 15.0 37.0
0.0 111.0 0.0693 14.0 38.0
0.0 114.0 0.0693 14.0 38.0
0.0 114.0 0.0694 13.0 39.0
0.0 117.0 0.0694 13.0 39.0
0.0 117.0 0.0695 12.0 40.0
0.0 120.0 0.0695 12.0 40.0
0.0 120.0 0.0696 11.0 41.0
0.0 123.0 0.0696 11.0 41.0
0.0 123.0 0.0697 10.0 42.0
0.0 126.0 0.0697 10.0 42.0
0.0 126.0 0.0698 9.0 43.0
0.0 129.0 0.0698 9.0 43.0
0.0 129.0 0.0699 8.0 44.0
0.0 132.0 0.0699 8.0 44.0
0.0 132.0 0.0700 7.0 45.0
0.0 135.0 0.0700 7.0 45.0
0.0 135.0 0.0701 6.0 46.0
0.0 138.0 0.0701 6.0 46.0
0.0 138.0 0.0702 1.0 47.0
0.0 141.0 0.0702 1.0 47.0
0.0 141.0 0.0703 0.0 48.0
0.0 144.0 0.0703 0.0 48.0
0.0 144.0 0.0704 0.0 49.0
0.0 147.0 0.0704 0.0 49.0
0.0 138.0 0.0705 1.0 47.0
0.0 141.0 0.0705 1.0 47.0
0.0 141.0 0.0706 0.0 48.0
0.0 144.0 0.0706 0.0 48.0
0.0 144.0 0.0707 0.0 49.0
0.0 147.0 0.0707 0.0 49.0
0.0 138.0 0.0708 5.0 47.0
0.0 141.0 0.0708 5.0 47.0
0.0 141.0 0.0709 4.0 48.0
0.0 144.0 0.0709 4.0 48.0
0.0 144.0 0.0710 3.0 49.0
0.0 147.0 0.0710 3.0 49.0
0.0 147.0 0.0711 2.0 50.0
0.0 150.0 0.0711 2.0 50.0
0.0 150.0 0.0712 1.0 51.0
0.0 153.0 0.0712 1.0 51.0
0.0 153.0 0.0713 0.0 52.0
0.0 156.0 0.0713 0.0 52.0
0.0 156.0 0.0714 0.0 53.0
0.0 159.0 0.0714 0.0 53.0
0.0 144.0 0.0715 1.0 49.0
0.0 147.0 0.0715 1.0 49.0
0.0 147.0 0.0716 0.0 50.0
0.0 150.0 0.0716 0.0 50.0
0.0 150.0 0.0717 0.0 51.0
0.0 153.0 0.0717 0.0 51.0
0.0 120.0 0.0718 7.0 41.0
0.0 123.0 0.0718 7.0 41.0
0.0 123.0 0.0719 6.0 42.0
0.0 126.0 0.0719 6.0 42.0
0.0 126.0 0.0720 1.0 43.0
0.0 129.0 0.0720 1.0 43.0
0.0 129.0 0.0721 0.0 44.0
0.0 132.0 0.0721 0.0 44.0
0.0 132.0 0.0722 0.0 45.0
0.0 135.0 0.0722 0.0 45.0
0.0 126.0 0.0723 1.0 43.0
0.0 129.0 0.0723 1.0 43.0
0.0 129.0 0.0724 0.0 44.0
0.0 132.0 0.0724 0.0 44.0
0.0 132.0 0.0725 0.0 45.0
0.0 135.0 0.0725 0.0 45.0
0.0 126.0 0.0726 5.0 43.0
0.0 129.0 0.0726 5.0 43.0
0.0 129.0 0.0727 4.0 44.0
0.0 132.0 0.0727 4.0 44.0
0.0 132.0 0.0728 3.0 45.0
0.0 135.0 0.0728 3.0 45.0
0.0 135.0 0.0729 2.0 46.0
0.0 138.0 0.0729 2.0 46.0
0.0 138.0 0.0730 1.0 47.0
0.0 141.0 0.0730 1.0 47.0
0.0 141.0 0.0731 0.0 48.0
0.0 144.0 0.0731 0.0 48.0
0.0 144.0 0.0732 0.0 49.0
0.0 147.0 0.0732 0.0 49.0
0.0 132.0 0.0733 1.0 45.0
0.0 135.0 0.0733 1.0 45.0
0.0 135.0 0.0734 0.0 46.0
0.0 138.0 0.0734 0.0 46.0
0.0 138.0 0.0735 0.0 47.0
0.0 141.0 0.0735 0.0 47.0
0.0 48.0 0.0736 75.0 17.0
0.0 51.0 0.0736 75.0 17.0
0.0 51.0 0.0737 74.0 18.0
0.0 54.0 0.0737 74.0 18.0
0.0 54.0 0.0738 73.0 19.0
0.0 57.0 0.0738 73.0 19.0
0.0 57.0 0.0739 72.0 20.0
0.0 60.0 0.0739 72.0 20.0
0.0 60.0 0.0740 71.0 21.0
0.0 63.0 0.0740 71.0 21.0
0.0 63.0 0.0741 70.0 22.0
0.0 66.0 0.0741 70.0 22.0
0.0 66.0 0.0742 69.0 23.0
0.0 69.0 0.0742 69.0 23.0
0.0 69.0 0.0743 68.0 24.0
0.0 72.0 0.0743 68.0 24.0
0.0 72.0 0.0744 67.0 25.0
0.0 75.0 0.0744 67.0 25.0
0.0 75.0 0.0745 66.0 26.0
0.0 78.0 0.0745 66.0 26.0
0.0 78.0 0.0746 65.0 27.0
0.0 81.0 0.0746 65.0 27.0
0.0 81.0 0.0747 64.0 28.0
0.0 84.0 0.0747 64.0 28.0
0.0 84.0 0.0748 63.0 29.0
0.0 87.0 0.0748 63.0 29.0
0.0 87.0 0.0749 62.0 30.0
0.0 90.0 0.0749 62.0 30.0
0.0 90.0 0.0750 61.0 31.0
0.0 93.0 0.0750 61.0 31.0
0.0 93.0 0.0751 60.0 32.0
0.0 96.0 0.0751 60.0 32.0
0.0 96.0 0.0752 59.0 33.0
0.0 99.0 0.0752 59.0 33.0
0.0 99.0 0.0753 58.0 34.0
0.0 102.0 0.0753 58.0 34.0
0.0 102.0 0.0754 57.0 35.0
0.0 105.0 0.0754 57.0 35.0
0.0 105.0 0.0755 56.0 36.0
0.0 108.0 0.0755 56.0 36.0
0.0 108.0 0.0756 55.0 37.0
0.0 111.0 0.0756 55.0 37.0
0.0 111.0 0.0757 54.0 38.0
0.0 114.0 0.0757 54.0 38.0
0.0 114.0 0.0758 53.0 39.0
0.0 117.0 0.0758 53.0 39.0
0.0 117.0 0.0759 52.0 40.0
0.0 120.0 0.0759 52.0 40.0
0.0 120.0 0.0760 51.0 41.0
0.0 123.0 0.0760 51.0 41.0
0.0 123.0 0.0761 50.0 42.0
0.0 126.0 0.0761 50.0 42.0
0.0 126.0 0.0762 49.0 43.0
0.0 129.0 0.0762 49.0 43.0
0.0 129.0 0.0763 48.0 44.0
0.0 132.0 0.0763 48.0 44.0
0.0 132.0 0.0764 47.0 45.0
0.0 135.0 0.0764 47.0 45.0
0.0 135.0 0.0765 46.0 46.0
0.0 138.0 0.0765 46.0 46.0
0.0 138.0 0.0766 45.0 47.0
0.0 141.0 0.0766 45.0 47.0
0.0 141.0 0.0767 44.0 48.0
0.0 144.0 0.0767 44.0 48.0
0.0 144.0 0.0768 43.0 49.0
0.0 147.0 0.0768 43.0 49.0
0.0 147.0 0.0769 42.0 50.0
0.0 150.0 0.0769 42.0 50.0
0.0 150.0 0.0770 41.0 51.0
0.0 153.0 0.0770 41.0 51.0
0.0 153.0 0.0771 40.0 52.0
0.0 156.0 0.0771 40.0 52.0
0.0 156.0 0.0772 39.0 53.0
0.0 159.0 0.0772 39.0 53.0
0.0 159.0 0.0773 38.0 54.0
0.0 162.0 0.0773 38.0 54.0
0.0 162.0 0.0774 37.0 55.0
0.0 165.0 0.0774 37.0 55.0
0.0 165.0 0.0775 36.0 56.0
0.0 168.0 0.0775 36.0 56.0
0.0 168.0 0.0776 19.0 57.0
0.0 171.0 0.0776 19.0 57.0
0.0 171.0 0.0777 18.0 58.0
0.0 174.0 0.0777 18.0 58.0
0.0 174.0 0.0778 17.0 59.0
0.0 177.0 0.0778 17.0 59.0
0.0 177.0 0.0779 16.0 60.0
0.0 180.0 0.0779 16.0 60.0
0.0 180.0 0.0780 7.0 61.0
0.0 183.0 0.0780 7.0 61.0
0.0 183.0 0.0781 6.0 62.0
0.0 186.0 0.0781 6.0 62.0
0.0 186.0 0.0782 1.0 63.0
0.0 189.0 0.0782 1.0 63.0
0.0 189.0 0.0783 0.0 64.0
0.0 192.0 0.0783 0.0 64.0
0.0 192.0 0.0784 0.0 65.0
0.0 195.0 0.0784 0.0 65.0
0.0 186.0 0.0785 1.0 63.0
0.0 189.0 0.0785 1.0 63.0
0.0 189.0 0.0786 0.0 64.0
0.0 192.0 0.0786 0.0 64.0
0.0 192.0 0.0787 0.0 65.0
0.0 195.0 0.0787 0.0 65.0
0.0 186.0 0.0788 5.0 63.0
0.0 189.0 0.0788 5.0 63.0
0.0 189.0 0.0789 4.0 64.0
0.0 192.0 0.0789 4.0 64.0
0.0 192.0 0.0790 3.0 65.0
0.0 195.0 0.0790 3.0 65.0
0.0 195.0 0.0791 2.0 66.0
0.0 198.0 0.0791 2.0 66.0
0.0 198.0 0.0792 1.0 67.0
0.0 201.0 0.0792 1.0 67.0
0.0 201.0 0.0793 0.0 68.0
0.0 204.0 0.0793 0.0 68.0
0.0 204.0 0.0794 0.0 69.0
0.0 207.0 0.0794 0.0 69.0
0.0 192.0 0.0795 1.0 65.0
0.0 195.0 0.0795 1.0 65.0
0.0 195.0 0.0796 0.0 66.0
0.0 198.0 0.0796 0.0 66.0
0.0 198.0 0.0797 0.0 67.0
0.0 201.0 0.0797 0.0 67.0
0.0 180.0 0.0798 7.0 61.0
0.0 183.0 0.0798 7.0 61.0
0.0 183.0 0.0799 6.0 62.0
0.0 186.0 0.0799 6.0 62.0
0.0 186.0 0.0800 1.0 63.0
0.0 189.0 0.0800 1.0 63.0
0.0 189.0 0.0801 0.0 64.0
0.0 192.0 0.0801 0.0 64.0
0.0 192.0 0.0802 0.0 65.0
0.0 195.0 0.0802 0.0 65.0
0.0 186.0 0.0803 1.0 63.0
0.0 189.0 0.0803 1.0 63.0
0.0 189.0 0.0804 0.0 64.0
0.0 192.0 0.0804 0.0 64.0
0.0 192.0 0.0805 0.0 65.0
0.0 195.0 0.0805 0.0 65.0
0.0 186.0 0.0806 5.0 63.0
0.0 189.0 0.0806 5.0 63.0
0.0 189.0 0.0807 4.0 64.0
0.0 192.0 0.0807 4.0 64.0
0.0 192.0 0.0808 3.0 65.0
0.0 195.0 0.0808 3.0 65.0
0.0 195.0 0.0809 2.0 66.0
0.0 198.0 0.0809 2.0 66.0
0.0 198.0 0.0810 1.0 67.0
0.0 201.0 0.0810 1.0 67.0
0.0 201.0 0.0811 0.0 68.0
0.0 204.0 0.0811 0.0 68.0
0.0 204.0 0.0812 0.0 69.0
0.0 207.0 0.0812 0.0 69.0
0.0 192.0 0.0813 1.0 65.0
0.0 195.0 0.0813 1.0 65.0
0.0 195.0 0.0814 0.0 66.0
0.0 198.0 0.0814 0.0 66.0
0.0 198.0 0.0815 0.0 67.0
0.0 201.0 0.0815 0.0 67.0
0.0 180.0 0.0816 15.0 61.0
0.0 183.0 0.0816 15.0 61.0
0.0 183.0 0.0817 14.0 62.0
0.0 186.0 0.0817 14.0 62.0
0.0 186.0 0.0818 13.0 63.0
0.0 189.0 0.0818 13.0 63.0
0.0 189.0 0.0819 12.0 64.0
0.0 192.0 0.0819 12.0 64.0
0.0 192.0 0.0820 11.0 65.0
0.0 195.0 0.0820 11.0 65.0
0.0 195.0 0.0821 10.0 66.0
0.0 198.0 0.0821 10.0 66.0
0.0 198.0 0.0822 9.0 67.0
0.0 201.0 0.0822 9.0 67.0
0.0 201.0 0.0823 8.0 68.0
0.0 204.0 0.0823 8.0 68.0
0.0 204.0 0.0824 7.0 69.0
0.0 207.0 0.0824 7.0 69.0
0.0 207.0 0.0825 6.0 70.0
0.0 210.0 0.0825 6.0 70.0
0.0 210.0 0.0826 1.0 71.0
0.0 213.0 0.0826 1.0 71.0
0.0 213.0 0.0827 0.0 72.0
0.0 216.0 0.0827 0.0 72.0
0.0 216.0 0.0828 0.0 73.0
0.0 219.0 0.0828 0.0 73.0
0.0 210.0 0.0829 1.0 71.0
0.0 213.0 0.0829 1.0 71.0
0.0 213.0 0.0830 0.0 72.0
0.0 216.0 0.0830 0.0 72.0
0.0 216.0 0.0831 0.0 73.0
0.0 219.0 0.0831 0.0 73.0
0.0 210.0 0.0832 5.0 71.0
0.0 213.0 0.0832 5.0 71.0
0.0 213.0 0.0833 4.0 72.0
0.0 216.0 0.0833 4.0 72.0
0.0 216.0 0.0834 3.0 73.0
0.0 219.0 0.0834 3.0 73.0
0.0 219.0 0.0835 2.0 74.0
0.0 222.0 0.0835 2.0 74.0
0.0 222.0 0.0836 1.0 75.0
0.0 225.0 0.0836 1.0 75.0
0.0 225.0 0.0837 0.0 76.0
0.0 228.0 0.0837 0.0 76.0
0.0 228.0 0.0838 0.0 77.0
0.0 231.0 0.0838 0.0 77.0
0.0 216.0 0.0839 1.0 73.0
0.0 219.0 0.0839 1.0 73.0
0.0 219.0 0.0840 0.0 74.0
0.0 222.0 0.0840 0.0 74.0
0.0 222.0 0.0841 0.0 75.0
0.0 225.0 0.0841 0.0 75.0
0.0 192.0 0.0842 7.0 65.0
0.0 195.0 0.0842 7.0 65.0
0.0 195.0 0.0843 6.0 66.0
0.0 198.0 0.0843 6.0 66.0
0.0 198.0 0.0844 1.0 67.0
0.0 201.0 0.0844 1.0 67.0
0.0 201.0 0.0845 0.0 68.0
0.0 204.0 0.0845 0.0 68.0
0.0 204.0 0.0846 0.0 69.0
0.0 207.0 0.0846 0.0 69.0
0.0 198.0 0.0847 1.0 67.0
0.0 201.0 0.0847 1.0 67.0
0.0 201.0 0.0848 0.0 68.0
0.0 204.0 0.0848 0.0 68.0
0.0 204.0 0.0849 0.0 69.0
0.0 207.0 0.0849 0.0 69.0
0.0 198.0 0.0850 5.0 67.0
0.0 201.0 0.0850 5.0 67.0
0.0 201.0 0.0851 4.0 68.0
0.0 204.0 0.0851 4.0 68.0
0.0 204.0 0.0852 3.0 69.0
0.0 207.0 0.0852 3.0 69.0
0.0 207.0 0.0853 2.0 70.0
0.0 210.0 0.0853 2.0 70.0
0.0 210.0 0.0854 1.0 71.0
0.0 213.0 0.0854 1.0 71.0
0.0 213.0 0.0855 0.0 72.0
0.0 216.0 0.0855 0.0 72.0
0.0 216.0 0.0856 0.0 73.0
0.0 219.0 0.0856 0.0 73.0
0.0 204.0 0.0857 1.0 69.0
0.0 207.0 0.0857 1.0 69.0
0.0 207.0 0.0858 0.0 70.0
0.0 210.0 0.0858 0.0 70.0
0.0 210.0 0.0859 0.0 71.0
0.0 213.0 0.0859 0.0 71.0
0.0 168.0 0.0860 19.0 57.0
0.0 171.0 0.0860 19.0 57.0
0.0 171.0 0.0861 18.0 58.0
0.0 174.0 0.0861 18.0 58.0
0.0 174.0 0.0862 17.0 59.0
0.0 177.0 0.0862 17.0 59.0
0.0 177.0 0.0863 16.0 60.0
0.0 180.0 0.0863 16.0 60.0
0.0 180.0 0.0864 7.0 61.0
0.0 183.0 0.0864 7.0 61.0
0.0 183.0 0.0865 6.0 62.0
0.0 186.0 0.0865 6.0 62.0
0.0 186.0 0.0866 1.0 63.0
0.0 189.0 0.0866 1.0 63.0
0.0 189.0 0.0867 0.0 64.0
0.0 192.0 0.0867 0.0 64.0
0.0 192.0 0.0868 0.0 65.0
0.0 195.0 0.0868 0.0 65.0
0.0 186.0 0.0869 1.0 63.0
0.0 189.0 0.0869 1.0 63.0
0.0 189.0 0.0870 0.0 64.0
0.0 192.0 0.0870 0.0 64.0
0.0 192.0 0.0871 0.0 65.0
0.0 195.0 0.0871 0.0 65.0
0.0 186.0 0.0872 5.0 63.0
0.0 189.0 0.0872 5.0 63.0
0.0 189.0 0.0873 4.0 64.0
0.0 192.0 0.0873 4.0 64.0
0.0 192.0 0.0874 3.0 65.0
0.0 195.0 0.0874 3.0 65.0
0.0 195.0 0.0875 2.0 66.0
0.0 198.0 0.0875 2.0 66.0
0.0 198.0 0.0876 1.0 67.0
0.0 201.0 0.0876 1.0 67.0
0.0 201.0 0.0877 0.0 68.0
0.0 204.0 0.0877 0.0 68.0
0.0 204.0 0.0878 0.0 69.0
0.0 207.0 0.0878 0.0 69.0
0.0 192.0 0.0879 1.0 65.0
0.0 195.0 0.0879 1.0 65.0
0.0 195.0 0.0880 0.0 66.0
0.0 198.0 0.0880 0.0 66.0
0.0 198.0 0.0881 0.0 67.0
0.0 201.0 0.0881 0.0 67.0
0.0 180.0 0.0882 7.0 61.0
0.0 183.0 0.0882 7.0 61.0
0.0 183.0 0.0883 6.0 62.0
0.0 186.0 0.0883 6.0 62.0
0.0 186.0 0.0884 1.0 63.0
0.0 189.0 0.0884 1.0 63.0
0.0 189.0 0.0885 0.0 64.0
0.0 192.0 0.0885 0.0 64.0
0.0 192.0 0.0886 0.0 65.0
0.0 195.0 0.0886 0.0 65.0
0.0 186.0 0.0887 1.0 63.0
0.0 189.0 0.0887 1.0 63.0
0.0 189.0 0.0888 0.0 64.0
0.0 192.0 0.0888 0.0 64.0
0.0 192.0 0.0889 0.0 65.0
0.0 195.0 0.0889 0.0 65.0
0.0 186.0 0.0890 5.0 63.0
0.0 189.0 0.0890 5.0 63.0
0.0 189.0 0.0891 4.0 64.0
0.0 192.0 0.0891 4.0 64.0
0.0 192.0 0.0892 3.0 65.0
0.0 195.0 0.0892 3.0 65.0
0.0 195.0 0.0893 2.0 66.0
0.0 198.0 0.0893 2.0 66.0
0.0 198.0 0.0894 1.0 67.0
0.0 201.0 0.0894 1.0 67.0
0.0 201.0 0.0895 0.0 68.0
0.0 204.0 0.0895 0.0 68.0
0.0 204.0 0.0896 0.0 69.0
0.0 207.0 0.0896 0.0 69.0
0.0 192.0 0.0897 1.0 65.0
0.0 195.0 0.0897 1.0 65.0
0.0 195.0 0.0898 0.0 66.0
0.0 198.0 0.0898 0.0 66.0
0.0 198.0 0.0899 0.0 67.0
0.0 201.0 0.0899 0.0 67.0
0.0 180.0 0.0900 15.0 61.0
0.0 183.0 0.0900 15.0 61.0
0.0 183.0 0.0901 14.0 62.0
0.0 186.0 0.0901 14.0 62.0
0.0 186.0 0.0902 13.0 63.0
0.0 189.0 0.0902 13.0 63.0
0.0 189.0 0.0903 12.0 64.0
0.0 192.0 0.0903 12.0 64.0
0.0 192.0 0.0904 11.0 65.0
0.0 195.0 0.0904 11.0 65.0
0.0 195.0 0.0905 10.0 66.0
0.0 198.0 0.0905 10.0 66.0
0.0 198.0 0.0906 9.0 67.0
0.0 201.0 0.0906 9.0 67.0
0.0 201.0 0.0907 8.0 68.0
0.0 204.0 0.0907 8.0 68.0
0.0 204.0 0.0908 7.0 69.0
0.0 207.0 0.0908 7.0 69.0
0.0 207.0 0.0909 6.0 70.0
0.0 210.0 0.0909 6.0 70.0
0.0 210.0 0.0910 1.0 71.0
0.0 213.0 0.0910 1.0 71.0
0.0 213.0 0.0911 0.0 72.0
0.0 216.0 0.0911 0.0 72.0
0.0 216.0 0.0912 0.0 73.0
0.0 219.0 0.0912 0.0 73.0
0.0 210.0 0.0913 1.0 71.0
0.0 213.0 0.0913 1.0 71.0
0.0 213.0 0.0914 0.0 72.0
0.0 216.0 0.0914 0.0 72.0
0.0 216.0 0.0915 0.0 73.0
0.0 219.0 0.0915 0.0 73.0
0.0 210.0 0.0916 5.0 71.0
0.0 213.0 0.0916 5.0 71.0
0.0 213.0 0.0917 4.0 72.0
0.0 216.0 0.0917 4.0 72.0
0.0 216.0 0.0918 3.0 73.0
0.0 219.0 0.0918 3.0 73.0
0.0 219.0 0.0919 2.0 74.0
0.0 222.0 0.0919 2.0 74.0
0.0 222.0 0.0920 1.0 75.0
0.0 225.0 0.0920 1.0 75.0
0.0 225.0 0.0921 0.0 76.0
0.0 228.0 0.0921 0.0 76.0
0.0 228.0 0.0922 0.0 77.0
0.0 231.0 0.0922 0.0 77.0
0.0 216.0 0.0923 1.0 73.0
0.0 219.0 0.0923 1.0 73.0
0.0 219.0 0.0924 0.0 74.0
0.0 222.0 0.0924 0.0 74.0
0.0 222.0 0.0925 0.0 75.0
0.0 225.0 0.0925 0.0 75.0
0.0 192.0 0.0926 7.0 65.0
0.0 195.0 0.0926 7.0 65.0
0.0 195.0 0.0927 6.0 66.0
0.0 198.0 0.0927 6.0 66.0
0.0 198.0 0.0928 1.0 67.0
0.0 201.0 0.0928 1.0 67.0
0.0 201.0 0.0929 0.0 68.0
0.0 204.0 0.0929 0.0 68.0
0.0 204.0 0.0930 0.0 69.0
0.0 207.0 0.0930 0.0 69.0
0.0 198.0 0.0931 1.0 67.0
0.0 201.0 0.0931 1.0 67.0
0.0 201.0 0.0932 0.0 68.0
0.0 204.0 0.0932 0.0 68.0
0.0 204.0 0.0933 0.0 69.0
0.0 207.0 0.0933 0.0 69.0
0.0 198.0 0.0934 5.0 67.0
0.0 201.0 0.0934 5.0 67.0
0.0 201.0 0.0935 4.0 68.0
0.0 204.0 0.0935 4.0 68.0
0.0 204.0 0.0936 3.0 69.0
0.0 207.0 0.0936 3.0 69.0
0.0 207.0 0.0937 2.0 70.0
0.0 210.0 0.0937 2.0 70.0
0.0 210.0 0.0938 1.0 71.0
0.0 213.0 0.0938 1.0 71.0
0.0 213.0 0.0939 0.0 72.0
0.0 216.0 0.0939 0.0 72.0
0.0 216.0 0.0940 0.0 73.0
0.0 219.0 0.0940 0.0 73.0
0.0 204.0 0.0941 1.0 69.0
0.0 207.0 0.0941 1.0 69.0
0.0 207.0 0.0942 0.0 70.0
0.0 210.0 0.0942 0.0 70.0
0.0 210.0 0.0943 0.0 71.0
0.0 213.0 0.0943 0.0 71.0
0.0 168.0 0.0944 35.0 57.0
0.0 171.0 0.0944 35.0 57.0
0.0 171.0 0.0945 34.0 58.0
0.0 174.0 0.0945 34.0 58.0
0.0 174.0 0.0946 33.0 59.0
0.0 177.0 0.0946 33.0 59.0
0.0 177.0 0.0947 32.0 60.0
0.0 180.0 0.0947 32.0 60.0
0.0 180.0 0.0948 31.0 61.0
0.0 183.0 0.0948 31.0 61.0
0.0 183.0 0.0949 30.0 62.0
0.0 186.0 0.0949 30.0 62.0
0.0 186.0 0.0950 29.0 63.0
0.0 189.0 0.0950 29.0 63.0
0.0 189.0 0.0951 28.0 64.0
0.0 192.0 0.0951 28.0 64.0
0.0 192.0 0.0952 27.0 65.0
0.0 195.0 0.0952 27.0 65.0
0.0 195.0 0.0953 26.0 66.0
0.0 198.0 0.0953 26.0 66.0
0.0 198.0 0.0954 25.0 67.0
0.0 201.0 0.0954 25.0 67.0
0.0 201.0 0.0955 24.0 68.0
0.0 204.0 0.0955 24.0 68.0
0.0 204.0 0.0956 23.0 69.0
0.0 207.0 0.0956 23.0 69.0
0.0 207.0 0.0957 22.0 70.0
0.0 210.0 0.0957 22.0 70.0
0.0 210.0 0.0958 21.0 71.0
0.0 213.0 0.0958 21.0 71.0
0.0 213.0 0.0959 20.0 72.0
0.0 216.0 0.0959 20.0 72.0
0.0 216.0 0.0960 19.0 73.0
0.0 219.0 0.0960 19.0 73.0
0.0 219.0 0.0961 18.0 74.0
0.0 222.0 0.0961 18.0 74.0
0.0 222.0 0.0962 17.0 75.0
0.0 225.0 0.0962 17.0 75.0
0.0 225.0 0.0963 16.0 76.0
0.0 228.0 0.0963 16.0 76.0
0.0 228.0 0.0964 7.0 77.0
0.0 231.0 0.0964 7.0 77.0
0.0 231.0 0.0965 6.0 78.0
0.0 234.0 0.0965 6.0 78.0
0.0 234.0 0.0966 1.0 79.0
0.0 237.0 0.0966 1.0 79.0
0.0 237.0 0.0967 0.0 80.0
0.0 240.0 0.0967 0.0 80.0
0.0 240.0 0.0968 0.0 81.0
0.0 243.0 0.0968 0.0 81.0
0.0 234.0 0.0969 1.0 79.0
0.0 237.0 0.0969 1.0 79.0
0.0 237.0 0.0970 0.0 80.0
0.0 240.0 0.0970 0.0 80.0
0.0 240.0 0.0971 0.0 81.0
0.0 243.0 0.0971 0.0 81.0
0.0 234.0 0.0972 5.0 79.0
0.0 237.0 0.0972 5.0 79.0
0.0 237.0 0.0973 4.0 80.0
0.0 240.0 0.0973 4.0 80.0
0.0 240.0 0.0974 3.0 81.0
0.0 243.0 0.0974 3.0 81.0
0.0 243.0 0.0975 2.0 82.0
0.0 246.0 0.0975 2.0 82.0
0.0 246.0 0.0976 1.0 83.0
0.0 249.0 0.0976 1.0 83.0
0.0 249.0 0.0977 0.0 84.0
0.0 252.0 0.0977 0.0 84.0
0.0 252.0 0.0978 0.0 85.0
0.0 255.0 0.0978 0.0 85.0
0.0 240.0 0.0979 1.0 81.0
0.0 243.0 0.0979 1.0 81.0
0.0 243.0 0.0980 0.0 82.0
0.0 246.0 0.0980 0.0 82.0
0.0 246.0 0.0981 0.0 83.0
0.0 249.0 0.0981 0.0 83.0
0.0 228.0 0.0982 7.0 77.0
0.0 231.0 0.0982 7.0 77.0
0.0 231.0 0.0983 6.0 78.0
0.0 234.0 0.0983 6.0 78.0
0.0 234.0 0.0984 1.0 79.0
0.0 237.0 0.0984 1.0 79.0
0.0 237.0 0.0985 0.0 80.0
0.0 240.0 0.0985 0.0 80.0
0.0 240.0 0.0986 0.0 81.0
0.0 243.0 0.0986 0.0 81.0
0.0 234.0 0.0987 1.0 79.0
0.0 237.0 0.0987 1.0 79.0
0.0 237.0 0.0988 0.0 80.0
0.0 240.0 0.0988 0.0 80.0
0.0 240.0 0.0989 0.0 81.0
0.0 243.0 0.0989 0.0 81.0
0.0 234.0 0.0990 5.0 79.0
0.0 237.0 0.0990 5.0 79.0
0.0 237.0 0.0991 4.0 80.0
0.0 240.0 0.0991 4.0 80.0
0.0 240.0 0.0992 3.0 81.0
0.0 243.0 0.0992 3.0 81.0
0.0 243.0 0.0993 2.0 82.0
0.0 246.0 0.0993 2.0 82.0
0.0 246.0 0.0994 1.0 83.0
0.0 249.0 0.0994 1.0 83.0
0.0 249.0 0.0995 0.0 84.0
0.0 252.0 0.0995 0.0 84.0
0.0 252.0 0.0996 0.0 85.0
0.0 255.0 0.0996 0.0 85.0
0.0 240.0 0.0997 1.0 81.0
0.0 243.0 0.0997 1.0 81.0
0.0 243.0 0.0998 0.0 82.0
0.0 246.0 0.0998 0.0 82.0
0.0 246.0 0.0999 0.0 83.0
0.0 249.0 0.0999 0.0 83.0
0.0 228.0 0.01000 15.0 77.0
0.0 231.0 0.01000 15.0 77.0
0.0 231.0 0.01001 14.0 78.0
0.0 234.0 0.01001 14.0 78.0
0.0 234.0 0.01002 13.0 79.0
0.0 237.0 0.01002 13.0 79.0
0.0 237.0 0.01003 12.0 80.0
0.0 240.0 0.01003 12.0 80.0
0.0 240.0 0.01004 11.0 81.0
0.0 243.0 0.01004 11.0 81.0
0.0 243.0 0.01005 10.0 82.0
0.0 246.0 0.01005 10.0 82.0
0.0 246.0 0.01006 9.0 83.0
0.0 249.0 0.01006 9.0 83.0
0.0 249.0 0.01007 8.0 84.0
0.0 252.0 0.01007 8.0 84.0
0.0 252.0 0.01008 7.0 85.0
0.0 255.0 0.01008 7.0 85.0
0.0 255.0 0.01009 6.0 86.0
0.0 258.0 0.01009 6.0 86.0
0.0 258.0 0.01010 1.0 87.0
0.0 261.0 0.01010 1.0 87.0
0.0 261.0 0.01011 0.0 88.0
0.0 264.0 0.01011 0.0 88.0
0.0 264.0 0.01012 0.0 89.0
0.0 267.0 0.01012 0.0 89.0
0.0 258.0 0.01013 1.0 87.0
0.0 261.0 0.01013 1.0 87.0
0.0 261.0 0.01014 0.0 88.0
0.0 264.0 0.01014 0.0 88.0
0.0 264.0 0.01015 0.0 89.0
0.0 267.0 0.01015 0.0 89.0
0.0 258.0 0.01016 5.0 87.0
0.0 261.0 0.01016 5.0 87.0
0.0 261.0 0.01017 4.0 88.0
0.0 264.0 0.01017 4.0 88.0
0.0 264.0 0.01018 3.0 89.0
0.0 267.0 0.01018 3.0 89.0
0.0 267.0 0.01019 2.0 90.0
0.0 270.0 0.01019 2.0 90.0
0.0 270.0 0.01020 1.0 91.0
0.0 273.0 0.01020 1.0 91.0
0.0 273.0 0.01021 0.0 92.0
0.0 276.0 0.01021 0.0 92.0
0.0 276.0 0.01022 0.0 93.0
0.0 279.0 0.01022 0.0 93.0
0.0 264.0 0.01023 1.0 89.0
0.0 267.0 0.01023 1.0 89.0
0.0 267.0 0.01024 0.0 90.0
0.0 270.0 0.01024 0.0 90.0
0.0 270.0 0.01025 0.0 91.0
0.0 273.0 0.01025 0.0 91.0
0.0 240.0 0.01026 7.0 81.0
0.0 243.0 0.01026 7.0 81.0
0.0 243.0 0.01027 6.0 82.0
0.0 246.0 0.01027 6.0 82.0
0.0 246.0 0.01028 1.0 83.0
0.0 249.0 0.01028 1.0 83.0
0.0 249.0 0.01029 0.0 84.0
0.0 252.0 0.01029 0.0 84.0
0.0 252.0 0.01030 0.0 85.0
0.0 255.0 0.01030 0.0 85.0
0.0 246.0 0.01031 1.0 83.0
0.0 249.0 0.01031 1.0 83.0
0.0 249.0 0.01032 0.0 84.0
0.0 252.0 0.01032 0.0 84.0
0.0 252.0 0.01033 0.0 85.0
0.0 255.0 0.01033 0.0 85.0
0.0 246.0 0.01034 5.0 83.0
0.0 249.0 0.01034 5.0 83.0
0.0 249.0 0.01035 4.0 84.0
0.0 252.0 0.01035 4.0 84.0
0.0 252.0 0.01036 3.0 85.0
0.0 255.0 0.01036 3.0 85.0
0.0 255.0 0.01037 2.0 86.0
0.0 258.0 0.01037 2.0 86.0
0.0 258.0 0.01038 1.0 87.0
0.0 261.0 0.01038 1.0 87.0
0.0 261.0 0.01039 0.0 88.0
0.0 264.0 0.01039 0.0 88.0
0.0 264.0 0.01040 0.0 89.0
0.0 267.0 0.01040 0.0 89.0
0.0 252.0 0.01041 1.0 85.0
0.0 255.0 0.01041 1.0 85.0
0.0 255.0 0.01042 0.0 86.0
0.0 258.0 0.01042 0.0 86.0
0.0 258.0 0.01043 0.0 87.0
0.0 261.0 0.01043 0.0 87.0
0.0 192.0 0.01044 19.0 65.0
0.0 195.0 0.01044 19.0 65.0
0.0 195.0 0.01045 18.0 66.0
0.0 198.0 0.01045 18.0 66.0
0.0 198.0 0.01046 17.0 67.0
0.0 201.0 0.01046 17.0 67.0
0.0 201.0 0.01047 16.0 68.0
0.0 204.0 0.01047 16.0 68.0
0.0 204.0 0.01048 7.0 69.0
0.0 207.0 0.01048 7.0 69.0
0.0 207.0 0.01049 6.0 70.0
0.0 210.0 0.01049 6.0 70.0
0.0 210.0 0.01050 1.0 71.0
0.0 213.0 0.01050 1.0 71.0
0.0 213.0 0.01051 0.0 72.0
0.0 216.0 0.01051 0.0 72.0
0.0 216.0 0.01052 0.0 73.0
0.0 219.0 0.01052 0.0 73.0
0.0 210.0 0.01053 1.0 71.0
0.0 213.0 0.01053 1.0 71.0
0.0 213.0 0.01054 0.0 72.0
0.0 216.0 0.01054 0.0 72.0
0.0 216.0 0.01055 0.0 73.0
0.0 219.0 0.01055 0.0 73.0
0.0 210.0 0.01056 5.0 71.0
0.0 213.0 0.01056 5.0 71.0
0.0 213.0 0.01057 4.0 72.0
0.0 216.0 0.01057 4.0 72.0
0.0 216.0 0.01058 3.0 73.0
0.0 219.0 0.01058 3.0 73.0
0.0 219.0 0.01059 2.0 74.0
0.0 222.0 0.01059 2.0 74.0
0.0 222.0 0.01060 1.0 75.0
0.0 225.0 0.01060 1.0 75.0
0.0 225.0 0.01061 0.0 76.0
0.0 228.0 0.01061 0.0 76.0
0.0 228.0 0.01062 0.0 77.0
0.0 231.0 0.01062 0.0 77.0
0.0 216.0 0.01063 1.0 73.0
0.0 219.0 0.01063 1.0 73.0
0.0 219.0 0.01064 0.0 74.0
0.0 222.0 0.01064 0.0 74.0
0.0 222.0 0.01065 0.0 75.0
0.0 225.0 0.01065 0.0 75.0
0.0 204.0 0.01066 7.0 69.0
0.0 207.0 0.01066 7.0 69.0
0.0 207.0 0.01067 6.0 70.0
0.0 210.0 0.01067 6.0 70.0
0.0 210.0 0.01068 1.0 71.0
0.0 213.0 0.01068 1.0 71.0
0.0 213.0 0.01069 0.0 72.0
0.0 216.0 0.01069 0.0 72.0
0.0 216.0 0.01070 0.0 73.0
0.0 219.0 0.01070 0.0 73.0
0.0 210.0 0.01071 1.0 71.0
0.0 213.0 0.01071 1.0 71.0
0.0 213.0 0.01072 0.0 72.0
0.0 216.0 0.01072 0.0 72.0
0.0 216.0 0.01073 0.0 73.0
0.0 219.0 0.01073 0.0 73.0
0.0 210.0 0.01074 5.0 71.0
0.0 213.0 0.01074 5.0 71.0
0.0 213.0 0.01075 4.0 72.0
0.0 216.0 0.01075 4.0 72.0
0.0 216.0 0.01076 3.0 73.0
0.0 219.0 0.01076 3.0 73.0
0.0 219.0 0.01077 2.0 74.0
0.0 222.0 0.01077 2.0 74.0
0.0 222.0 0.01078 1.0 75.0
0.0 225.0 0.01078 1.0 75.0
0.0 225.0 0.01079 0.0 76.0
0.0 228.0 0.01079 0.0 76.0
0.0 228.0 0.01080 0.0 77.0
0.0 231.0 0.01080 0.0 77.0
0.0 216.0 0.01081 1.0 73.0
0.0 219.0 0.01081 1.0 73.0
0.0 219.0 0.01082 0.0 74.0
0.0 222.0 0.01082 0.0 74.0
0.0 222.0 0.01083 0.0 75.0
0.0 225.0 0.01083 0.0 75.0
0.0 204.0 0.01084 15.0 69.0
0.0 207.0 0.01084 15.0 69.0
0.0 207.0 0.01085 14.0 70.0
0.0 210.0 0.01085 14.0 70.0
0.0 210.0 0.01086 13.0 71.0
0.0 213.0 0.01086 13.0 71.0
0.0 213.0 0.01087 12.0 72.0
0.0 216.0 0.01087 12.0 72.0
0.0 216.0 0.01088 11.0 73.0
0.0 219.0 0.01088 11.0 73.0
0.0 219.0 0.01089 10.0 74.0
0.0 222.0 0.01089 10.0 74.0
0.0 222.0 0.01090 9.0 75.0
0.0 225.0 0.01090 9.0 75.0
0.0 225.0 0.01091 8.0 76.0
0.0 228.0 0.01091 8.0 76.0
0.0 228.0 0.01092 7.0 77.0
0.0 231.0 0.01092 7.0 77.0
0.0 231.0 0.01093 6.0 78.0
0.0 234.0 0.01093 6.0 78.0
0.0 234.0 0.01094 1.0 79.0
0.0 237.0 0.01094 1.0 79.0
0.0 237.0 0.01095 0.0 80.0
0.0 240.0 0.01095 0.0 80.0
0.0 240.0 0.01096 0.0 81.0
0.0 243.0 0.01096 0.0 81.0
0.0 234.0 0.01097 1.0 79.0
0.0 237.0 0.01097 1.0 79.0
0.0 237.0 0.01098 0.0 80.0
0.0 240.0 0.01098 0.0 80.0
0.0 240.0 0.01099 0.0 81.0
0.0 243.0 0.01099 0.0 81.0
0.0 234.0 0.01100 5.0 79.0
0.0 237.0 0.01100 5.0 79.0
0.0 237.0 0.01101 4.0 80.0
0.0 240.0 0.01101 4.0 80.0
0.0 240.0 0.01102 3.0 81.0
0.0 243.0 0.01102 3.0 81.0
0.0 243.0 0.01103 2.0 82.0
0.0 246.0 0.01103 2.0 82.0
0.0 246.0 0.01104 1.0 83.0
0.0 249.0 0.01104 1.0 83.0
0.0 249.0 0.01105 0.0 84.0
0.0 252.0 0.01105 0.0 84.0
0.0 252.0 0.01106 0.0 85.0
0.0 255.0 0.01106 0.0 85.0
0.0 240.0 0.01107 1.0 81.0
0.0 243.0 0.01107 1.0 81.0
0.0 243.0 0.01108 0.0 82.0
0.0 246.0 0.01108 0.0 82.0
0.0 246.0 0.01109 0.0 83.0
0.0 249.0 0.01109 0.0 83.0
0.0 216.0 0.01110 7.0 73.0
0.0 219.0 0.01110 7.0 73.0
0.0 219.0 0.01111 6.0 74.0
0.0 222.0 0.01111 6.0 74.0
0.0 222.0 0.01112 1.0 75.0
0.0 225.0 0.01112 1.0 75.0
0.0 225.0 0.01113 0.0 76.0
0.0 228.0 0.01113 0.0 76.0
0.0 228.0 0.01114 0.0 77.0
0.0 231.0 0.01114 0.0 77.0
0.0 222.0 0.01115 1.0 75.0
0.0 225.0 0.01115 1.0 75.0
0.0 225.0 0.01116 0.0 76.0
0.0 228.0 0.01116 0.0 76.0
0.0 228.0 0.01117 0.0 77.0
0.0 231.0 0.01117 0.0 77.0
0.0 222.0 0.01118 5.0 75.0
0.0 225.0 0.01118 5.0 75.0
0.0 225.0 0.01119 4.0 76.0
0.0 228.0 0.01119 4.0 76.0
0.0 228.0 0.01120 3.0 77.0
0.0 231.0 0.01120 3.0 77.0
0.0 231.0 0.01121 2.0 78.0
0.0 234.0 0.01121 2.0 78.0
0.0 234.0 0.01122 1.0 79.0
0.0 237.0 0.01122 1.0 79.0
0.0 237.0 0.01123 0.0 80.0
0.0 240.0 0.01123 0.0 80.0
0.0 240.0 0.01124 0.0 81.0
0.0 243.0 0.01124 0.0 81.0
0.0 228.0 0.01125 1.0 77.0
0.0 231.0 0.01125 1.0 77.0
0.0 231.0 0.01126 0.0 78.0
0.0 234.0 0.01126 0.0 78.0
0.0 234.0 0.01127 0.0 79.0
0.0 237.0 0.01127 0.0 79.0
0.0 96.0 0.01128 43.0 33.0
0.0 99.0 0.01128 43.0 33.0
0.0 99.0 0.01129 42.0 34.0
0.0 102.0 0.01129 42.0 34.0
0.0 102.0 0.01130 41.0 35.0
0.0 105.0 0.01130 41.0 35.0
0.0 105.0 0.01131 40.0 36.0
0.0 108.0 0.01131 40.0 36.0
0.0 108.0 0.01132 39.0 37.0
0.0 111.0 0.01132 39.0 37.0
0.0 111.0 0.01133 38.0 38.0
0.0 114.0 0.01133 38.0 38.0
0.0 114.0 0.01134 37.0 39.0
0.0 117.0 0.01134 37.0 39.0
0.0 117.0 0.01135 36.0 40.0
0.0 120.0 0.01135 36.0 40.0
0.0 120.0 0.01136 19.0 41.0
0.0 123.0 0.01136 19.0 41.0
0.0 123.0 0.01137 18.0 42.0
0.0 126.0 0.01137 18.0 42.0
0.0 126.0 0.01138 17.0 43.0
0.0 129.0 0.01138 17.0 43.0
0.0 129.0 0.01139 16.0 44.0
0.0 132.0 0.01139 16.0 44.0
0.0 132.0 0.01140 7.0 45.0
0.0 135.0 0.01140 7.0 45.0
0.0 135.0 0.01141 6.0 46.0
0.0 138.0 0.01141 6.0 46.0
0.0 138.0 0.01142 1.0 47.0
0.0 141.0 0.01142 1.0 47.0
0.0 141.0 0.01143 0.0 48.0
0.0 144.0 0.01143 0.0 48.0
0.0 144.0 0.01144 0.0 49.0
0.0 147.0 0.01144 0.0 49.0
0.0 138.0 0.01145 1.0 47.0
0.0 141.0 0.01145 1.0 47.0
0.0 141.0 0.01146 0.0 48.0
0.0 144.0 0.01146 0.0 48.0
0.0 144.0 0.01147 0.0 49.0
0.0 147.0 0.01147 0.0 49.0
0.0 138.0 0.01148 5.0 47.0
0.0 141.0 0.01148 5.0 47.0
0.0 141.0 0.01149 4.0 48.0
0.0 144.0 0.01149 4.0 48.0
0.0 144.0 0.01150 3.0 49.0
0.0 147.0 0.01150 3.0 49.0
0.0 147.0 0.01151 2.0 50.0
0.0 150.0 0.01151 2.0 50.0
0.0 150.0 0.01152 1.0 51.0
0.0 153.0 0.01152 1.0 51.0
0.0 153.0 0.01153 0.0 52.0
0.0 156.0 0.01153 0.0 52.0
0.0 156.0 0.01154 0.0 53.0
0.0 159.0 0.01154 0.0 53.0
0.0 144.0 0.01155 1.0 49.0
0.0 147.0 0.01155 1.0 49.0
0.0 147.0 0.01156 0.0 50.0
0.0 150.0 0.01156 0.0 50.0
0.0 150.0 0.01157 0.0 51.0
0.0 153.0 0.01157 0.0 51.0
0.0 132.0 0.01158 7.0 45.0
0.0 135.0 0.01158 7.0 45.0
0.0 135.0 0.01159 6.0 46.0
0.0 138.0 0.01159 6.0 46.0
0.0 138.0 0.01160 1.0 47.0
0.0 141.0 0.01160 1.0 47.0
0.0 141.0 0.01161 0.0 48.0
0.0 144.0 0.01161 0.0 48.0
0.0 144.0 0.01162 0.0 49.0
0.0 147.0 0.01162 0.0 49.0
0.0 138.0 0.01163 1.0 47.0
0.0 141.0 0.01163 1.0 47.0
0.0 141.0 0.01164 0.0 48.0
0.0 144.0 0.01164 0.0 48.0
0.0 144.0 0.01165 0.0 49.0
0.0 147.0 0.01165 0.0 49.0
0.0 138.0 0.01166 5.0 47.0
0.0 141.0 0.01166 5.0 47.0
0.0 141.0 0.01167 4.0 48.0
0.0 144.0 0.01167 4.0 48.0
0.0 144.0 0.01168 3.0 49.0
0.0 147.0 0.01168 3.0 49.0
0.0 147.0 0.01169 2.0 50.0
0.0 150.0 0.01169 2.0 50.0
0.0 150.0 0.01170 1.0 51.0
0.0 153.0 0.01170 1.0 51.0
0.0 153.0 0.01171 0.0 52.0
0.0 156.0 0.01171 0.0 52.0
0.0 156.0 0.01172 0.0 53.0
0.0 159.0 0.01172 0.0 53.0
0.0 144.0 0.01173 1.0 49.0
0.0 147.0 0.01173 1.0 49.0
0.0 147.0 0.01174 0.0 50.0
0.0 150.0 0.01174 0.0 50.0
0.0 150.0 0.01175 0.0 51.0
0.0 153.0 0.01175 0.0 51.0
0.0 132.0 0.01176 15.0 45.0
0.0 135.0 0.01176 15.0 45.0
0.0 135.0 0.01177 14.0 46.0
0.0 138.0 0.01177 14.0 46.0
0.0 138.0 0.01178 13.0 47.0
0.0 141.0 0.01178 13.0 47.0
0.0 141.0 0.01179 12.0 48.0
0.0 144.0 0.01179 12.0 48.0
0.0 144.0 0.01180 11.0 49.0
0.0 147.0 0.01180 11.0 49.0
0.0 147.0 0.01181 10.0 50.0
0.0 150.0 0.01181 10.0 50.0
0.0 150.0 0.01182 9.0 51.0
0.0 153.0 0.01182 9.0 51.0
0.0 153.0 0.01183 8.0 52.0
0.0 156.0 0.01183 8.0 52.0
0.0 156.0 0.01184 7.0 53.0
0.0 159.0 0.01184 7.0 53.0
0.0 159.0 0.01185 6.0 54.0
0.0 162.0 0.01185 6.0 54.0
0.0 162.0 0.01186 1.0 55.0
0.0 165.0 0.01186 1.0 55.0
0.0 165.0 0.01187 0.0 56.0
0.0 168.0 0.01187 0.0 56.0
0.0 168.0 0.01188 0.0 57.0
0.0 171.0 0.01188 0.0 57.0
0.0 162.0 0.01189 1.0 55.0
0.0 165.0 0.01189 1.0 55.0
0.0 165.0 0.01190 0.0 56.0
0.0 168.0 0.01190 0.0 56.0
0.0 168.0 0.01191 0.0 57.0
0.0 171.0 0.01191 0.0 57.0
0.0 162.0 0.01192 5.0 55.0
0.0 165.0 0.01192 5.0 55.0
0.0 165.0 0.01193 4.0 56.0
0.0 168.0 0.01193 4.0 56.0
0.0 168.0 0.01194 3.0 57.0
0.0 171.0 0.01194 3.0 57.0
0.0 171.0 0.01195 2.0 58.0
0.0 174.0 0.01195 2.0 58.0
0.0 174.0 0.01196 1.0 59.0
0.0 177.0 0.01196 1.0 59.0
0.0 177.0 0.01197 0.0 60.0
0.0 180.0 0.01197 0.0 60.0
0.0 180.0 0.01198 0.0 61.0
0.0 183.0 0.01198 0.0 61.0
0.0 168.0 0.01199 1.0 57.0
0.0 171.0 0.01199 1.0 57.0
0.0 171.0 0.01200 0.0 58.0
0.0 174.0 0.01200 0.0 58.0
0.0 174.0 0.01201 0.0 59.0
0.0 177.0 0.01201 0.0 59.0
0.0 144.0 0.01202 7.0 49.0
0.0 147.0 0.01202 7.0 49.0
0.0 147.0 0.01203 6.0 50.0
0.0 150.0 0.01203 6.0 50.0
0.0 150.0 0.01204 1.0 51.0
0.0 153.0 0.01204 1.0 51.0
0.0 153.0 0.01205 0.0 52.0
0.0 156.0 0.01205 0.0 52.0
0.0 156.0 0.01206 0.0 53.0
0.0 159.0 0.01206 0.0 53.0
0.0 150.0 0.01207 1.0 51.0
0.0 153.0 0.01207 1.0 51.0
0.0 153.0 0.01208 0.0 52.0
0.0 156.0 0.01208 0.0 52.0
0.0 156.0 0.01209 0.0 53.0
0.0 159.0 0.01209 0.0 53.0
0.0 150.0 0.01210 5.0 51.0
0.0 153.0 0.01210 5.0 51.0
0.0 153.0 0.01211 4.0 52.0
0.0 156.0 0.01211 4.0 52.0
0.0 156.0 0.01212 3.0 53.0
0.0 159.0 0.01212 3.0 53.0
0.0 159.0 0.01213 2.0 54.0
0.0 162.0 0.01213 2.0 54.0
0.0 162.0 0.01214 1.0 55.0
0.0 165.0 0.01214 1.0 55.0
0.0 165.0 0.01215 0.0 56.0
0.0 168.0 0.01215 0.0 56.0
0.0 168.0 0.01216 0.0 57.0
0.0 171.0 0.01216 0.0 57.0
0.0 156.0 0.01217 1.0 53.0
0.0 159.0 0.01217 1.0 53.0
0.0 159.0 0.01218 0.0 54.0
0.0 162.0 0.01218 0.0 54.0
0.0 162.0 0.01219 0.0 55.0
0.0 165.0 0.01219 0.0 55.0
0.0 120.0 0.01220 19.0 41.0
0.0 123.0 0.01220 19.0 41.0
0.0 123.0 0.01221 18.0 42.0
0.0 126.0 0.01221 18.0 42.0
0.0 126.0 0.01222 17.0 43.0
0.0 129.0 0.01222 17.0 43.0
0.0 129.0 0.01223 16.0 44.0
0.0 132.0 0.01223 16.0 44.0
0.0 132.0 0.01224 7.0 45.0
0.0 135.0 0.01224 7.0 45.0
0.0 135.0 0.01225 6.0 46.0
0.0 138.0 0.01225 6.0 46.0
0.0 138.0 0.01226 1.0 47.0
0.0 141.0 0.01226 1.0 47.0
0.0 141.0 0.01227 0.0 48.0
0.0 144.0 0.01227 0.0 48.0
0.0 144.0 0.01228 0.0 49.0
0.0 147.0 0.01228 0.0 49.0
0.0 138.0 0.01229 1.0 47.0
0.0 141.0 0.01229 1.0 47.0
0.0 141.0 0.01230 0.0 48.0
0.0 144.0 0.01230 0.0 48.0
0.0 144.0 0.01231 0.0 49.0
0.0 147.0 0.01231 0.0 49.0
0.0 138.0 0.01232 5.0 47.0
0.0 141.0 0.01232 5.0 47.0
0.0 141.0 0.01233 4.0 48.0
0.0 144.0 0.01233 4.0 48.0
0.0 144.0 0.01234 3.0 49.0
0.0 147.0 0.01234 3.0 49.0
0.0 147.0 0.01235 2.0 50.0
0.0 150.0 0.01235 2.0 50.0
0.0 150.0 0.01236 1.0 51.0
0.0 153.0 0.01236 1.0 51.0
0.0 153.0 0.01237 0.0 52.0
0.0 156.0 0.01237 0.0 52.0
0.0 156.0 0.01238 0.0 53.0
0.0 159.0 0.01238 0.0 53.0
0.0 144.0 0.01239 1.0 49.0
0.0 147.0 0.01239 1.0 49.0
0.0 147.0 0.01240 0.0 50.0
0.0 150.0 0.01240 0.0 50.0
0.0 150.0 0.01241 0.0 51.0
0.0 153.0 0.01241 0.0 51.0
0.0 132.0 0.01242 7.0 45.0
0.0 135.0 0.01242 7.0 45.0
0.0 135.0 0.01243 6.0 46.0
0.0 138.0 0.01243 6.0 46.0
0.0 138.0 0.01244 1.0 47.0
0.0 141.0 0.01244 1.0 47.0
0.0 141.0 0.01245 0.0 48.0
0.0 144.0 0.01245 0.0 48.0
0.0 144.0 0.01246 0.0 49.0
0.0 147.0 0.01246 0.0 49.0
0.0 138.0 0.01247 1.0 47.0
0.0 141.0 0.01247 1.0 47.0
0.0 141.0 0.01248 0.0 48.0
0.0 144.0 0.01248 0.0 48.0
0.0 144.0 0.01249 0.0 49.0
0.0 147.0 0.01249 0.0 49.0
0.0 138.0 0.01250 5.0 47.0
0.0 141.0 0.01250 5.0 47.0
0.0 141.0 0.01251 4.0 48.0
0.0 144.0 0.01251 4.0 48.0
0.0 144.0 0.01252 3.0 49.0
0.0 147.0 0.01252 3.0 49.0
0.0 147.0 0.01253 2.0 50.0
0.0 150.0 0.01253 2.0 50.0
0.0 150.0 0.01254 1.0 51.0
0.0 153.0 0.01254 1.0 51.0
0.0 153.0 0.01255 0.0 52.0
0.0 156.0 0.01255 0.0 52.0
0.0 156.0 0.01256 0.0 53.0
0.0 159.0 0.01256 0.0 53.0
0.0 144.0 0.01257 1.0 49.0
0.0 147.0 0.01257 1.0 49.0
0.0 147.0 0.01258 0.0 50.0
0.0 150.0 0.01258 0.0 50.0
0.0 150.0 0.01259 0.0 51.0
0.0 153.0 0.01259 0.0 51.0
0.0 132.0 0.01260 15.0 45.0
0.0 135.0 0.01260 15.0 45.0
0.0 135.0 0.01261 14.0 46.0
0.0 138.0 0.01261 14.0 46.0
0.0 138.0 0.01262 13.0 47.0
0.0 141.0 0.01262 13.0 47.0
0.0 141.0 0.01263 12.0 48.0
0.0 144.0 0.01263 12.0 48.0
0.0 144.0 0.01264 11.0 49.0
0.0 147.0 0.01264 11.0 49.0
0.0 147.0 0.01265 10.0 50.0
0.0 150.0 0.01265 10.0 50.0
0.0 150.0 0.01266 9.0 51.0
0.0 153.0 0.01266 9.0 51.0
0.0 153.0 0.01267 8.0 52.0
0.0 156.0 0.01267 8.0 52.0
0.0 156.0 0.01268 7.0 53.0
0.0 159.0 0.01268 7.0 53.0
0.0 159.0 0.01269 6.0 54.0
0.0 162.0 0.01269 6.0 54.0
0.0 162.0 0.01270 1.0 55.0
0.0 165.0 0.01270 1.0 55.0
0.0 165.0 0.01271 0.0 56.0
0.0 168.0 0.01271 0.0 56.0
0.0 168.0 0.01272 0.0 57.0
0.0 171.0 0.01272 0.0 57.0
0.0 162.0 0.01273 1.0 55.0
0.0 165.0 0.01273 1.0 55.0
0.0 165.0 0.01274 0.0 56.0
0.0 168.0 0.01274 0.0 56.0
0.0 168.0 0.01275 0.0 57.0
0.0 171.0 0.01275 0.0 57.0
0.0 162.0 0.01276 5.0 55.0
0.0 165.0 0.01276 5.0 55.0
0.0 165.0 0.01277 4.0 56.0
0.0 168.0 0.01277 4.0 56.0
0.0 168.0 0.01278 3.0 57.0
0.0 171.0 0.01278 3.0 57.0
0.0 171.0 0.01279 2.0 58.0
0.0 174.0 0.01279 2.0 58.0
0.0 174.0 0.01280 1.0 59.0
0.0 177.0 0.01280 1.0 59.0
0.0 177.0 0.01281 0.0 60.0
0.0 180.0 0.01281 0.0 60.0
0.0 180.0 0.01282 0.0 61.0
0.0 183.0 0.01282 0.0 61.0
0.0 168.0 0.01283 1.0 57.0
0.0 171.0 0.01283 1.0 57.0
0.0 171.0 0.01284 0.0 58.0
0.0 174.0 0.01284 0.0 58.0
0.0 174.0 0.01285 0.0 59.0
0.0 177.0 0.01285 0.0 59.0
0.0 144.0 0.01286 7.0 49.0
0.0 147.0 0.01286 7.0 49.0
0.0 147.0 0.01287 6.0 50.0
0.0 150.0 0.01287 6.0 50.0
0.0 150.0 0.01288 1.0 51.0
0.0 153.0 0.01288 1.0 51.0
0.0 153.0 0.01289 0.0 52.0
0.0 156.0 0.01289 0.0 52.0
0.0 156.0 0.01290 0.0 53.0
0.0 159.0 0.01290 0.0 53.0
0.0 150.0 0.01291 1.0 51.0
0.0 153.0 0.01291 1.0 51.0
0.0 153.0 0.01292 0.0 52.0
0.0 156.0 0.01292 0.0 52.0
0.0 156.0 0.01293 0.0 53.0
0.0 159.0 0.01293 0.0 53.0
0.0 150.0 0.01294 5.0 51.0
0.0 153.0 0.01294 5.0 51.0
0.0 153.0 0.01295 4.0 52.0
0.0 156.0 0.01295 4.0 52.0
0.0 156.0 0.01296 3.0 53.0
0.0 159.0 0.01296 3.0 53.0
0.0 159.0 0.01297 2.0 54.0
0.0 162.0 0.01297 2.0 54.0
0.0 162.0 0.01298 1.0 55.0
0.0 165.0 0.01298 1.0 55.0
0.0 165.0 0.01299 0.0 56.0
0.0 168.0 0.01299 0.0 56.0
0.0 168.0 0.01300 0.0 57.0
0.0 171.0 0.01300 0.0 57.0
0.0 156.0 0.01301 1.0 53.0
0.0 159.0 0.01301 1.0 53.0
0.0 159.0 0.01302 0.0 54.0
0.0 162.0 0.01302 0.0 54.0
0.0 162.0 0.01303 0.0 55.0
0.0 165.0 0.01303 0.0 55.0
0.0 120.0 0.01304 35.0 41.0
0.0 123.0 0.01304 35.0 41.0
0.0 123.0 0.01305 34.0 42.0
0.0 126.0 0.01305 34.0 42.0
0.0 126.0 0.01306 33.0 43.0
0.0 129.0 0.01306 33.0 43.0
0.0 129.0 0.01307 32.0 44.0
0.0 132.0 0.01307 32.0 44.0
0.0 132.0 0.01308 31.0 45.0
0.0 135.0 0.01308 31.0 45.0
0.0 135.0 0.01309 30.0 46.0
0.0 138.0 0.01309 30.0 46.0
0.0 138.0 0.01310 29.0 47.0
0.0 141.0 0.01310 29.0 47.0
0.0 141.0 0.01311 28.0 48.0
0.0 144.0 0.01311 28.0 48.0
0.0 144.0 0.01312 27.0 49.0
0.0 147.0 0.01312 27.0 49.0
0.0 147.0 0.01313 26.0 50.0
0.0 150.0 0.01313 26.0 50.0
0.0 150.0 0.01314 25.0 51.0
0.0 153.0 0.01314 25.0 51.0
0.0 153.0 0.01315 24.0 52.0
0.0 156.0 0.01315 24.0 52.0
0.0 156.0 0.01316 23.0 53.0
0.0 159.0 0.01316 23.0 53.0
0.0 159.0 0.01317 22.0 54.0
0.0 162.0 0.01317 22.0 54.0
0.0 162.0 0.01318 21.0 55.0
0.0 165.0 0.01318 21.0 55.0
0.0 165.0 0.01319 20.0 56.0
0.0 168.0 0.01319 20.0 56.0
0.0 168.0 0.01320 19.0 57.0
0.0 171.0 0.01320 19.0 57.0
0.0 171.0 0.01321 18.0 58.0
0.0 174.0 0.01321 18.0 58.0
0.0 174.0 0.01322 17.0 59.0
0.0 177.0 0.01322 17.0 59.0
0.0 177.0 0.01323 16.0 60.0
0.0 180.0 0.01323 16.0 60.0
0.0 180.0 0.01324 7.0 61.0
0.0 183.0 0.01324 7.0 61.0
0.0 183.0 0.01325 6.0 62.0
0.0 186.0 0.01325 6.0 62.0
0.0 186.0 0.01326 1.0 63.0
0.0 189.0 0.01326 1.0 63.0
0.0 189.0 0.01327 0.0 64.0
0.0 192.0 0.01327 0.0 64.0
0.0 192.0 0.01328 0.0 65.0
0.0 195.0 0.01328 0.0 65.0
0.0 186.0 0.01329 1.0 63.0
0.0 189.0 0.01329 1.0 63.0
0.0 189.0 0.01330 0.0 64.0
0.0 192.0 0.01330 0.0 64.0
0.0 192.0 0.01331 0.0 65.0
0.0 195.0 0.01331 0.0 65.0
0.0 186.0 0.01332 5.0 63.0
0.0 189.0 0.01332 5.0 63.0
0.0 189.0 0.01333 4.0 64.0
0.0 192.0 0.01333 4.0 64.0
0.0 192.0 0.01334 3.0 65.0
0.0 195.0 0.01334 3.0 65.0
0.0 195.0 0.01335 2.0 66.0
0.0 198.0 0.01335 2.0 66.0
0.0 198.0 0.01336 1.0 67.0
0.0 201.0 0.01336 1.0 67.0
0.0 201.0 0.01337 0.0 68.0
0.0 204.0 0.01337 0.0 68.0
0.0 204.0 0.01338 0.0 69.0
0.0 207.0 0.01338 0.0 69.0
0.0 192.0 0.01339 1.0 65.0
0.0 195.0 0.01339 1.0 65.0
0.0 195.0 0.01340 0.0 66.0
0.0 198.0 0.01340 0.0 66.0
0.0 198.0 0.01341 0.0 67.0
0.0 201.0 0.01341 0.0 67.0
0.0 180.0 0.01342 7.0 61.0
0.0 183.0 0.01342 7.0 61.0
0.0 183.0 0.01343 6.0 62.0
0.0 186.0 0.01343 6.0 62.0
0.0 186.0 0.01344 1.0 63.0
0.0 189.0 0.01344 1.0 63.0
0.0 189.0 0.01345 0.0 64.0
0.0 192.0 0.01345 0.0 64.0
0.0 192.0 0.01346 0.0 65.0
0.0 195.0 0.01346 0.0 65.0
0.0 186.0 0.01347 1.0 63.0
0.0 189.0 0.01347 1.0 63.0
0.0 189.0 0.01348 0.0 64.0
0.0 192.0 0.01348 0.0 64.0
0.0 192.0 0.01349 0.0 65.0
0.0 195.0 0.01349 0.0 65.0
0.0 186.0 0.01350 5.0 63.0
0.0 189.0 0.01350 5.0 63.0
0.0 189.0 0.01351 4.0 64.0
0.0 192.0 0.01351 4.0 64.0
0.0 192.0 0.01352 3.0 65.0
0.0 195.0 0.01352 3.0 65.0
0.0 195.0 0.01353 2.0 66.0
0.0 198.0 0.01353 2.0 66.0
0.0 198.0 0.01354 1.0 67.0
0.0 201.0 0.01354 1.0 67.0
0.0 201.0 0.01355 0.0 68.0
0.0 204.0 0.01355 0.0 68.0
0.0 204.0 0.01356 0.0 69.0
0.0 207.0 0.01356 0.0 69.0
0.0 192.0 0.01357 1.0 65.0
0.0 195.0 0.01357 1.0 65.0
0.0 195.0 0.01358 0.0 66.0
0.0 198.0 0.01358 0.0 66.0
0.0 198.0 0.01359 0.0 67.0
0.0 201.0 0.01359 0.0 67.0
0.0 180.0 0.01360 15.0 61.0
0.0 183.0 0.01360 15.0 61.0
0.0 183.0 0.01361 14.0 62.0
0.0 186.0 0.01361 14.0 62.0
0.0 186.0 0.01362 13.0 63.0
0.0 189.0 0.01362 13.0 63.0
0.0 189.0 0.01363 12.0 64.0
0.0 192.0 0.01363 12.0 64.0
0.0 192.0 0.01364 11.0 65.0
0.0 195.0 0.01364 11.0 65.0
0.0 195.0 0.01365 10.0 66.0
0.0 198.0 0.01365 10.0 66.0
0.0 198.0 0.01366 9.0 67.0
0.0 201.0 0.01366 9.0 67.0
0.0 201.0 0.01367 8.0 68.0
0.0 204.0 0.01367 8.0 68.0
0.0 204.0 0.01368 7.0 69.0
0.0 207.0 0.01368 7.0 69.0
0.0 207.0 0.01369 6.0 70.0
0.0 210.0 0.01369 6.0 70.0
0.0 210.0 0.01370 1.0 71.0
0.0 213.0 0.01370 1.0 71.0
0.0 213.0 0.01371 0.0 72.0
0.0 216.0 0.01371 0.0 72.0
0.0 216.0 0.01372 0.0 73.0
0.0 219.0 0.01372 0.0 73.0
0.0 210.0 0.01373 1.0 71.0
0.0 213.0 0.01373 1.0 71.0
0.0 213.0 0.01374 0.0 72.0
0.0 216.0 0.01374 0.0 72.0
0.0 216.0 0.01375 0.0 73.0
0.0 219.0 0.01375 0.0 73.0
0.0 210.0 0.01376 5.0 71.0
0.0 213.0 0.01376 5.0 71.0
0.0 213.0 0.01377 4.0 72.0
0.0 216.0 0.01377 4.0 72.0
0.0 216.0 0.01378 3.0 73.0
0.0 219.0 0.01378 3.0 73.0
0.0 219.0 0.01379 2.0 74.0
0.0 222.0 0.01379 2.0 74.0
0.0 222.0 0.01380 1.0 75.0
0.0 225.0 0.01380 1.0 75.0
0.0 225.0 0.01381 0.0 76.0
0.0 228.0 0.01381 0.0 76.0
0.0 228.0 0.01382 0.0 77.0
0.0 231.0 0.01382 0.0 77.0
0.0 216.0 0.01383 1.0 73.0
0.0 219.0 0.01383 1.0 73.0
0.0 219.0 0.01384 0.0 74.0
0.0 222.0 0.01384 0.0 74.0
0.0 222.0 0.01385 0.0 75.0
0.0 225.0 0.01385 0.0 75.0
0.0 192.0 0.01386 7.0 65.0
0.0 195.0 0.01386 7.0 65.0
0.0 195.0 0.01387 6.0 66.0
0.0 198.0 0.01387 6.0 66.0
0.0 198.0 0.01388 1.0 67.0
0.0 201.0 0.01388 1.0 67.0
0.0 201.0 0.01389 0.0 68.0
0.0 204.0 0.01389 0.0 68.0
0.0 204.0 0.01390 0.0 69.0
0.0 207.0 0.01390 0.0 69.0
0.0 198.0 0.01391 1.0 67.0
0.0 201.0 0.01391 1.0 67.0
0.0 201.0 0.01392 0.0 68.0
0.0 204.0 0.01392 0.0 68.0
0.0 204.0 0.01393 0.0 69.0
0.0 207.0 0.01393 0.0 69.0
0.0 198.0 0.01394 5.0 67.0
0.0 201.0 0.01394 5.0 67.0
0.0 201.0 0.01395 4.0 68.0
0.0 204.0 0.01395 4.0 68.0
0.0 204.0 0.01396 3.0 69.0
0.0 207.0 0.01396 3.0 69.0
0.0 207.0 0.01397 2.0 70.0
0.0 210.0 0.01397 2.0 70.0
0.0 210.0 0.01398 1.0 71.0
0.0 213.0 0.01398 1.0 71.0
0.0 213.0 0.01399 0.0 72.0
0.0 216.0 0.01399 0.0 72.0
0.0 216.0 0.01400 0.0 73.0
0.0 219.0 0.01400 0.0 73.0
0.0 204.0 0.01401 1.0 69.0
0.0 207.0 0.01401 1.0 69.0
0.0 207.0 0.01402 0.0 70.0
0.0 210.0 0.01402 0.0 70.0
0.0 210.0 0.01403 0.0 71.0
0.0 213.0 0.01403 0.0 71.0
0.0 144.0 0.01404 19.0 49.0
0.0 147.0 0.01404 19.0 49.0
0.0 147.0 0.01405 18.0 50.0
0.0 150.0 0.01405 18.0 50.0
0.0 150.0 0.01406 17.0 51.0
0.0 153.0 0.01406 17.0 51.0
0.0 153.0 0.01407 16.0 52.0
0.0 156.0 0.01407 16.0 52.0
0.0 156.0 0.01408 7.0 53.0
0.0 159.0 0.01408 7.0 53.0
0.0 159.0 0.01409 6.0 54.0
0.0 162.0 0.01409 6.0 54.0
0.0 162.0 0.01410 1.0 55.0
0.0 165.0 0.01410 1.0 55.0
0.0 165.0 0.01411 0.0 56.0
0.0 168.0 0.01411 0.0 56.0
0.0 168.0 0.01412 0.0 57.0
0.0 171.0 0.01412 0.0 57.0
0.0 162.0 0.01413 1.0 55.0
0.0 165.0 0.01413 1.0 55.0
0.0 165.0 0.01414 0.0 56.0
0.0 168.0 0.01414 0.0 56.0
0.0 168.0 0.01415 0.0 57.0
0.0 171.0 0.01415 0.0 57.0
0.0 162.0 0.01416 5.0 55.0
0.0 165.0 0.01416 5.0 55.0
0.0 165.0 0.01417 4.0 56.0
0.0 168.0 0.01417 4.0 56.0
0.0 168.0 0.01418 3.0 57.0
0.0 171.0 0.01418 3.0 57.0
0.0 171.0 0.01419 2.0 58.0
0.0 174.0 0.01419 2.0 58.0
0.0 174.0 0.01420 1.0 59.0
0.0 177.0 0.01420 1.0 59.0
0.0 177.0 0.01421 0.0 60.0
0.0 180.0 0.01421 0.0 60.0
0.0 180.0 0.01422 0.0 61.0
0.0 183.0 0.01422 0.0 61.0
0.0 168.0 0.01423 1.0 57.0
0.0 171.0 0.01423 1.0 57.0
0.0 171.0 0.01424 0.0 58.0
0.0 174.0 0.01424 0.0 58.0
0.0 174.0 0.01425 0.0 59.0
0.0 177.0 0.01425 0.0 59.0
0.0 156.0 0.01426 7.0 53.0
0.0 159.0 0.01426 7.0 53.0
0.0 159.0 0.01427 6.0 54.0
0.0 162.0 0.01427 6.0 54.0
0.0 162.0 0.01428 1.0 55.0
0.0 165.0 0.01428 1.0 55.0
0.0 165.0 0.01429 0.0 56.0
0.0 168.0 0.01429 0.0 56.0
0.0 168.0 0.01430 0.0 57.0
0.0 171.0 0.01430 0.0 57.0
0.0 162.0 0.01431 1.0 55.0
0.0 165.0 0.01431 1.0 55.0
0.0 165.0 0.01432 0.0 56.0
0.0 168.0 0.01432 0.0 56.0
0.0 168.0 0.01433 0.0 57.0
0.0 171.0 0.01433 0.0 57.0
0.0 162.0 0.01434 5.0 55.0
0.0 165.0 0.01434 5.0 55.0
0.0 165.0 0.01435 4.0 56.0
0.0 168.0 0.01435 4.0 56.0
0.0 168.0 0.01436 3.0 57.0
0.0 171.0 0.01436 3.0 57.0
0.0 171.0 0.01437 2.0 58.0
0.0 174.0 0.01437 2.0 58.0
0.0 174.0 0.01438 1.0 59.0
0.0 177.0 0.01438 1.0 59.0
0.0 177.0 0.01439 0.0 60.0
0.0 180.0 0.01439 0.0 60.0
0.0 180.0 0.01440 0.0 61.0
0.0 183.0 0.01440 0.0 61.0
0.0 168.0 0.01441 1.0 57.0
0.0 171.0 0.01441 1.0 57.0
0.0 171.0 0.01442 0.0 58.0
0.0 174.0 0.01442 0.0 58.0
0.0 174.0 0.01443 0.0 59.0
0.0 177.0 0.01443 0.0 59.0
0.0 156.0 0.01444 15.0 53.0
0.0 159.0 0.01444 15.0 53.0
0.0 159.0 0.01445 14.0 54.0
0.0 162.0 0.01445 14.0 54.0
0.0 162.0 0.01446 13.0 55.0
0.0 165.0 0.01446 13.0 55.0
0.0 165.0 0.01447 12.0 56.0
0.0 168.0 0.01447 12.0 56.0
0.0 168.0 0.01448 11.0 57.0
0.0 171.0 0.01448 11.0 57.0
0.0 171.0 0.01449 10.0 58.0
0.0 174.0 0.01449 10.0 58.0
0.0 174.0 0.01450 9.0 59.0
0.0 177.0 0.01450 9.0 59.0
0.0 177.0 0.01451 8.0 60.0
0.0 180.0 0.01451 8.0 60.0
0.0 180.0 0.01452 7.0 61.0
0.0 183.0 0.01452 7.0 61.0
0.0 183.0 0.01453 6.0 62.0
0.0 186.0 0.01453 6.0 62.0
0.0 186.0 0.01454 1.0 63.0
0.0 189.0 0.01454 1.0 63.0
0.0 189.0 0.01455 0.0 64.0
0.0 192.0 0.01455 0.0 64.0
0.0 192.0 0.01456 0.0 65.0
0.0 195.0 0.01456 0.0 65.0
0.0 186.0 0.01457 1.0 63.0
0.0 189.0 0.01457 1.0 63.0
0.0 189.0 0.01458 0.0 64.0
0.0 192.0 0.01458 0.0 64.0
0.0 192.0 0.01459 0.0 65.0
0.0 195.0 0.01459 0.0 65.0
0.0 186.0 0.01460 5.0 63.0
0.0 189.0 0.01460 5.0 63.0
0.0 189.0 0.01461 4.0 64.0
0.0 192.0 0.01461 4.0 64.0
0.0 192.0 0.01462 3.0 65.0
0.0 195.0 0.01462 3.0 65.0
0.0 195.0 0.01463 2.0 66.0
0.0 198.0 0.01463 2.0 66.0
0.0 198.0 0.01464 1.0 67.0
0.0 201.0 0.01464 1.0 67.0
0.0 201.0 0.01465 0.0 68.0
0.0 204.0 0.01465 0.0 68.0
0.0 204.0 0.01466 0.0 69.0
0.0 207.0 0.01466 0.0 69.0
0.0 192.0 0.01467 1.0 65.0
0.0 195.0 0.01467 1.0 65.0
0.0 195.0 0.01468 0.0 66.0
0.0 198.0 0.01468 0.0 66.0
0.0 198.0 0.01469 0.0 67.0
0.0 201.0 0.01469 0.0 67.0
0.0 168.0 0.01470 7.0 57.0
0.0 171.0 0.01470 7.0 57.0
0.0 171.0 0.01471 6.0 58.0
0.0 174.0 0.01471 6.0 58.0
0.0 174.0 0.01472 1.0 59.0
0.0 177.0 0.01472 1.0 59.0
0.0 177.0 0.01473 0.0 60.0
0.0 180.0 0.01473 0.0 60.0
0.0 180.0 0.01474 0.0 61.0
0.0 183.0 0.01474 0.0 61.0
0.0 174.0 0.01475 1.0 59.0
0.0 177.0 0.01475 1.0 59.0
0.0 177.0 0.01476 0.0 60.0
0.0 180.0 0.01476 0.0 60.0
0.0 180.0 0.01477 0.0 61.0
0.0 183.0 0.01477 0.0 61.0
0.0 174.0 0.01478 5.0 59.0
0.0 177.0 0.01478 5.0 59.0
0.0 177.0 0.01479 4.0 60.0
0.0 180.0 0.01479 4.0 60.0
0.0 180.0 0.01480 3.0 61.0
0.0 183.0 0.01480 3.0 61.0
0.0 183.0 0.01481 2.0 62.0
0.0 186.0 0.01481 2.0 62.0
0.0 186.0 0.01482 1.0 63.0
0.0 189.0 0.01482 1.0 63.0
0.0 189.0 0.01483 0.0 64.0
0.0 192.0 0.01483 0.0 64.0
0.0 192.0 0.01484 0.0 65.0
0.0 195.0 0.01484 0.0 65.0
0.0 180.0 0.01485 1.0 61.0
0.0 183.0 0.01485 1.0 61.0
0.0 183.0 0.01486 0.0 62.0
0.0 186.0 0.01486 0.0 62.0
0.0 186.0 0.01487 0.0 63.0
0.0 189.0 0.01487 0.0 63.0
