0.0 0.0 0.00 43.0 1.0
0.0 3.0 0.00 43.0 1.0
0.0 3.0 0.01 42.0 2.0
0.0 6.0 0.01 42.0 2.0
0.0 6.0 0.02 41.0 3.0
0.0 9.0 0.02 41.0 3.0
0.0 9.0 0.03 40.0 4.0
0.0 12.0 0.03 40.0 4.0
0.0 12.0 0.04 39.0 5.0
0.0 15.0 0.04 39.0 5.0
0.0 15.0 0.05 38.0 6.0
0.0 18.0 0.05 38.0 6.0
0.0 18.0 0.06 37.0 7.0
0.0 21.0 0.06 37.0 7.0
0.0 21.0 0.07 36.0 8.0
0.0 24.0 0.07 36.0 8.0
0.0 24.0 0.08 19.0 9.0
1.5 26.598076 0.08 19.0 9.0
1.5 26.598076 0.09 18.0 10.0
3.0 29.196152 0.09 18.0 10.0
3.0 29.196152 0.010 17.0 11.0
4.5 31.794228 0.010 17.0 11.0
4.5 31.794228 0.011 16.0 12.0
6.0 34.392303 0.011 16.0 12.0
6.0 34.392303 0.012 7.0 13.0
8.598076 35.892303 0.012 7.0 13.0
8.598076 35.892303 0.013 6.0 14.0
11.196152 37.392303 0.013 6.0 14.0
11.196152 37.392303 0.014 1.0 15.0
14.196152 37.392303 0.014 1.0 15.0
14.196152 37.392303 0.015 0.0 16.0
17.196152 37.392303 0.015 0.0 16.0
17.196152 37.392303 0.016 0.0 17.0
19.794228 38.892303 0.016 0.0 17.0
11.196152 37.392303 0.017 1.0 15.0
13.794228 38.892303 0.017 1.0 15.0
13.794228 38.892303 0.018 0.0 16.0
16.392303 40.392303 0.018 0.0 16.0
16.392303 40.392303 0.019 0.0 17.0
17.892303 42.99038 0.019 0.0 17.0
11.196152 37.392303 0.020 5.0 15.0
13.794228 38.892303 0.020 5.0 15.0
13.794228 38.892303 0.021 4.0 16.0
16.392303 40.392303 0.021 4.0 16.0
16.392303 40.392303 0.022 3.0 17.0
17.892303 42.99038 0.022 3.0 17.0
17.892303 42.99038 0.023 2.0 18.0
19.392303 45.588455 0.023 2.0 18.0
19.392303 45.588455 0.024 1.0 19.0
20.892303 48.18653 0.024 1.0 19.0
20.892303 48.18653 0.025 0.0 20.0
22.392303 50.784607 0.025 0.0 20.0
22.392303 50.784607 0.026 0.0 21.0
22.392303 53.784607 0.026 0.0 21.0
16.392303 40.392303 0.027 1.0 17.0
19.392303 40.392303 0.027 1.0 17.0
19.392303 40.392303 0.028 0.0 18.0
22.392303 40.392303 0.028 0.0 18.0
22.392303 40.392303 0.029 0.0 19.0
24.99038 41.892303 0.029 0.0 19.0
6.0 34.392303 0.030 7.0 13.0
7.5 36.99038 0.030 7.0 13.0
7.5 36.99038 0.031 6.0 14.0
9.0 39.588455 0.031 6.0 14.0
9.0 39.588455 0.032 1.0 15.0
11.598076 41.088455 0.032 1.0 15.0
11.598076 41.088455 0.033 0.0 16.0
14.196152 42.588455 0.033 0.0 16.0
14.196152 42.588455 0.034 0.0 17.0
15.696152 45.18653 0.034 0.0 17.0
9.0 39.588455 0.035 1.0 15.0
10.5 42.18653 0.035 1.0 15.0
10.5 42.18653 0.036 0.0 16.0
12.0 44.784607 0.036 0.0 16.0
12.0 44.784607 0.037 0.0 17.0
12.0 47.784607 0.037 0.0 17.0
9.0 39.588455 0.038 5.0 15.0
10.5 42.18653 0.038 5.0 15.0
10.5 42.18653 0.039 4.0 16.0
12.0 44.784607 0.039 4.0 16.0
12.0 44.784607 0.040 3.0 17.0
12.0 47.784607 0.040 3.0 17.0
12.0 47.784607 0.041 2.0 18.0
12.0 50.784607 0.041 2.0 18.0
12.0 50.784607 0.042 1.0 19.0
12.0 53.784607 0.042 1.0 19.0
12.0 53.784607 0.043 0.0 20.0
12.0 56.784607 0.043 0.0 20.0
12.0 56.784607 0.044 0.0 21.0
10.5 59.382683 0.044 0.0 21.0
12.0 44.784607 0.045 1.0 17.0
14.598076 46.284607 0.045 1.0 17.0
14.598076 46.284607 0.046 0.0 18.0
17.196152 47.784607 0.046 0.0 18.0
17.196152 47.784607 0.047 0.0 19.0
18.696152 50.382683 0.047 0.0 19.0
6.0 34.392303 0.048 15.0 13.0
7.5 36.99038 0.048 15.0 13.0
7.5 36.99038 0.049 14.0 14.0
9.0 39.588455 0.049 14.0 14.0
9.0 39.588455 0.050 13.0 15.0
10.5 42.18653 0.050 13.0 15.0
10.5 42.18653 0.051 12.0 16.0
12.0 44.784607 0.051 12.0 16.0
12.0 44.784607 0.052 11.0 17.0
12.0 47.784607 0.052 11.0 17.0
12.0 47.784607 0.053 10.0 18.0
12.0 50.784607 0.053 10.0 18.0
12.0 50.784607 0.054 9.0 19.0
12.0 53.784607 0.054 9.0 19.0
12.0 53.784607 0.055 8.0 20.0
12.0 56.784607 0.055 8.0 20.0
12.0 56.784607 0.056 7.0 21.0
12.0 59.784607 0.056 7.0 21.0
12.0 59.784607 0.057 6.0 22.0
12.0 62.784607 0.057 6.0 22.0
12.0 62.784607 0.058 1.0 23.0
13.5 65.38268 0.058 1.0 23.0
13.5 65.38268 0.059 0.0 24.0
15.0 67.98076 0.059 0.0 24.0
15.0 67.98076 0.060 0.0 25.0
15.0 70.98076 0.060 0.0 25.0
12.0 62.784607 0.061 1.0 23.0
12.0 65.78461 0.061 1.0 23.0
12.0 65.78461 0.062 0.0 24.0
12.0 68.78461 0.062 0.0 24.0
12.0 68.78461 0.063 0.0 25.0
10.5 71.38268 0.063 0.0 25.0
12.0 62.784607 0.064 5.0 23.0
12.0 65.78461 0.064 5.0 23.0
12.0 65.78461 0.065 4.0 24.0
12.0 68.78461 0.065 4.0 24.0
12.0 68.78461 0.066 3.0 25.0
10.5 71.38268 0.066 3.0 25.0
10.5 71.38268 0.067 2.0 26.0
9.0 73.98076 0.067 2.0 26.0
9.0 73.98076 0.068 1.0 27.0
7.5 76.578835 0.068 1.0 27.0
7.5 76.578835 0.069 0.0 28.0
6.0 79.17691 0.069 0.0 28.0
6.0 79.17691 0.070 0.0 29.0
3.4019237 80.67691 0.070 0.0 29.0
12.0 68.78461 0.071 1.0 25.0
13.5 71.38268 0.071 1.0 25.0
13.5 71.38268 0.072 0.0 26.0
15.0 73.98076 0.072 0.0 26.0
15.0 73.98076 0.073 0.0 27.0
15.0 76.98076 0.073 0.0 27.0
12.0 44.784607 0.074 7.0 17.0
14.598076 46.284607 0.074 7.0 17.0
14.598076 46.284607 0.075 6.0 18.0
17.196152 47.784607 0.075 6.0 18.0
17.196152 47.784607 0.076 1.0 19.0
20.196152 47.784607 0.076 1.0 19.0
20.196152 47.784607 0.077 0.0 20.0
23.196152 47.784607 0.077 0.0 20.0
23.196152 47.784607 0.078 0.0 21.0
25.794228 49.284607 0.078 0.0 21.0
17.196152 47.784607 0.079 1.0 19.0
19.794228 49.284607 0.079 1.0 19.0
19.794228 49.284607 0.080 0.0 20.0
22.392303 50.784607 0.080 0.0 20.0
22.392303 50.784607 0.081 0.0 21.0
23.892303 53.382683 0.081 0.0 21.0
17.196152 47.784607 0.082 5.0 19.0
19.794228 49.284607 0.082 5.0 19.0
19.794228 49.284607 0.083 4.0 20.0
22.392303 50.784607 0.083 4.0 20.0
22.392303 50.784607 0.084 3.0 21.0
23.892303 53.382683 0.084 3.0 21.0
23.892303 53.382683 0.085 2.0 22.0
25.392303 55.98076 0.085 2.0 22.0
25.392303 55.98076 0.086 1.0 23.0
26.892303 58.578835 0.086 1.0 23.0
26.892303 58.578835 0.087 0.0 24.0
28.392303 61.17691 0.087 0.0 24.0
28.392303 61.17691 0.088 0.0 25.0
28.392303 64.17691 0.088 0.0 25.0
22.392303 50.784607 0.089 1.0 21.0
25.392303 50.784607 0.089 1.0 21.0
25.392303 50.784607 0.090 0.0 22.0
28.392303 50.784607 0.090 0.0 22.0
28.392303 50.784607 0.091 0.0 23.0
30.99038 52.284607 0.091 0.0 23.0
0.0 24.0 0.092 19.0 9.0
0.0 27.0 0.092 19.0 9.0
0.0 27.0 0.093 18.0 10.0
0.0 30.0 0.093 18.0 10.0
0.0 30.0 0.094 17.0 11.0
0.0 33.0 0.094 17.0 11.0
0.0 33.0 0.095 16.0 12.0
0.0 36.0 0.095 16.0 12.0
0.0 36.0 0.096 7.0 13.0
1.5 38.598076 0.096 7.0 13.0
1.5 38.598076 0.097 6.0 14.0
3.0 41.19615 0.097 6.0 14.0
3.0 41.19615 0.098 1.0 15.0
5.5980763 42.69615 0.098 1.0 15.0
5.5980763 42.69615 0.099 0.0 16.0
8.196153 44.19615 0.099 0.0 16.0
8.196153 44.19615 0.0100 0.0 17.0
9.696153 46.794228 0.0100 0.0 17.0
3.0 41.19615 0.0101 1.0 15.0
4.5 43.794228 0.0101 1.0 15.0
4.5 43.794228 0.0102 0.0 16.0
6.0 46.392303 0.0102 0.0 16.0
6.0 46.392303 0.0103 0.0 17.0
6.0 49.392303 0.0103 0.0 17.0
3.0 41.19615 0.0104 5.0 15.0
4.5 43.794228 0.0104 5.0 15.0
4.5 43.794228 0.0105 4.0 16.0
6.0 46.392303 0.0105 4.0 16.0
6.0 46.392303 0.0106 3.0 17.0
6.0 49.392303 0.0106 3.0 17.0
6.0 49.392303 0.0107 2.0 18.0
6.0 52.392303 0.0107 2.0 18.0
6.0 52.392303 0.0108 1.0 19.0
6.0 55.392303 0.0108 1.0 19.0
6.0 55.392303 0.0109 0.0 20.0
6.0 58.392303 0.0109 0.0 20.0
6.0 58.392303 0.0110 0.0 21.0
4.5 60.99038 0.0110 0.0 21.0
6.0 46.392303 0.0111 1.0 17.0
8.598076 47.892303 0.0111 1.0 17.0
8.598076 47.892303 0.0112 0.0 18.0
11.196152 49.392303 0.0112 0.0 18.0
11.196152 49.392303 0.0113 0.0 19.0
12.696152 51.99038 0.0113 0.0 19.0
0.0 36.0 0.0114 7.0 13.0
0.0 39.0 0.0114 7.0 13.0
0.0 39.0 0.0115 6.0 14.0
0.0 42.0 0.0115 6.0 14.0
0.0 42.0 0.0116 1.0 15.0
1.5 44.598076 0.0116 1.0 15.0
1.5 44.598076 0.0117 0.0 16.0
3.0 47.19615 0.0117 0.0 16.0
3.0 47.19615 0.0118 0.0 17.0
3.0 50.19615 0.0118 0.0 17.0
0.0 42.0 0.0119 1.0 15.0
0.0 45.0 0.0119 1.0 15.0
0.0 45.0 0.0120 0.0 16.0
0.0 48.0 0.0120 0.0 16.0
0.0 48.0 0.0121 0.0 17.0
-1.5 50.598076 0.0121 0.0 17.0
0.0 42.0 0.0122 5.0 15.0
0.0 45.0 0.0122 5.0 15.0
0.0 45.0 0.0123 4.0 16.0
0.0 48.0 0.0123 4.0 16.0
0.0 48.0 0.0124 3.0 17.0
-1.5 50.598076 0.0124 3.0 17.0
-1.5 50.598076 0.0125 2.0 18.0
-3.0 53.19615 0.0125 2.0 18.0
-3.0 53.19615 0.0126 1.0 19.0
-4.5 55.794228 0.0126 1.0 19.0
-4.5 55.794228 0.0127 0.0 20.0
-6.0 58.392303 0.0127 0.0 20.0
-6.0 58.392303 0.0128 0.0 21.0
-8.598076 59.892303 0.0128 0.0 21.0
0.0 48.0 0.0129 1.0 17.0
1.5 50.598076 0.0129 1.0 17.0
1.5 50.598076 0.0130 0.0 18.0
3.0 53.19615 0.0130 0.0 18.0
3.0 53.19615 0.0131 0.0 19.0
3.0 56.19615 0.0131 0.0 19.0
0.0 36.0 0.0132 15.0 13.0
0.0 39.0 0.0132 15.0 13.0
0.0 39.0 0.0133 14.0 14.0
0.0 42.0 0.0133 14.0 14.0
0.0 42.0 0.0134 13.0 15.0
0.0 45.0 0.0134 13.0 15.0
0.0 45.0 0.0135 12.0 16.0
0.0 48.0 0.0135 12.0 16.0
0.0 48.0 0.0136 11.0 17.0
-1.5 50.598076 0.0136 11.0 17.0
-1.5 50.598076 0.0137 10.0 18.0
-3.0 53.19615 0.0137 10.0 18.0
-3.0 53.19615 0.0138 9.0 19.0
-4.5 55.794228 0.0138 9.0 19.0
-4.5 55.794228 0.0139 8.0 20.0
-6.0 58.392303 0.0139 8.0 20.0
-6.0 58.392303 0.0140 7.0 21.0
-7.5 60.99038 0.0140 7.0 21.0
-7.5 60.99038 0.0141 6.0 22.0
-9.0 63.588455 0.0141 6.0 22.0
-9.0 63.588455 0.0142 1.0 23.0
-9.0 66.588455 0.0142 1.0 23.0
-9.0 66.588455 0.0143 0.0 24.0
-9.0 69.588455 0.0143 0.0 24.0
-9.0 69.588455 0.0144 0.0 25.0
-10.5 72.18653 0.0144 0.0 25.0
-9.0 63.588455 0.0145 1.0 23.0
-10.5 66.18653 0.0145 1.0 23.0
-10.5 66.18653 0.0146 0.0 24.0
-12.0 68.78461 0.0146 0.0 24.0
-12.0 68.78461 0.0147 0.0 25.0
-14.598076 70.28461 0.0147 0.0 25.0
-9.0 63.588455 0.0148 5.0 23.0
-10.5 66.18653 0.0148 5.0 23.0
-10.5 66.18653 0.0149 4.0 24.0
-12.0 68.78461 0.0149 4.0 24.0
-12.0 68.78461 0.0150 3.0 25.0
-14.598076 70.28461 0.0150 3.0 25.0
-14.598076 70.28461 0.0151 2.0 26.0
-17.196152 71.78461 0.0151 2.0 26.0
-17.196152 71.78461 0.0152 1.0 27.0
-19.794228 73.28461 0.0152 1.0 27.0
-19.794228 73.28461 0.0153 0.0 28.0
-22.392303 74.78461 0.0153 0.0 28.0
-22.392303 74.78461 0.0154 0.0 29.0
-25.392303 74.78461 0.0154 0.0 29.0
-12.0 68.78461 0.0155 1.0 25.0
-12.0 71.78461 0.0155 1.0 25.0
-12.0 71.78461 0.0156 0.0 26.0
-12.0 74.78461 0.0156 0.0 26.0
-12.0 74.78461 0.0157 0.0 27.0
-13.5 77.38268 0.0157 0.0 27.0
0.0 48.0 0.0158 7.0 17.0
1.5 50.598076 0.0158 7.0 17.0
1.5 50.598076 0.0159 6.0 18.0
3.0 53.19615 0.0159 6.0 18.0
3.0 53.19615 0.0160 1.0 19.0
5.5980763 54.69615 0.0160 1.0 19.0
5.5980763 54.69615 0.0161 0.0 20.0
8.196153 56.19615 0.0161 0.0 20.0
8.196153 56.19615 0.0162 0.0 21.0
9.696153 58.794228 0.0162 0.0 21.0
3.0 53.19615 0.0163 1.0 19.0
4.5 55.794228 0.0163 1.0 19.0
4.5 55.794228 0.0164 0.0 20.0
6.0 58.392303 0.0164 0.0 20.0
6.0 58.392303 0.0165 0.0 21.0
6.0 61.392303 0.0165 0.0 21.0
3.0 53.19615 0.0166 5.0 19.0
4.5 55.794228 0.0166 5.0 19.0
4.5 55.794228 0.0167 4.0 20.0
6.0 58.392303 0.0167 4.0 20.0
6.0 58.392303 0.0168 3.0 21.0
6.0 61.392303 0.0168 3.0 21.0
6.0 61.392303 0.0169 2.0 22.0
6.0 64.3923 0.0169 2.0 22.0
6.0 64.3923 0.0170 1.0 23.0
6.0 67.3923 0.0170 1.0 23.0
6.0 67.3923 0.0171 0.0 24.0
6.0 70.3923 0.0171 0.0 24.0
6.0 70.3923 0.0172 0.0 25.0
4.5 72.99038 0.0172 0.0 25.0
6.0 58.392303 0.0173 1.0 21.0
8.598076 59.892303 0.0173 1.0 21.0
8.598076 59.892303 0.0174 0.0 22.0
11.196152 61.392303 0.0174 0.0 22.0
11.196152 61.392303 0.0175 0.0 23.0
12.696152 63.99038 0.0175 0.0 23.0
0.0 24.0 0.0176 35.0 9.0
0.0 27.0 0.0176 35.0 9.0
0.0 27.0 0.0177 34.0 10.0
0.0 30.0 0.0177 34.0 10.0
0.0 30.0 0.0178 33.0 11.0
0.0 33.0 0.0178 33.0 11.0
0.0 33.0 0.0179 32.0 12.0
0.0 36.0 0.0179 32.0 12.0
0.0 36.0 0.0180 31.0 13.0
0.0 39.0 0.0180 31.0 13.0
0.0 39.0 0.0181 30.0 14.0
0.0 42.0 0.0181 30.0 14.0
0.0 42.0 0.0182 29.0 15.0
0.0 45.0 0.0182 29.0 15.0
0.0 45.0 0.0183 28.0 16.0
0.0 48.0 0.0183 28.0 16.0
0.0 48.0 0.0184 27.0 17.0
-1.5 50.598076 0.0184 27.0 17.0
-1.5 50.598076 0.0185 26.0 18.0
-3.0 53.19615 0.0185 26.0 18.0
-3.0 53.19615 0.0186 25.0 19.0
-4.5 55.794228 0.0186 25.0 19.0
-4.5 55.794228 0.0187 24.0 20.0
-6.0 58.392303 0.0187 24.0 20.0
-6.0 58.392303 0.0188 23.0 21.0
-7.5 60.99038 0.0188 23.0 21.0
-7.5 60.99038 0.0189 22.0 22.0
-9.0 63.588455 0.0189 22.0 22.0
-9.0 63.588455 0.0190 21.0 23.0
-10.5 66.18653 0.0190 21.0 23.0
-10.5 66.18653 0.0191 20.0 24.0
-12.0 68.78461 0.0191 20.0 24.0
-12.0 68.78461 0.0192 19.0 25.0
-13.5 71.38268 0.0192 19.0 25.0
-13.5 71.38268 0.0193 18.0 26.0
-15.0 73.98076 0.0193 18.0 26.0
-15.0 73.98076 0.0194 17.0 27.0
-16.5 76.578835 0.0194 17.0 27.0
-16.5 76.578835 0.0195 16.0 28.0
-18.0 79.17691 0.0195 16.0 28.0
-18.0 79.17691 0.0196 7.0 29.0
-18.0 82.17691 0.0196 7.0 29.0
-18.0 82.17691 0.0197 6.0 30.0
-18.0 85.17691 0.0197 6.0 30.0
-18.0 85.17691 0.0198 1.0 31.0
-16.5 87.77499 0.0198 1.0 31.0
-16.5 87.77499 0.0199 0.0 32.0
-15.0 90.37306 0.0199 0.0 32.0
-15.0 90.37306 0.0200 0.0 33.0
-15.0 93.37306 0.0200 0.0 33.0
-18.0 85.17691 0.0201 1.0 31.0
-18.0 88.17691 0.0201 1.0 31.0
-18.0 88.17691 0.0202 0.0 32.0
-18.0 91.17691 0.0202 0.0 32.0
-18.0 91.17691 0.0203 0.0 33.0
-19.5 93.77499 0.0203 0.0 33.0
-18.0 85.17691 0.0204 5.0 31.0
-18.0 88.17691 0.0204 5.0 31.0
-18.0 88.17691 0.0205 4.0 32.0
-18.0 91.17691 0.0205 4.0 32.0
-18.0 91.17691 0.0206 3.0 33.0
-19.5 93.77499 0.0206 3.0 33.0
-19.5 93.77499 0.0207 2.0 34.0
-21.0 96.37306 0.0207 2.0 34.0
-21.0 96.37306 0.0208 1.0 35.0
-22.5 98.97114 0.0208 1.0 35.0
-22.5 98.97114 0.0209 0.0 36.0
-24.0 101.569214 0.0209 0.0 36.0
-24.0 101.569214 0.0210 0.0 37.0
-26.598076 103.069214 0.0210 0.0 37.0
-18.0 91.17691 0.0211 1.0 33.0
-16.5 93.77499 0.0211 1.0 33.0
-16.5 93.77499 0.0212 0.0 34.0
-15.0 96.37306 0.0212 0.0 34.0
-15.0 96.37306 0.0213 0.0 35.0
-15.0 99.37306 0.0213 0.0 35.0
-18.0 79.17691 0.0214 7.0 29.0
-19.5 81.77499 0.0214 7.0 29.0
-19.5 81.77499 0.0215 6.0 30.0
-21.0 84.37306 0.0215 6.0 30.0
-21.0 84.37306 0.0216 1.0 31.0
-21.0 87.37306 0.0216 1.0 31.0
-21.0 87.37306 0.0217 0.0 32.0
-21.0 90.37306 0.0217 0.0 32.0
-21.0 90.37306 0.0218 0.0 33.0
-22.5 92.97114 0.0218 0.0 33.0
-21.0 84.37306 0.0219 1.0 31.0
-22.5 86.97114 0.0219 1.0 31.0
-22.5 86.97114 0.0220 0.0 32.0
-24.0 89.569214 0.0220 0.0 32.0
-24.0 89.569214 0.0221 0.0 33.0
-26.598076 91.069214 0.0221 0.0 33.0
-21.0 84.37306 0.0222 5.0 31.0
-22.5 86.97114 0.0222 5.0 31.0
-22.5 86.97114 0.0223 4.0 32.0
-24.0 89.569214 0.0223 4.0 32.0
-24.0 89.569214 0.0224 3.0 33.0
-26.598076 91.069214 0.0224 3.0 33.0
-26.598076 91.069214 0.0225 2.0 34.0
-29.196152 92.569214 0.0225 2.0 34.0
-29.196152 92.569214 0.0226 1.0 35.0
-31.794228 94.069214 0.0226 1.0 35.0
-31.794228 94.069214 0.0227 0.0 36.0
-34.392303 95.569214 0.0227 0.0 36.0
-34.392303 95.569214 0.0228 0.0 37.0
-37.392303 95.569214 0.0228 0.0 37.0
-24.0 89.569214 0.0229 1.0 33.0
-24.0 92.569214 0.0229 1.0 33.0
-24.0 92.569214 0.0230 0.0 34.0
-24.0 95.569214 0.0230 0.0 34.0
-24.0 95.569214 0.0231 0.0 35.0
-25.5 98.16729 0.0231 0.0 35.0
-18.0 79.17691 0.0232 15.0 29.0
-19.5 81.77499 0.0232 15.0 29.0
-19.5 81.77499 0.0233 14.0 30.0
-21.0 84.37306 0.0233 14.0 30.0
-21.0 84.37306 0.0234 13.0 31.0
-22.5 86.97114 0.0234 13.0 31.0
-22.5 86.97114 0.0235 12.0 32.0
-24.0 89.569214 0.0235 12.0 32.0
-24.0 89.569214 0.0236 11.0 33.0
-26.598076 91.069214 0.0236 11.0 33.0
-26.598076 91.069214 0.0237 10.0 34.0
-29.196152 92.569214 0.0237 10.0 34.0
-29.196152 92.569214 0.0238 9.0 35.0
-31.794228 94.069214 0.0238 9.0 35.0
-31.794228 94.069214 0.0239 8.0 36.0
-34.392303 95.569214 0.0239 8.0 36.0
-34.392303 95.569214 0.0240 7.0 37.0
-36.99038 97.069214 0.0240 7.0 37.0
-36.99038 97.069214 0.0241 6.0 38.0
-39.588455 98.569214 0.0241 6.0 38.0
-39.588455 98.569214 0.0242 1.0 39.0
-41.088455 101.16729 0.0242 1.0 39.0
-41.088455 101.16729 0.0243 0.0 40.0
-42.588455 103.765366 0.0243 0.0 40.0
-42.588455 103.765366 0.0244 0.0 41.0
-45.18653 105.265366 0.0244 0.0 41.0
-39.588455 98.569214 0.0245 1.0 39.0
-42.18653 100.069214 0.0245 1.0 39.0
-42.18653 100.069214 0.0246 0.0 40.0
-44.784607 101.569214 0.0246 0.0 40.0
-44.784607 101.569214 0.0247 0.0 41.0
-47.784607 101.569214 0.0247 0.0 41.0
-39.588455 98.569214 0.0248 5.0 39.0
-42.18653 100.069214 0.0248 5.0 39.0
-42.18653 100.069214 0.0249 4.0 40.0
-44.784607 101.569214 0.0249 4.0 40.0
-44.784607 101.569214 0.0250 3.0 41.0
-47.784607 101.569214 0.0250 3.0 41.0
-47.784607 101.569214 0.0251 2.0 42.0
-50.784607 101.569214 0.0251 2.0 42.0
-50.784607 101.569214 0.0252 1.0 43.0
-53.784607 101.569214 0.0252 1.0 43.0
-53.784607 101.569214 0.0253 0.0 44.0
-56.784607 101.569214 0.0253 0.0 44.0
-56.784607 101.569214 0.0254 0.0 45.0
-59.382683 100.069214 0.0254 0.0 45.0
-44.784607 101.569214 0.0255 1.0 41.0
-46.284607 104.16729 0.0255 1.0 41.0
-46.284607 104.16729 0.0256 0.0 42.0
-47.784607 106.765366 0.0256 0.0 42.0
-47.784607 106.765366 0.0257 0.0 43.0
-50.382683 108.265366 0.0257 0.0 43.0
-24.0 89.569214 0.0258 7.0 33.0
-24.0 92.569214 0.0258 7.0 33.0
-24.0 92.569214 0.0259 6.0 34.0
-24.0 95.569214 0.0259 6.0 34.0
-24.0 95.569214 0.0260 1.0 35.0
-22.5 98.16729 0.0260 1.0 35.0
-22.5 98.16729 0.0261 0.0 36.0
-21.0 100.765366 0.0261 0.0 36.0
-21.0 100.765366 0.0262 0.0 37.0
-21.0 103.765366 0.0262 0.0 37.0
-24.0 95.569214 0.0263 1.0 35.0
-24.0 98.569214 0.0263 1.0 35.0
-24.0 98.569214 0.0264 0.0 36.0
-24.0 101.569214 0.0264 0.0 36.0
-24.0 101.569214 0.0265 0.0 37.0
-25.5 104.16729 0.0265 0.0 37.0
-24.0 95.569214 0.0266 5.0 35.0
-24.0 98.569214 0.0266 5.0 35.0
-24.0 98.569214 0.0267 4.0 36.0
-24.0 101.569214 0.0267 4.0 36.0
-24.0 101.569214 0.0268 3.0 37.0
-25.5 104.16729 0.0268 3.0 37.0
-25.5 104.16729 0.0269 2.0 38.0
-27.0 106.765366 0.0269 2.0 38.0
-27.0 106.765366 0.0270 1.0 39.0
-28.5 109.36344 0.0270 1.0 39.0
-28.5 109.36344 0.0271 0.0 40.0
-30.0 111.96152 0.0271 0.0 40.0
-30.0 111.96152 0.0272 0.0 41.0
-32.598076 113.46152 0.0272 0.0 41.0
-24.0 101.569214 0.0273 1.0 37.0
-22.5 104.16729 0.0273 1.0 37.0
-22.5 104.16729 0.0274 0.0 38.0
-21.0 106.765366 0.0274 0.0 38.0
-21.0 106.765366 0.0275 0.0 39.0
-21.0 109.765366 0.0275 0.0 39.0
0.0 48.0 0.0276 19.0 17.0
1.5 50.598076 0.0276 19.0 17.0
1.5 50.598076 0.0277 18.0 18.0
3.0 53.19615 0.0277 18.0 18.0
3.0 53.19615 0.0278 17.0 19.0
4.5 55.794228 0.0278 17.0 19.0
4.5 55.794228 0.0279 16.0 20.0
6.0 58.392303 0.0279 16.0 20.0
6.0 58.392303 0.0280 7.0 21.0
8.598076 59.892303 0.0280 7.0 21.0
8.598076 59.892303 0.0281 6.0 22.0
11.196152 61.392303 0.0281 6.0 22.0
11.196152 61.392303 0.0282 1.0 23.0
14.196152 61.392303 0.0282 1.0 23.0
14.196152 61.392303 0.0283 0.0 24.0
17.196152 61.392303 0.0283 0.0 24.0
17.196152 61.392303 0.0284 0.0 25.0
19.794228 62.892303 0.0284 0.0 25.0
11.196152 61.392303 0.0285 1.0 23.0
13.794228 62.892303 0.0285 1.0 23.0
13.794228 62.892303 0.0286 0.0 24.0
16.392303 64.3923 0.0286 0.0 24.0
16.392303 64.3923 0.0287 0.0 25.0
17.892303 66.99038 0.0287 0.0 25.0
11.196152 61.392303 0.0288 5.0 23.0
13.794228 62.892303 0.0288 5.0 23.0
13.794228 62.892303 0.0289 4.0 24.0
16.392303 64.3923 0.0289 4.0 24.0
16.392303 64.3923 0.0290 3.0 25.0
17.892303 66.99038 0.0290 3.0 25.0
17.892303 66.99038 0.0291 2.0 26.0
19.392303 69.588455 0.0291 2.0 26.0
19.392303 69.588455 0.0292 1.0 27.0
20.892303 72.18653 0.0292 1.0 27.0
20.892303 72.18653 0.0293 0.0 28.0
22.392303 74.78461 0.0293 0.0 28.0
22.392303 74.78461 0.0294 0.0 29.0
22.392303 77.78461 0.0294 0.0 29.0
16.392303 64.3923 0.0295 1.0 25.0
19.392303 64.3923 0.0295 1.0 25.0
19.392303 64.3923 0.0296 0.0 26.0
22.392303 64.3923 0.0296 0.0 26.0
22.392303 64.3923 0.0297 0.0 27.0
24.99038 65.8923 0.0297 0.0 27.0
6.0 58.392303 0.0298 7.0 21.0
7.5 60.99038 0.0298 7.0 21.0
7.5 60.99038 0.0299 6.0 22.0
9.0 63.588455 0.0299 6.0 22.0
9.0 63.588455 0.0300 1.0 23.0
11.598076 65.088455 0.0300 1.0 23.0
11.598076 65.088455 0.0301 0.0 24.0
14.196152 66.588455 0.0301 0.0 24.0
14.196152 66.588455 0.0302 0.0 25.0
15.696152 69.18653 0.0302 0.0 25.0
9.0 63.588455 0.0303 1.0 23.0
10.5 66.18653 0.0303 1.0 23.0
10.5 66.18653 0.0304 0.0 24.0
12.0 68.78461 0.0304 0.0 24.0
12.0 68.78461 0.0305 0.0 25.0
12.0 71.78461 0.0305 0.0 25.0
9.0 63.588455 0.0306 5.0 23.0
10.5 66.18653 0.0306 5.0 23.0
10.5 66.18653 0.0307 4.0 24.0
12.0 68.78461 0.0307 4.0 24.0
12.0 68.78461 0.0308 3.0 25.0
12.0 71.78461 0.0308 3.0 25.0
12.0 71.78461 0.0309 2.0 26.0
12.0 74.78461 0.0309 2.0 26.0
12.0 74.78461 0.0310 1.0 27.0
12.0 77.78461 0.0310 1.0 27.0
12.0 77.78461 0.0311 0.0 28.0
12.0 80.78461 0.0311 0.0 28.0
12.0 80.78461 0.0312 0.0 29.0
10.5 83.38268 0.0312 0.0 29.0
12.0 68.78461 0.0313 1.0 25.0
14.598076 70.28461 0.0313 1.0 25.0
14.598076 70.28461 0.0314 0.0 26.0
17.196152 71.78461 0.0314 0.0 26.0
17.196152 71.78461 0.0315 0.0 27.0
18.696152 74.38268 0.0315 0.0 27.0
6.0 58.392303 0.0316 15.0 21.0
7.5 60.99038 0.0316 15.0 21.0
7.5 60.99038 0.0317 14.0 22.0
9.0 63.588455 0.0317 14.0 22.0
9.0 63.588455 0.0318 13.0 23.0
10.5 66.18653 0.0318 13.0 23.0
10.5 66.18653 0.0319 12.0 24.0
12.0 68.78461 0.0319 12.0 24.0
12.0 68.78461 0.0320 11.0 25.0
12.0 71.78461 0.0320 11.0 25.0
12.0 71.78461 0.0321 10.0 26.0
12.0 74.78461 0.0321 10.0 26.0
12.0 74.78461 0.0322 9.0 27.0
12.0 77.78461 0.0322 9.0 27.0
12.0 77.78461 0.0323 8.0 28.0
12.0 80.78461 0.0323 8.0 28.0
12.0 80.78461 0.0324 7.0 29.0
12.0 83.78461 0.0324 7.0 29.0
12.0 83.78461 0.0325 6.0 30.0
12.0 86.78461 0.0325 6.0 30.0
12.0 86.78461 0.0326 1.0 31.0
13.5 89.38268 0.0326 1.0 31.0
13.5 89.38268 0.0327 0.0 32.0
15.0 91.98076 0.0327 0.0 32.0
15.0 91.98076 0.0328 0.0 33.0
15.0 94.98076 0.0328 0.0 33.0
12.0 86.78461 0.0329 1.0 31.0
12.0 89.78461 0.0329 1.0 31.0
12.0 89.78461 0.0330 0.0 32.0
12.0 92.78461 0.0330 0.0 32.0
12.0 92.78461 0.0331 0.0 33.0
10.5 95.38268 0.0331 0.0 33.0
12.0 86.78461 0.0332 5.0 31.0
12.0 89.78461 0.0332 5.0 31.0
12.0 89.78461 0.0333 4.0 32.0
12.0 92.78461 0.0333 4.0 32.0
12.0 92.78461 0.0334 3.0 33.0
10.5 95.38268 0.0334 3.0 33.0
10.5 95.38268 0.0335 2.0 34.0
9.0 97.98076 0.0335 2.0 34.0
9.0 97.98076 0.0336 1.0 35.0
7.5 100.578835 0.0336 1.0 35.0
7.5 100.578835 0.0337 0.0 36.0
6.0 103.17691 0.0337 0.0 36.0
6.0 103.17691 0.0338 0.0 37.0
3.4019237 104.67691 0.0338 0.0 37.0
12.0 92.78461 0.0339 1.0 33.0
13.5 95.38268 0.0339 1.0 33.0
13.5 95.38268 0.0340 0.0 34.0
15.0 97.98076 0.0340 0.0 34.0
15.0 97.98076 0.0341 0.0 35.0
15.0 100.98076 0.0341 0.0 35.0
12.0 68.78461 0.0342 7.0 25.0
14.598076 70.28461 0.0342 7.0 25.0
14.598076 70.28461 0.0343 6.0 26.0
17.196152 71.78461 0.0343 6.0 26.0
17.196152 71.78461 0.0344 1.0 27.0
20.196152 71.78461 0.0344 1.0 27.0
20.196152 71.78461 0.0345 0.0 28.0
23.196152 71.78461 0.0345 0.0 28.0
23.196152 71.78461 0.0346 0.0 29.0
25.794228 73.28461 0.0346 0.0 29.0
17.196152 71.78461 0.0347 1.0 27.0
19.794228 73.28461 0.0347 1.0 27.0
19.794228 73.28461 0.0348 0.0 28.0
22.392303 74.78461 0.0348 0.0 28.0
22.392303 74.78461 0.0349 0.0 29.0
23.892303 77.38268 0.0349 0.0 29.0
17.196152 71.78461 0.0350 5.0 27.0
19.794228 73.28461 0.0350 5.0 27.0
19.794228 73.28461 0.0351 4.0 28.0
22.392303 74.78461 0.0351 4.0 28.0
22.392303 74.78461 0.0352 3.0 29.0
23.892303 77.38268 0.0352 3.0 29.0
23.892303 77.38268 0.0353 2.0 30.0
25.392303 79.98076 0.0353 2.0 30.0
25.392303 79.98076 0.0354 1.0 31.0
26.892303 82.578835 0.0354 1.0 31.0
26.892303 82.578835 0.0355 0.0 32.0
28.392303 85.17691 0.0355 0.0 32.0
28.392303 85.17691 0.0356 0.0 33.0
28.392303 88.17691 0.0356 0.0 33.0
22.392303 74.78461 0.0357 1.0 29.0
25.392303 74.78461 0.0357 1.0 29.0
25.392303 74.78461 0.0358 0.0 30.0
28.392303 74.78461 0.0358 0.0 30.0
28.392303 74.78461 0.0359 0.0 31.0
30.99038 76.28461 0.0359 0.0 31.0
