0.0 0.0 0.00 124.0 1.0
0.0 5.0 0.00 124.0 1.0
0.0 5.0 0.01 123.0 2.0
0.0 10.0 0.01 123.0 2.0
0.0 10.0 0.02 122.0 3.0
0.0 15.0 0.02 122.0 3.0
0.0 15.0 0.03 121.0 4.0
0.0 20.0 0.03 121.0 4.0
0.0 20.0 0.04 120.0 5.0
0.0 25.0 0.04 120.0 5.0
0.0 25.0 0.05 119.0 6.0
0.0 30.0 0.05 119.0 6.0
0.0 30.0 0.06 118.0 7.0
0.0 35.0 0.06 118.0 7.0
0.0 35.0 0.07 117.0 8.0
0.0 40.0 0.07 117.0 8.0
0.0 40.0 0.08 116.0 9.0
0.0 45.0 0.08 116.0 9.0
0.0 45.0 0.09 115.0 10.0
0.0 50.0 0.09 115.0 10.0
0.0 50.0 0.010 114.0 11.0
0.0 55.0 0.010 114.0 11.0
0.0 55.0 0.011 113.0 12.0
0.0 60.0 0.011 113.0 12.0
0.0 60.0 0.012 112.0 13.0
0.0 65.0 0.012 112.0 13.0
0.0 65.0 0.013 111.0 14.0
0.0 70.0 0.013 111.0 14.0
0.0 70.0 0.014 110.0 15.0
0.0 75.0 0.014 110.0 15.0
0.0 75.0 0.015 109.0 16.0
0.0 80.0 0.015 109.0 16.0
0.0 80.0 0.016 108.0 17.0
0.0 85.0 0.016 108.0 17.0
0.0 85.0 0.017 107.0 18.0
0.0 90.0 0.017 107.0 18.0
0.0 90.0 0.018 106.0 19.0
0.0 95.0 0.018 106.0 19.0
0.0 95.0 0.019 105.0 20.0
0.0 100.0 0.019 105.0 20.0
0.0 100.0 0.020 104.0 21.0
0.0 105.0 0.020 104.0 21.0
0.0 105.0 0.021 103.0 22.0
0.0 110.0 0.021 103.0 22.0
0.0 110.0 0.022 102.0 23.0
0.0 115.0 0.022 102.0 23.0
0.0 115.0 0.023 101.0 24.0
0.0 120.0 0.023 101.0 24.0
0.0 120.0 0.024 100.0 25.0
0.0 125.0 0.024 100.0 25.0
0.0 125.0 0.025 99.0 26.0
0.0 130.0 0.025 99.0 26.0
0.0 130.0 0.026 98.0 27.0
0.0 135.0 0.026 98.0 27.0
0.0 135.0 0.027 97.0 28.0
0.0 140.0 0.027 97.0 28.0
0.0 140.0 0.028 96.0 29.0
0.0 145.0 0.028 96.0 29.0
0.0 145.0 0.029 95.0 30.0
0.0 150.0 0.029 95.0 30.0
0.0 150.0 0.030 94.0 31.0
0.0 155.0 0.030 94.0 31.0
0.0 155.0 0.031 93.0 32.0
0.0 160.0 0.031 93.0 32.0
0.0 160.0 0.032 60.0 33.0
0.0 165.0 0.032 60.0 33.0
0.0 165.0 0.033 59.0 34.0
0.0 170.0 0.033 59.0 34.0
0.0 170.0 0.034 58.0 35.0
0.0 175.0 0.034 58.0 35.0
0.0 175.0 0.035 57.0 36.0
0.0 180.0 0.035 57.0 36.0
0.0 180.0 0.036 56.0 37.0
0.0 185.0 0.036 56.0 37.0
0.0 185.0 0.037 55.0 38.0
0.0 190.0 0.037 55.0 38.0
0.0 190.0 0.038 54.0 39.0
0.0 195.0 0.038 54.0 39.0
0.0 195.0 0.039 53.0 40.0
0.0 200.0 0.039 53.0 40.0
0.0 200.0 0.040 52.0 41.0
0.0 205.0 0.040 52.0 41.0
0.0 205.0 0.041 51.0 42.0
0.0 210.0 0.041 51.0 42.0
0.0 210.0 0.042 50.0 43.0
0.0 215.0 0.042 50.0 43.0
0.0 215.0 0.043 49.0 44.0
0.0 220.0 0.043 49.0 44.0
0.0 220.0 0.044 48.0 45.0
0.0 225.0 0.044 48.0 45.0
0.0 225.0 0.045 47.0 46.0
0.0 230.0 0.045 47.0 46.0
0.0 230.0 0.046 46.0 47.0
0.0 235.0 0.046 46.0 47.0
0.0 235.0 0.047 45.0 48.0
0.0 240.0 0.047 45.0 48.0
0.0 240.0 0.048 28.0 49.0
0.0 245.0 0.048 28.0 49.0
0.0 245.0 0.049 27.0 50.0
0.0 250.0 0.049 27.0 50.0
0.0 250.0 0.050 26.0 51.0
0.0 255.0 0.050 26.0 51.0
0.0 255.0 0.051 25.0 52.0
0.0 260.0 0.051 25.0 52.0
0.0 260.0 0.052 24.0 53.0
0.0 265.0 0.052 24.0 53.0
0.0 265.0 0.053 23.0 54.0
0.0 270.0 0.053 23.0 54.0
0.0 270.0 0.054 22.0 55.0
0.0 275.0 0.054 22.0 55.0
0.0 275.0 0.055 21.0 56.0
0.0 280.0 0.055 21.0 56.0
0.0 280.0 0.056 12.0 57.0
0.0 285.0 0.056 12.0 57.0
0.0 285.0 0.057 11.0 58.0
0.0 290.0 0.057 11.0 58.0
0.0 290.0 0.058 10.0 59.0
0.0 295.0 0.058 10.0 59.0
0.0 295.0 0.059 9.0 60.0
0.0 300.0 0.059 9.0 60.0
0.0 300.0 0.060 4.0 61.0
0.0 305.0 0.060 4.0 61.0
0.0 305.0 0.061 3.0 62.0
0.0 310.0 0.061 3.0 62.0
0.0 310.0 0.062 0.0 63.0
0.0 315.0 0.062 0.0 63.0
0.0 315.0 0.063 0.0 64.0
0.0 320.0 0.063 0.0 64.0
0.0 310.0 0.064 0.0 63.0
0.0 315.0 0.064 0.0 63.0
0.0 315.0 0.065 0.0 64.0
0.0 320.0 0.065 0.0 64.0
0.0 310.0 0.066 2.0 63.0
0.0 315.0 0.066 2.0 63.0
0.0 315.0 0.067 1.0 64.0
0.0 320.0 0.067 1.0 64.0
0.0 320.0 0.068 0.0 65.0
0.0 325.0 0.068 0.0 65.0
0.0 325.0 0.069 0.0 66.0
0.0 330.0 0.069 0.0 66.0
0.0 300.0 0.070 4.0 61.0
0.0 305.0 0.070 4.0 61.0
0.0 305.0 0.071 3.0 62.0
0.0 310.0 0.071 3.0 62.0
0.0 310.0 0.072 0.0 63.0
0.0 315.0 0.072 0.0 63.0
0.0 315.0 0.073 0.0 64.0
0.0 320.0 0.073 0.0 64.0
0.0 310.0 0.074 0.0 63.0
0.0 315.0 0.074 0.0 63.0
0.0 315.0 0.075 0.0 64.0
0.0 320.0 0.075 0.0 64.0
0.0 310.0 0.076 2.0 63.0
0.0 315.0 0.076 2.0 63.0
0.0 315.0 0.077 1.0 64.0
0.0 320.0 0.077 1.0 64.0
0.0 320.0 0.078 0.0 65.0
0.0 325.0 0.078 0.0 65.0
0.0 325.0 0.079 0.0 66.0
0.0 330.0 0.079 0.0 66.0
0.0 300.0 0.080 8.0 61.0
0.0 305.0 0.080 8.0 61.0
0.0 305.0 0.081 7.0 62.0
0.0 310.0 0.081 7.0 62.0
0.0 310.0 0.082 6.0 63.0
0.0 315.0 0.082 6.0 63.0
0.0 315.0 0.083 5.0 64.0
0.0 320.0 0.083 5.0 64.0
0.0 320.0 0.084 4.0 65.0
0.0 325.0 0.084 4.0 65.0
0.0 325.0 0.085 3.0 66.0
0.0 330.0 0.085 3.0 66.0
0.0 330.0 0.086 0.0 67.0
0.0 335.0 0.086 0.0 67.0
0.0 335.0 0.087 0.0 68.0
0.0 340.0 0.087 0.0 68.0
0.0 330.0 0.088 0.0 67.0
0.0 335.0 0.088 0.0 67.0
0.0 335.0 0.089 0.0 68.0
0.0 340.0 0.089 0.0 68.0
0.0 330.0 0.090 2.0 67.0
0.0 335.0 0.090 2.0 67.0
0.0 335.0 0.091 1.0 68.0
0.0 340.0 0.091 1.0 68.0
0.0 340.0 0.092 0.0 69.0
0.0 345.0 0.092 0.0 69.0
0.0 345.0 0.093 0.0 70.0
0.0 350.0 0.093 0.0 70.0
0.0 280.0 0.094 12.0 57.0
0.0 285.0 0.094 12.0 57.0
0.0 285.0 0.095 11.0 58.0
0.0 290.0 0.095 11.0 58.0
0.0 290.0 0.096 10.0 59.0
0.0 295.0 0.096 10.0 59.0
0.0 295.0 0.097 9.0 60.0
0.0 300.0 0.097 9.0 60.0
0.0 300.0 0.098 4.0 61.0
0.0 305.0 0.098 4.0 61.0
0.0 305.0 0.099 3.0 62.0
0.0 310.0 0.099 3.0 62.0
0.0 310.0 0.0100 0.0 63.0
0.0 315.0 0.0100 0.0 63.0
0.0 315.0 0.0101 0.0 64.0
0.0 320.0 0.0101 0.0 64.0
0.0 310.0 0.0102 0.0 63.0
0.0 315.0 0.0102 0.0 63.0
0.0 315.0 0.0103 0.0 64.0
0.0 320.0 0.0103 0.0 64.0
0.0 310.0 0.0104 2.0 63.0
0.0 315.0 0.0104 2.0 63.0
0.0 315.0 0.0105 1.0 64.0
0.0 320.0 0.0105 1.0 64.0
0.0 320.0 0.0106 0.0 65.0
0.0 325.0 0.0106 0.0 65.0
0.0 325.0 0.0107 0.0 66.0
0.0 330.0 0.0107 0.0 66.0
0.0 300.0 0.0108 4.0 61.0
0.0 305.0 0.0108 4.0 61.0
0.0 305.0 0.0109 3.0 62.0
0.0 310.0 0.0109 3.0 62.0
0.0 310.0 0.0110 0.0 63.0
0.0 315.0 0.0110 0.0 63.0
0.0 315.0 0.0111 0.0 64.0
0.0 320.0 0.0111 0.0 64.0
0.0 310.0 0.0112 0.0 63.0
0.0 315.0 0.0112 0.0 63.0
0.0 315.0 0.0113 0.0 64.0
0.0 320.0 0.0113 0.0 64.0
0.0 310.0 0.0114 2.0 63.0
0.0 315.0 0.0114 2.0 63.0
0.0 315.0 0.0115 1.0 64.0
0.0 320.0 0.0115 1.0 64.0
0.0 320.0 0.0116 0.0 65.0
0.0 325.0 0.0116 0.0 65.0
0.0 325.0 0.0117 0.0 66.0
0.0 330.0 0.0117 0.0 66.0
0.0 300.0 0.0118 8.0 61.0
0.0 305.0 0.0118 8.0 61.0
0.0 305.0 0.0119 7.0 62.0
0.0 310.0 0.0119 7.0 62.0
0.0 310.0 0.0120 6.0 63.0
0.0 315.0 0.0120 6.0 63.0
0.0 315.0 0.0121 5.0 64.0
0.0 320.0 0.0121 5.0 64.0
0.0 320.0 0.0122 4.0 65.0
0.0 325.0 0.0122 4.0 65.0
0.0 325.0 0.0123 3.0 66.0
0.0 330.0 0.0123 3.0 66.0
0.0 330.0 0.0124 0.0 67.0
0.0 335.0 0.0124 0.0 67.0
0.0 335.0 0.0125 0.0 68.0
0.0 340.0 0.0125 0.0 68.0
0.0 330.0 0.0126 0.0 67.0
0.0 335.0 0.0126 0.0 67.0
0.0 335.0 0.0127 0.0 68.0
0.0 340.0 0.0127 0.0 68.0
0.0 330.0 0.0128 2.0 67.0
0.0 335.0 0.0128 2.0 67.0
0.0 335.0 0.0129 1.0 68.0
0.0 340.0 0.0129 1.0 68.0
0.0 340.0 0.0130 0.0 69.0
0.0 345.0 0.0130 0.0 69.0
0.0 345.0 0.0131 0.0 70.0
0.0 350.0 0.0131 0.0 70.0
0.0 280.0 0.0132 20.0 57.0
0.0 285.0 0.0132 20.0 57.0
0.0 285.0 0.0133 19.0 58.0
0.0 290.0 0.0133 19.0 58.0
0.0 290.0 0.0134 18.0 59.0
0.0 295.0 0.0134 18.0 59.0
0.0 295.0 0.0135 17.0 60.0
0.0 300.0 0.0135 17.0 60.0
0.0 300.0 0.0136 16.0 61.0
0.0 305.0 0.0136 16.0 61.0
0.0 305.0 0.0137 15.0 62.0
0.0 310.0 0.0137 15.0 62.0
0.0 310.0 0.0138 14.0 63.0
0.0 315.0 0.0138 14.0 63.0
0.0 315.0 0.0139 13.0 64.0
0.0 320.0 0.0139 13.0 64.0
0.0 320.0 0.0140 12.0 65.0
0.0 325.0 0.0140 12.0 65.0
0.0 325.0 0.0141 11.0 66.0
0.0 330.0 0.0141 11.0 66.0
0.0 330.0 0.0142 10.0 67.0
0.0 335.0 0.0142 10.0 67.0
0.0 335.0 0.0143 9.0 68.0
0.0 340.0 0.0143 9.0 68.0
0.0 340.0 0.0144 4.0 69.0
0.0 345.0 0.0144 4.0 69.0
0.0 345.0 0.0145 3.0 70.0
0.0 350.0 0.0145 3.0 70.0
0.0 350.0 0.0146 0.0 71.0
0.0 355.0 0.0146 0.0 71.0
0.0 355.0 0.0147 0.0 72.0
0.0 360.0 0.0147 0.0 72.0
0.0 350.0 0.0148 0.0 71.0
0.0 355.0 0.0148 0.0 71.0
0.0 355.0 0.0149 0.0 72.0
0.0 360.0 0.0149 0.0 72.0
0.0 350.0 0.0150 2.0 71.0
0.0 355.0 0.0150 2.0 71.0
0.0 355.0 0.0151 1.0 72.0
0.0 360.0 0.0151 1.0 72.0
0.0 360.0 0.0152 0.0 73.0
0.0 365.0 0.0152 0.0 73.0
0.0 365.0 0.0153 0.0 74.0
0.0 370.0 0.0153 0.0 74.0
0.0 340.0 0.0154 4.0 69.0
0.0 345.0 0.0154 4.0 69.0
0.0 345.0 0.0155 3.0 70.0
0.0 350.0 0.0155 3.0 70.0
0.0 350.0 0.0156 0.0 71.0
0.0 355.0 0.0156 0.0 71.0
0.0 355.0 0.0157 0.0 72.0
0.0 360.0 0.0157 0.0 72.0
0.0 350.0 0.0158 0.0 71.0
0.0 355.0 0.0158 0.0 71.0
0.0 355.0 0.0159 0.0 72.0
0.0 360.0 0.0159 0.0 72.0
0.0 350.0 0.0160 2.0 71.0
0.0 355.0 0.0160 2.0 71.0
0.0 355.0 0.0161 1.0 72.0
0.0 360.0 0.0161 1.0 72.0
0.0 360.0 0.0162 0.0 73.0
0.0 365.0 0.0162 0.0 73.0
0.0 365.0 0.0163 0.0 74.0
0.0 370.0 0.0163 0.0 74.0
0.0 340.0 0.0164 8.0 69.0
0.0 345.0 0.0164 8.0 69.0
0.0 345.0 0.0165 7.0 70.0
0.0 350.0 0.0165 7.0 70.0
0.0 350.0 0.0166 6.0 71.0
0.0 355.0 0.0166 6.0 71.0
0.0 355.0 0.0167 5.0 72.0
0.0 360.0 0.0167 5.0 72.0
0.0 360.0 0.0168 4.0 73.0
0.0 365.0 0.0168 4.0 73.0
0.0 365.0 0.0169 3.0 74.0
0.0 370.0 0.0169 3.0 74.0
0.0 370.0 0.0170 0.0 75.0
0.0 375.0 0.0170 0.0 75.0
0.0 375.0 0.0171 0.0 76.0
0.0 380.0 0.0171 0.0 76.0
0.0 370.0 0.0172 0.0 75.0
0.0 375.0 0.0172 0.0 75.0
0.0 375.0 0.0173 0.0 76.0
0.0 380.0 0.0173 0.0 76.0
0.0 370.0 0.0174 2.0 75.0
0.0 375.0 0.0174 2.0 75.0
0.0 375.0 0.0175 1.0 76.0
0.0 380.0 0.0175 1.0 76.0
0.0 380.0 0.0176 0.0 77.0
0.0 385.0 0.0176 0.0 77.0
0.0 385.0 0.0177 0.0 78.0
0.0 390.0 0.0177 0.0 78.0
0.0 240.0 0.0178 28.0 49.0
0.0 245.0 0.0178 28.0 49.0
0.0 245.0 0.0179 27.0 50.0
0.0 250.0 0.0179 27.0 50.0
0.0 250.0 0.0180 26.0 51.0
0.0 255.0 0.0180 26.0 51.0
0.0 255.0 0.0181 25.0 52.0
0.0 260.0 0.0181 25.0 52.0
0.0 260.0 0.0182 24.0 53.0
0.0 265.0 0.0182 24.0 53.0
0.0 265.0 0.0183 23.0 54.0
0.0 270.0 0.0183 23.0 54.0
0.0 270.0 0.0184 22.0 55.0
0.0 275.0 0.0184 22.0 55.0
0.0 275.0 0.0185 21.0 56.0
0.0 280.0 0.0185 21.0 56.0
0.0 280.0 0.0186 12.0 57.0
0.0 285.0 0.0186 12.0 57.0
0.0 285.0 0.0187 11.0 58.0
0.0 290.0 0.0187 11.0 58.0
0.0 290.0 0.0188 10.0 59.0
0.0 295.0 0.0188 10.0 59.0
0.0 295.0 0.0189 9.0 60.0
0.0 300.0 0.0189 9.0 60.0
0.0 300.0 0.0190 4.0 61.0
0.0 305.0 0.0190 4.0 61.0
0.0 305.0 0.0191 3.0 62.0
0.0 310.0 0.0191 3.0 62.0
0.0 310.0 0.0192 0.0 63.0
0.0 315.0 0.0192 0.0 63.0
0.0 315.0 0.0193 0.0 64.0
0.0 320.0 0.0193 0.0 64.0
0.0 310.0 0.0194 0.0 63.0
0.0 315.0 0.0194 0.0 63.0
0.0 315.0 0.0195 0.0 64.0
0.0 320.0 0.0195 0.0 64.0
0.0 310.0 0.0196 2.0 63.0
0.0 315.0 0.0196 2.0 63.0
0.0 315.0 0.0197 1.0 64.0
0.0 320.0 0.0197 1.0 64.0
0.0 320.0 0.0198 0.0 65.0
0.0 325.0 0.0198 0.0 65.0
0.0 325.0 0.0199 0.0 66.0
0.0 330.0 0.0199 0.0 66.0
0.0 300.0 0.0200 4.0 61.0
0.0 305.0 0.0200 4.0 61.0
0.0 305.0 0.0201 3.0 62.0
0.0 310.0 0.0201 3.0 62.0
0.0 310.0 0.0202 0.0 63.0
0.0 315.0 0.0202 0.0 63.0
0.0 315.0 0.0203 0.0 64.0
0.0 320.0 0.0203 0.0 64.0
0.0 310.0 0.0204 0.0 63.0
0.0 315.0 0.0204 0.0 63.0
0.0 315.0 0.0205 0.0 64.0
0.0 320.0 0.0205 0.0 64.0
0.0 310.0 0.0206 2.0 63.0
0.0 315.0 0.0206 2.0 63.0
0.0 315.0 0.0207 1.0 64.0
0.0 320.0 0.0207 1.0 64.0
0.0 320.0 0.0208 0.0 65.0
0.0 325.0 0.0208 0.0 65.0
0.0 325.0 0.0209 0.0 66.0
0.0 330.0 0.0209 0.0 66.0
0.0 300.0 0.0210 8.0 61.0
0.0 305.0 0.0210 8.0 61.0
0.0 305.0 0.0211 7.0 62.0
0.0 310.0 0.0211 7.0 62.0
0.0 310.0 0.0212 6.0 63.0
0.0 315.0 0.0212 6.0 63.0
0.0 315.0 0.0213 5.0 64.0
0.0 320.0 0.0213 5.0 64.0
0.0 320.0 0.0214 4.0 65.0
0.0 325.0 0.0214 4.0 65.0
0.0 325.0 0.0215 3.0 66.0
0.0 330.0 0.0215 3.0 66.0
0.0 330.0 0.0216 0.0 67.0
0.0 335.0 0.0216 0.0 67.0
0.0 335.0 0.0217 0.0 68.0
0.0 340.0 0.0217 0.0 68.0
0.0 330.0 0.0218 0.0 67.0
0.0 335.0 0.0218 0.0 67.0
0.0 335.0 0.0219 0.0 68.0
0.0 340.0 0.0219 0.0 68.0
0.0 330.0 0.0220 2.0 67.0
0.0 335.0 0.0220 2.0 67.0
0.0 335.0 0.0221 1.0 68.0
0.0 340.0 0.0221 1.0 68.0
0.0 340.0 0.0222 0.0 69.0
0.0 345.0 0.0222 0.0 69.0
0.0 345.0 0.0223 0.0 70.0
0.0 350.0 0.0223 0.0 70.0
0.0 280.0 0.0224 12.0 57.0
0.0 285.0 0.0224 12.0 57.0
0.0 285.0 0.0225 11.0 58.0
0.0 290.0 0.0225 11.0 58.0
0.0 290.0 0.0226 10.0 59.0
0.0 295.0 0.0226 10.0 59.0
0.0 295.0 0.0227 9.0 60.0
0.0 300.0 0.0227 9.0 60.0
0.0 300.0 0.0228 4.0 61.0
0.0 305.0 0.0228 4.0 61.0
0.0 305.0 0.0229 3.0 62.0
0.0 310.0 0.0229 3.0 62.0
0.0 310.0 0.0230 0.0 63.0
0.0 315.0 0.0230 0.0 63.0
0.0 315.0 0.0231 0.0 64.0
0.0 320.0 0.0231 0.0 64.0
0.0 310.0 0.0232 0.0 63.0
0.0 315.0 0.0232 0.0 63.0
0.0 315.0 0.0233 0.0 64.0
0.0 320.0 0.0233 0.0 64.0
0.0 310.0 0.0234 2.0 63.0
0.0 315.0 0.0234 2.0 63.0
0.0 315.0 0.0235 1.0 64.0
0.0 320.0 0.0235 1.0 64.0
0.0 320.0 0.0236 0.0 65.0
0.0 325.0 0.0236 0.0 65.0
0.0 325.0 0.0237 0.0 66.0
0.0 330.0 0.0237 0.0 66.0
0.0 300.0 0.0238 4.0 61.0
0.0 305.0 0.0238 4.0 61.0
0.0 305.0 0.0239 3.0 62.0
0.0 310.0 0.0239 3.0 62.0
0.0 310.0 0.0240 0.0 63.0
0.0 315.0 0.0240 0.0 63.0
0.0 315.0 0.0241 0.0 64.0
0.0 320.0 0.0241 0.0 64.0
0.0 310.0 0.0242 0.0 63.0
0.0 315.0 0.0242 0.0 63.0
0.0 315.0 0.0243 0.0 64.0
0.0 320.0 0.0243 0.0 64.0
0.0 310.0 0.0244 2.0 63.0
0.0 315.0 0.0244 2.0 63.0
0.0 315.0 0.0245 1.0 64.0
0.0 320.0 0.0245 1.0 64.0
0.0 320.0 0.0246 0.0 65.0
0.0 325.0 0.0246 0.0 65.0
0.0 325.0 0.0247 0.0 66.0
0.0 330.0 0.0247 0.0 66.0
0.0 300.0 0.0248 8.0 61.0
0.0 305.0 0.0248 8.0 61.0
0.0 305.0 0.0249 7.0 62.0
0.0 310.0 0.0249 7.0 62.0
0.0 310.0 0.0250 6.0 63.0
0.0 315.0 0.0250 6.0 63.0
0.0 315.0 0.0251 5.0 64.0
0.0 320.0 0.0251 5.0 64.0
0.0 320.0 0.0252 4.0 65.0
0.0 325.0 0.0252 4.0 65.0
0.0 325.0 0.0253 3.0 66.0
0.0 330.0 0.0253 3.0 66.0
0.0 330.0 0.0254 0.0 67.0
0.0 335.0 0.0254 0.0 67.0
0.0 335.0 0.0255 0.0 68.0
0.0 340.0 0.0255 0.0 68.0
0.0 330.0 0.0256 0.0 67.0
0.0 335.0 0.0256 0.0 67.0
0.0 335.0 0.0257 0.0 68.0
0.0 340.0 0.0257 0.0 68.0
0.0 330.0 0.0258 2.0 67.0
0.0 335.0 0.0258 2.0 67.0
0.0 335.0 0.0259 1.0 68.0
0.0 340.0 0.0259 1.0 68.0
0.0 340.0 0.0260 0.0 69.0
0.0 345.0 0.0260 0.0 69.0
0.0 345.0 0.0261 0.0 70.0
0.0 350.0 0.0261 0.0 70.0
0.0 280.0 0.0262 20.0 57.0
0.0 285.0 0.0262 20.0 57.0
0.0 285.0 0.0263 19.0 58.0
0.0 290.0 0.0263 19.0 58.0
0.0 290.0 0.0264 18.0 59.0
0.0 295.0 0.0264 18.0 59.0
0.0 295.0 0.0265 17.0 60.0
0.0 300.0 0.0265 17.0 60.0
0.0 300.0 0.0266 16.0 61.0
0.0 305.0 0.0266 16.0 61.0
0.0 305.0 0.0267 15.0 62.0
0.0 310.0 0.0267 15.0 62.0
0.0 310.0 0.0268 14.0 63.0
0.0 315.0 0.0268 14.0 63.0
0.0 315.0 0.0269 13.0 64.0
0.0 320.0 0.0269 13.0 64.0
0.0 320.0 0.0270 12.0 65.0
0.0 325.0 0.0270 12.0 65.0
0.0 325.0 0.0271 11.0 66.0
0.0 330.0 0.0271 11.0 66.0
0.0 330.0 0.0272 10.0 67.0
0.0 335.0 0.0272 10.0 67.0
0.0 335.0 0.0273 9.0 68.0
0.0 340.0 0.0273 9.0 68.0
0.0 340.0 0.0274 4.0 69.0
0.0 345.0 0.0274 4.0 69.0
0.0 345.0 0.0275 3.0 70.0
0.0 350.0 0.0275 3.0 70.0
0.0 350.0 0.0276 0.0 71.0
0.0 355.0 0.0276 0.0 71.0
0.0 355.0 0.0277 0.0 72.0
0.0 360.0 0.0277 0.0 72.0
0.0 350.0 0.0278 0.0 71.0
0.0 355.0 0.0278 0.0 71.0
0.0 355.0 0.0279 0.0 72.0
0.0 360.0 0.0279 0.0 72.0
0.0 350.0 0.0280 2.0 71.0
0.0 355.0 0.0280 2.0 71.0
0.0 355.0 0.0281 1.0 72.0
0.0 360.0 0.0281 1.0 72.0
0.0 360.0 0.0282 0.0 73.0
0.0 365.0 0.0282 0.0 73.0
0.0 365.0 0.0283 0.0 74.0
0.0 370.0 0.0283 0.0 74.0
0.0 340.0 0.0284 4.0 69.0
0.0 345.0 0.0284 4.0 69.0
0.0 345.0 0.0285 3.0 70.0
0.0 350.0 0.0285 3.0 70.0
0.0 350.0 0.0286 0.0 71.0
0.0 355.0 0.0286 0.0 71.0
0.0 355.0 0.0287 0.0 72.0
0.0 360.0 0.0287 0.0 72.0
0.0 350.0 0.0288 0.0 71.0
0.0 355.0 0.0288 0.0 71.0
0.0 355.0 0.0289 0.0 72.0
0.0 360.0 0.0289 0.0 72.0
0.0 350.0 0.0290 2.0 71.0
0.0 355.0 0.0290 2.0 71.0
0.0 355.0 0.0291 1.0 72.0
0.0 360.0 0.0291 1.0 72.0
0.0 360.0 0.0292 0.0 73.0
0.0 365.0 0.0292 0.0 73.0
0.0 365.0 0.0293 0.0 74.0
0.0 370.0 0.0293 0.0 74.0
0.0 340.0 0.0294 8.0 69.0
0.0 345.0 0.0294 8.0 69.0
0.0 345.0 0.0295 7.0 70.0
0.0 350.0 0.0295 7.0 70.0
0.0 350.0 0.0296 6.0 71.0
0.0 355.0 0.0296 6.0 71.0
0.0 355.0 0.0297 5.0 72.0
0.0 360.0 0.0297 5.0 72.0
0.0 360.0 0.0298 4.0 73.0
0.0 365.0 0.0298 4.0 73.0
0.0 365.0 0.0299 3.0 74.0
0.0 370.0 0.0299 3.0 74.0
0.0 370.0 0.0300 0.0 75.0
0.0 375.0 0.0300 0.0 75.0
0.0 375.0 0.0301 0.0 76.0
0.0 380.0 0.0301 0.0 76.0
0.0 370.0 0.0302 0.0 75.0
0.0 375.0 0.0302 0.0 75.0
0.0 375.0 0.0303 0.0 76.0
0.0 380.0 0.0303 0.0 76.0
0.0 370.0 0.0304 2.0 75.0
0.0 375.0 0.0304 2.0 75.0
0.0 375.0 0.0305 1.0 76.0
0.0 380.0 0.0305 1.0 76.0
0.0 380.0 0.0306 0.0 77.0
0.0 385.0 0.0306 0.0 77.0
0.0 385.0 0.0307 0.0 78.0
0.0 390.0 0.0307 0.0 78.0
0.0 240.0 0.0308 44.0 49.0
0.0 245.0 0.0308 44.0 49.0
0.0 245.0 0.0309 43.0 50.0
0.0 250.0 0.0309 43.0 50.0
0.0 250.0 0.0310 42.0 51.0
0.0 255.0 0.0310 42.0 51.0
0.0 255.0 0.0311 41.0 52.0
0.0 260.0 0.0311 41.0 52.0
0.0 260.0 0.0312 40.0 53.0
0.0 265.0 0.0312 40.0 53.0
0.0 265.0 0.0313 39.0 54.0
0.0 270.0 0.0313 39.0 54.0
0.0 270.0 0.0314 38.0 55.0
0.0 275.0 0.0314 38.0 55.0
0.0 275.0 0.0315 37.0 56.0
0.0 280.0 0.0315 37.0 56.0
0.0 280.0 0.0316 36.0 57.0
0.0 285.0 0.0316 36.0 57.0
0.0 285.0 0.0317 35.0 58.0
0.0 290.0 0.0317 35.0 58.0
0.0 290.0 0.0318 34.0 59.0
0.0 295.0 0.0318 34.0 59.0
0.0 295.0 0.0319 33.0 60.0
0.0 300.0 0.0319 33.0 60.0
0.0 300.0 0.0320 32.0 61.0
0.0 305.0 0.0320 32.0 61.0
0.0 305.0 0.0321 31.0 62.0
0.0 310.0 0.0321 31.0 62.0
0.0 310.0 0.0322 30.0 63.0
0.0 315.0 0.0322 30.0 63.0
0.0 315.0 0.0323 29.0 64.0
0.0 320.0 0.0323 29.0 64.0
0.0 320.0 0.0324 28.0 65.0
0.0 325.0 0.0324 28.0 65.0
0.0 325.0 0.0325 27.0 66.0
0.0 330.0 0.0325 27.0 66.0
0.0 330.0 0.0326 26.0 67.0
0.0 335.0 0.0326 26.0 67.0
0.0 335.0 0.0327 25.0 68.0
0.0 340.0 0.0327 25.0 68.0
0.0 340.0 0.0328 24.0 69.0
0.0 345.0 0.0328 24.0 69.0
0.0 345.0 0.0329 23.0 70.0
0.0 350.0 0.0329 23.0 70.0
0.0 350.0 0.0330 22.0 71.0
0.0 355.0 0.0330 22.0 71.0
0.0 355.0 0.0331 21.0 72.0
0.0 360.0 0.0331 21.0 72.0
0.0 360.0 0.0332 12.0 73.0
0.0 365.0 0.0332 12.0 73.0
0.0 365.0 0.0333 11.0 74.0
0.0 370.0 0.0333 11.0 74.0
0.0 370.0 0.0334 10.0 75.0
0.0 375.0 0.0334 10.0 75.0
0.0 375.0 0.0335 9.0 76.0
0.0 380.0 0.0335 9.0 76.0
0.0 380.0 0.0336 4.0 77.0
0.0 385.0 0.0336 4.0 77.0
0.0 385.0 0.0337 3.0 78.0
0.0 390.0 0.0337 3.0 78.0
0.0 390.0 0.0338 0.0 79.0
0.0 395.0 0.0338 0.0 79.0
0.0 395.0 0.0339 0.0 80.0
0.0 400.0 0.0339 0.0 80.0
0.0 390.0 0.0340 0.0 79.0
0.0 395.0 0.0340 0.0 79.0
0.0 395.0 0.0341 0.0 80.0
0.0 400.0 0.0341 0.0 80.0
0.0 390.0 0.0342 2.0 79.0
0.0 395.0 0.0342 2.0 79.0
0.0 395.0 0.0343 1.0 80.0
0.0 400.0 0.0343 1.0 80.0
0.0 400.0 0.0344 0.0 81.0
0.0 405.0 0.0344 0.0 81.0
0.0 405.0 0.0345 0.0 82.0
0.0 410.0 0.0345 0.0 82.0
0.0 380.0 0.0346 4.0 77.0
0.0 385.0 0.0346 4.0 77.0
0.0 385.0 0.0347 3.0 78.0
0.0 390.0 0.0347 3.0 78.0
0.0 390.0 0.0348 0.0 79.0
0.0 395.0 0.0348 0.0 79.0
0.0 395.0 0.0349 0.0 80.0
0.0 400.0 0.0349 0.0 80.0
0.0 390.0 0.0350 0.0 79.0
0.0 395.0 0.0350 0.0 79.0
0.0 395.0 0.0351 0.0 80.0
0.0 400.0 0.0351 0.0 80.0
0.0 390.0 0.0352 2.0 79.0
0.0 395.0 0.0352 2.0 79.0
0.0 395.0 0.0353 1.0 80.0
0.0 400.0 0.0353 1.0 80.0
0.0 400.0 0.0354 0.0 81.0
0.0 405.0 0.0354 0.0 81.0
0.0 405.0 0.0355 0.0 82.0
0.0 410.0 0.0355 0.0 82.0
0.0 380.0 0.0356 8.0 77.0
0.0 385.0 0.0356 8.0 77.0
0.0 385.0 0.0357 7.0 78.0
0.0 390.0 0.0357 7.0 78.0
0.0 390.0 0.0358 6.0 79.0
0.0 395.0 0.0358 6.0 79.0
0.0 395.0 0.0359 5.0 80.0
0.0 400.0 0.0359 5.0 80.0
0.0 400.0 0.0360 4.0 81.0
0.0 405.0 0.0360 4.0 81.0
0.0 405.0 0.0361 3.0 82.0
0.0 410.0 0.0361 3.0 82.0
0.0 410.0 0.0362 0.0 83.0
0.0 415.0 0.0362 0.0 83.0
0.0 415.0 0.0363 0.0 84.0
0.0 420.0 0.0363 0.0 84.0
0.0 410.0 0.0364 0.0 83.0
0.0 415.0 0.0364 0.0 83.0
0.0 415.0 0.0365 0.0 84.0
0.0 420.0 0.0365 0.0 84.0
0.0 410.0 0.0366 2.0 83.0
0.0 415.0 0.0366 2.0 83.0
0.0 415.0 0.0367 1.0 84.0
0.0 420.0 0.0367 1.0 84.0
0.0 420.0 0.0368 0.0 85.0
0.0 425.0 0.0368 0.0 85.0
0.0 425.0 0.0369 0.0 86.0
0.0 430.0 0.0369 0.0 86.0
0.0 360.0 0.0370 12.0 73.0
0.0 365.0 0.0370 12.0 73.0
0.0 365.0 0.0371 11.0 74.0
0.0 370.0 0.0371 11.0 74.0
0.0 370.0 0.0372 10.0 75.0
0.0 375.0 0.0372 10.0 75.0
0.0 375.0 0.0373 9.0 76.0
0.0 380.0 0.0373 9.0 76.0
0.0 380.0 0.0374 4.0 77.0
0.0 385.0 0.0374 4.0 77.0
0.0 385.0 0.0375 3.0 78.0
0.0 390.0 0.0375 3.0 78.0
0.0 390.0 0.0376 0.0 79.0
0.0 395.0 0.0376 0.0 79.0
0.0 395.0 0.0377 0.0 80.0
0.0 400.0 0.0377 0.0 80.0
0.0 390.0 0.0378 0.0 79.0
0.0 395.0 0.0378 0.0 79.0
0.0 395.0 0.0379 0.0 80.0
0.0 400.0 0.0379 0.0 80.0
0.0 390.0 0.0380 2.0 79.0
0.0 395.0 0.0380 2.0 79.0
0.0 395.0 0.0381 1.0 80.0
0.0 400.0 0.0381 1.0 80.0
0.0 400.0 0.0382 0.0 81.0
0.0 405.0 0.0382 0.0 81.0
0.0 405.0 0.0383 0.0 82.0
0.0 410.0 0.0383 0.0 82.0
0.0 380.0 0.0384 4.0 77.0
0.0 385.0 0.0384 4.0 77.0
0.0 385.0 0.0385 3.0 78.0
0.0 390.0 0.0385 3.0 78.0
0.0 390.0 0.0386 0.0 79.0
0.0 395.0 0.0386 0.0 79.0
0.0 395.0 0.0387 0.0 80.0
0.0 400.0 0.0387 0.0 80.0
0.0 390.0 0.0388 0.0 79.0
0.0 395.0 0.0388 0.0 79.0
0.0 395.0 0.0389 0.0 80.0
0.0 400.0 0.0389 0.0 80.0
0.0 390.0 0.0390 2.0 79.0
0.0 395.0 0.0390 2.0 79.0
0.0 395.0 0.0391 1.0 80.0
0.0 400.0 0.0391 1.0 80.0
0.0 400.0 0.0392 0.0 81.0
0.0 405.0 0.0392 0.0 81.0
0.0 405.0 0.0393 0.0 82.0
0.0 410.0 0.0393 0.0 82.0
0.0 380.0 0.0394 8.0 77.0
0.0 385.0 0.0394 8.0 77.0
0.0 385.0 0.0395 7.0 78.0
0.0 390.0 0.0395 7.0 78.0
0.0 390.0 0.0396 6.0 79.0
0.0 395.0 0.0396 6.0 79.0
0.0 395.0 0.0397 5.0 80.0
0.0 400.0 0.0397 5.0 80.0
0.0 400.0 0.0398 4.0 81.0
0.0 405.0 0.0398 4.0 81.0
0.0 405.0 0.0399 3.0 82.0
0.0 410.0 0.0399 3.0 82.0
0.0 410.0 0.0400 0.0 83.0
0.0 415.0 0.0400 0.0 83.0
0.0 415.0 0.0401 0.0 84.0
0.0 420.0 0.0401 0.0 84.0
0.0 410.0 0.0402 0.0 83.0
0.0 415.0 0.0402 0.0 83.0
0.0 415.0 0.0403 0.0 84.0
0.0 420.0 0.0403 0.0 84.0
0.0 410.0 0.0404 2.0 83.0
0.0 415.0 0.0404 2.0 83.0
0.0 415.0 0.0405 1.0 84.0
0.0 420.0 0.0405 1.0 84.0
0.0 420.0 0.0406 0.0 85.0
0.0 425.0 0.0406 0.0 85.0
0.0 425.0 0.0407 0.0 86.0
0.0 430.0 0.0407 0.0 86.0
0.0 360.0 0.0408 20.0 73.0
0.0 365.0 0.0408 20.0 73.0
0.0 365.0 0.0409 19.0 74.0
0.0 370.0 0.0409 19.0 74.0
0.0 370.0 0.0410 18.0 75.0
0.0 375.0 0.0410 18.0 75.0
0.0 375.0 0.0411 17.0 76.0
0.0 380.0 0.0411 17.0 76.0
0.0 380.0 0.0412 16.0 77.0
0.0 385.0 0.0412 16.0 77.0
0.0 385.0 0.0413 15.0 78.0
0.0 390.0 0.0413 15.0 78.0
0.0 390.0 0.0414 14.0 79.0
0.0 395.0 0.0414 14.0 79.0
0.0 395.0 0.0415 13.0 80.0
0.0 400.0 0.0415 13.0 80.0
0.0 400.0 0.0416 12.0 81.0
0.0 405.0 0.0416 12.0 81.0
0.0 405.0 0.0417 11.0 82.0
0.0 410.0 0.0417 11.0 82.0
0.0 410.0 0.0418 10.0 83.0
0.0 415.0 0.0418 10.0 83.0
0.0 415.0 0.0419 9.0 84.0
0.0 420.0 0.0419 9.0 84.0
0.0 420.0 0.0420 4.0 85.0
0.0 425.0 0.0420 4.0 85.0
0.0 425.0 0.0421 3.0 86.0
0.0 430.0 0.0421 3.0 86.0
0.0 430.0 0.0422 0.0 87.0
0.0 435.0 0.0422 0.0 87.0
0.0 435.0 0.0423 0.0 88.0
0.0 440.0 0.0423 0.0 88.0
0.0 430.0 0.0424 0.0 87.0
0.0 435.0 0.0424 0.0 87.0
0.0 435.0 0.0425 0.0 88.0
0.0 440.0 0.0425 0.0 88.0
0.0 430.0 0.0426 2.0 87.0
0.0 435.0 0.0426 2.0 87.0
0.0 435.0 0.0427 1.0 88.0
0.0 440.0 0.0427 1.0 88.0
0.0 440.0 0.0428 0.0 89.0
0.0 445.0 0.0428 0.0 89.0
0.0 445.0 0.0429 0.0 90.0
0.0 450.0 0.0429 0.0 90.0
0.0 420.0 0.0430 4.0 85.0
0.0 425.0 0.0430 4.0 85.0
0.0 425.0 0.0431 3.0 86.0
0.0 430.0 0.0431 3.0 86.0
0.0 430.0 0.0432 0.0 87.0
0.0 435.0 0.0432 0.0 87.0
0.0 435.0 0.0433 0.0 88.0
0.0 440.0 0.0433 0.0 88.0
0.0 430.0 0.0434 0.0 87.0
0.0 435.0 0.0434 0.0 87.0
0.0 435.0 0.0435 0.0 88.0
0.0 440.0 0.0435 0.0 88.0
0.0 430.0 0.0436 2.0 87.0
0.0 435.0 0.0436 2.0 87.0
0.0 435.0 0.0437 1.0 88.0
0.0 440.0 0.0437 1.0 88.0
0.0 440.0 0.0438 0.0 89.0
0.0 445.0 0.0438 0.0 89.0
0.0 445.0 0.0439 0.0 90.0
0.0 450.0 0.0439 0.0 90.0
0.0 420.0 0.0440 8.0 85.0
0.0 425.0 0.0440 8.0 85.0
0.0 425.0 0.0441 7.0 86.0
0.0 430.0 0.0441 7.0 86.0
0.0 430.0 0.0442 6.0 87.0
0.0 435.0 0.0442 6.0 87.0
0.0 435.0 0.0443 5.0 88.0
0.0 440.0 0.0443 5.0 88.0
0.0 440.0 0.0444 4.0 89.0
0.0 445.0 0.0444 4.0 89.0
0.0 445.0 0.0445 3.0 90.0
0.0 450.0 0.0445 3.0 90.0
0.0 450.0 0.0446 0.0 91.0
0.0 455.0 0.0446 0.0 91.0
0.0 455.0 0.0447 0.0 92.0
0.0 460.0 0.0447 0.0 92.0
0.0 450.0 0.0448 0.0 91.0
0.0 455.0 0.0448 0.0 91.0
0.0 455.0 0.0449 0.0 92.0
0.0 460.0 0.0449 0.0 92.0
0.0 450.0 0.0450 2.0 91.0
0.0 455.0 0.0450 2.0 91.0
0.0 455.0 0.0451 1.0 92.0
0.0 460.0 0.0451 1.0 92.0
0.0 460.0 0.0452 0.0 93.0
0.0 465.0 0.0452 0.0 93.0
0.0 465.0 0.0453 0.0 94.0
0.0 470.0 0.0453 0.0 94.0
0.0 160.0 0.0454 60.0 33.0
0.0 165.0 0.0454 60.0 33.0
0.0 165.0 0.0455 59.0 34.0
0.0 170.0 0.0455 59.0 34.0
0.0 170.0 0.0456 58.0 35.0
0.0 175.0 0.0456 58.0 35.0
0.0 175.0 0.0457 57.0 36.0
0.0 180.0 0.0457 57.0 36.0
0.0 180.0 0.0458 56.0 37.0
0.0 185.0 0.0458 56.0 37.0
0.0 185.0 0.0459 55.0 38.0
0.0 190.0 0.0459 55.0 38.0
0.0 190.0 0.0460 54.0 39.0
0.0 195.0 0.0460 54.0 39.0
0.0 195.0 0.0461 53.0 40.0
0.0 200.0 0.0461 53.0 40.0
0.0 200.0 0.0462 52.0 41.0
0.0 205.0 0.0462 52.0 41.0
0.0 205.0 0.0463 51.0 42.0
0.0 210.0 0.0463 51.0 42.0
0.0 210.0 0.0464 50.0 43.0
0.0 215.0 0.0464 50.0 43.0
0.0 215.0 0.0465 49.0 44.0
0.0 220.0 0.0465 49.0 44.0
0.0 220.0 0.0466 48.0 45.0
0.0 225.0 0.0466 48.0 45.0
0.0 225.0 0.0467 47.0 46.0
0.0 230.0 0.0467 47.0 46.0
0.0 230.0 0.0468 46.0 47.0
0.0 235.0 0.0468 46.0 47.0
0.0 235.0 0.0469 45.0 48.0
0.0 240.0 0.0469 45.0 48.0
0.0 240.0 0.0470 28.0 49.0
0.0 245.0 0.0470 28.0 49.0
0.0 245.0 0.0471 27.0 50.0
0.0 250.0 0.0471 27.0 50.0
0.0 250.0 0.0472 26.0 51.0
0.0 255.0 0.0472 26.0 51.0
0.0 255.0 0.0473 25.0 52.0
0.0 260.0 0.0473 25.0 52.0
0.0 260.0 0.0474 24.0 53.0
0.0 265.0 0.0474 24.0 53.0
0.0 265.0 0.0475 23.0 54.0
0.0 270.0 0.0475 23.0 54.0
0.0 270.0 0.0476 22.0 55.0
0.0 275.0 0.0476 22.0 55.0
0.0 275.0 0.0477 21.0 56.0
0.0 280.0 0.0477 21.0 56.0
0.0 280.0 0.0478 12.0 57.0
0.0 285.0 0.0478 12.0 57.0
0.0 285.0 0.0479 11.0 58.0
0.0 290.0 0.0479 11.0 58.0
0.0 290.0 0.0480 10.0 59.0
0.0 295.0 0.0480 10.0 59.0
0.0 295.0 0.0481 9.0 60.0
0.0 300.0 0.0481 9.0 60.0
0.0 300.0 0.0482 4.0 61.0
0.0 305.0 0.0482 4.0 61.0
0.0 305.0 0.0483 3.0 62.0
0.0 310.0 0.0483 3.0 62.0
0.0 310.0 0.0484 0.0 63.0
0.0 315.0 0.0484 0.0 63.0
0.0 315.0 0.0485 0.0 64.0
0.0 320.0 0.0485 0.0 64.0
0.0 310.0 0.0486 0.0 63.0
0.0 315.0 0.0486 0.0 63.0
0.0 315.0 0.0487 0.0 64.0
0.0 320.0 0.0487 0.0 64.0
0.0 310.0 0.0488 2.0 63.0
0.0 315.0 0.0488 2.0 63.0
0.0 315.0 0.0489 1.0 64.0
0.0 320.0 0.0489 1.0 64.0
0.0 320.0 0.0490 0.0 65.0
0.0 325.0 0.0490 0.0 65.0
0.0 325.0 0.0491 0.0 66.0
0.0 330.0 0.0491 0.0 66.0
0.0 300.0 0.0492 4.0 61.0
0.0 305.0 0.0492 4.0 61.0
0.0 305.0 0.0493 3.0 62.0
0.0 310.0 0.0493 3.0 62.0
0.0 310.0 0.0494 0.0 63.0
0.0 315.0 0.0494 0.0 63.0
0.0 315.0 0.0495 0.0 64.0
0.0 320.0 0.0495 0.0 64.0
0.0 310.0 0.0496 0.0 63.0
0.0 315.0 0.0496 0.0 63.0
0.0 315.0 0.0497 0.0 64.0
0.0 320.0 0.0497 0.0 64.0
0.0 310.0 0.0498 2.0 63.0
0.0 315.0 0.0498 2.0 63.0
0.0 315.0 0.0499 1.0 64.0
0.0 320.0 0.0499 1.0 64.0
0.0 320.0 0.0500 0.0 65.0
0.0 325.0 0.0500 0.0 65.0
0.0 325.0 0.0501 0.0 66.0
0.0 330.0 0.0501 0.0 66.0
0.0 300.0 0.0502 8.0 61.0
0.0 305.0 0.0502 8.0 61.0
0.0 305.0 0.0503 7.0 62.0
0.0 310.0 0.0503 7.0 62.0
0.0 310.0 0.0504 6.0 63.0
0.0 315.0 0.0504 6.0 63.0
0.0 315.0 0.0505 5.0 64.0
0.0 320.0 0.0505 5.0 64.0
0.0 320.0 0.0506 4.0 65.0
0.0 325.0 0.0506 4.0 65.0
0.0 325.0 0.0507 3.0 66.0
0.0 330.0 0.0507 3.0 66.0
0.0 330.0 0.0508 0.0 67.0
0.0 335.0 0.0508 0.0 67.0
0.0 335.0 0.0509 0.0 68.0
0.0 340.0 0.0509 0.0 68.0
0.0 330.0 0.0510 0.0 67.0
0.0 335.0 0.0510 0.0 67.0
0.0 335.0 0.0511 0.0 68.0
0.0 340.0 0.0511 0.0 68.0
0.0 330.0 0.0512 2.0 67.0
0.0 335.0 0.0512 2.0 67.0
0.0 335.0 0.0513 1.0 68.0
0.0 340.0 0.0513 1.0 68.0
0.0 340.0 0.0514 0.0 69.0
0.0 345.0 0.0514 0.0 69.0
0.0 345.0 0.0515 0.0 70.0
0.0 350.0 0.0515 0.0 70.0
0.0 280.0 0.0516 12.0 57.0
0.0 285.0 0.0516 12.0 57.0
0.0 285.0 0.0517 11.0 58.0
0.0 290.0 0.0517 11.0 58.0
0.0 290.0 0.0518 10.0 59.0
0.0 295.0 0.0518 10.0 59.0
0.0 295.0 0.0519 9.0 60.0
0.0 300.0 0.0519 9.0 60.0
0.0 300.0 0.0520 4.0 61.0
0.0 305.0 0.0520 4.0 61.0
0.0 305.0 0.0521 3.0 62.0
0.0 310.0 0.0521 3.0 62.0
0.0 310.0 0.0522 0.0 63.0
0.0 315.0 0.0522 0.0 63.0
0.0 315.0 0.0523 0.0 64.0
0.0 320.0 0.0523 0.0 64.0
0.0 310.0 0.0524 0.0 63.0
0.0 315.0 0.0524 0.0 63.0
0.0 315.0 0.0525 0.0 64.0
0.0 320.0 0.0525 0.0 64.0
0.0 310.0 0.0526 2.0 63.0
0.0 315.0 0.0526 2.0 63.0
0.0 315.0 0.0527 1.0 64.0
0.0 320.0 0.0527 1.0 64.0
0.0 320.0 0.0528 0.0 65.0
0.0 325.0 0.0528 0.0 65.0
0.0 325.0 0.0529 0.0 66.0
0.0 330.0 0.0529 0.0 66.0
0.0 300.0 0.0530 4.0 61.0
0.0 305.0 0.0530 4.0 61.0
0.0 305.0 0.0531 3.0 62.0
0.0 310.0 0.0531 3.0 62.0
0.0 310.0 0.0532 0.0 63.0
0.0 315.0 0.0532 0.0 63.0
0.0 315.0 0.0533 0.0 64.0
0.0 320.0 0.0533 0.0 64.0
0.0 310.0 0.0534 0.0 63.0
0.0 315.0 0.0534 0.0 63.0
0.0 315.0 0.0535 0.0 64.0
0.0 320.0 0.0535 0.0 64.0
0.0 310.0 0.0536 2.0 63.0
0.0 315.0 0.0536 2.0 63.0
0.0 315.0 0.0537 1.0 64.0
0.0 320.0 0.0537 1.0 64.0
0.0 320.0 0.0538 0.0 65.0
0.0 325.0 0.0538 0.0 65.0
0.0 325.0 0.0539 0.0 66.0
0.0 330.0 0.0539 0.0 66.0
0.0 300.0 0.0540 8.0 61.0
0.0 305.0 0.0540 8.0 61.0
0.0 305.0 0.0541 7.0 62.0
0.0 310.0 0.0541 7.0 62.0
0.0 310.0 0.0542 6.0 63.0
0.0 315.0 0.0542 6.0 63.0
0.0 315.0 0.0543 5.0 64.0
0.0 320.0 0.0543 5.0 64.0
0.0 320.0 0.0544 4.0 65.0
0.0 325.0 0.0544 4.0 65.0
0.0 325.0 0.0545 3.0 66.0
0.0 330.0 0.0545 3.0 66.0
0.0 330.0 0.0546 0.0 67.0
0.0 335.0 0.0546 0.0 67.0
0.0 335.0 0.0547 0.0 68.0
0.0 340.0 0.0547 0.0 68.0
0.0 330.0 0.0548 0.0 67.0
0.0 335.0 0.0548 0.0 67.0
0.0 335.0 0.0549 0.0 68.0
0.0 340.0 0.0549 0.0 68.0
0.0 330.0 0.0550 2.0 67.0
0.0 335.0 0.0550 2.0 67.0
0.0 335.0 0.0551 1.0 68.0
0.0 340.0 0.0551 1.0 68.0
0.0 340.0 0.0552 0.0 69.0
0.0 345.0 0.0552 0.0 69.0
0.0 345.0 0.0553 0.0 70.0
0.0 350.0 0.0553 0.0 70.0
0.0 280.0 0.0554 20.0 57.0
0.0 285.0 0.0554 20.0 57.0
0.0 285.0 0.0555 19.0 58.0
0.0 290.0 0.0555 19.0 58.0
0.0 290.0 0.0556 18.0 59.0
0.0 295.0 0.0556 18.0 59.0
0.0 295.0 0.0557 17.0 60.0
0.0 300.0 0.0557 17.0 60.0
0.0 300.0 0.0558 16.0 61.0
0.0 305.0 0.0558 16.0 61.0
0.0 305.0 0.0559 15.0 62.0
0.0 310.0 0.0559 15.0 62.0
0.0 310.0 0.0560 14.0 63.0
0.0 315.0 0.0560 14.0 63.0
0.0 315.0 0.0561 13.0 64.0
0.0 320.0 0.0561 13.0 64.0
0.0 320.0 0.0562 12.0 65.0
0.0 325.0 0.0562 12.0 65.0
0.0 325.0 0.0563 11.0 66.0
0.0 330.0 0.0563 11.0 66.0
0.0 330.0 0.0564 10.0 67.0
0.0 335.0 0.0564 10.0 67.0
0.0 335.0 0.0565 9.0 68.0
0.0 340.0 0.0565 9.0 68.0
0.0 340.0 0.0566 4.0 69.0
0.0 345.0 0.0566 4.0 69.0
0.0 345.0 0.0567 3.0 70.0
0.0 350.0 0.0567 3.0 70.0
0.0 350.0 0.0568 0.0 71.0
0.0 355.0 0.0568 0.0 71.0
0.0 355.0 0.0569 0.0 72.0
0.0 360.0 0.0569 0.0 72.0
0.0 350.0 0.0570 0.0 71.0
0.0 355.0 0.0570 0.0 71.0
0.0 355.0 0.0571 0.0 72.0
0.0 360.0 0.0571 0.0 72.0
0.0 350.0 0.0572 2.0 71.0
0.0 355.0 0.0572 2.0 71.0
0.0 355.0 0.0573 1.0 72.0
0.0 360.0 0.0573 1.0 72.0
0.0 360.0 0.0574 0.0 73.0
0.0 365.0 0.0574 0.0 73.0
0.0 365.0 0.0575 0.0 74.0
0.0 370.0 0.0575 0.0 74.0
0.0 340.0 0.0576 4.0 69.0
0.0 345.0 0.0576 4.0 69.0
0.0 345.0 0.0577 3.0 70.0
0.0 350.0 0.0577 3.0 70.0
0.0 350.0 0.0578 0.0 71.0
0.0 355.0 0.0578 0.0 71.0
0.0 355.0 0.0579 0.0 72.0
0.0 360.0 0.0579 0.0 72.0
0.0 350.0 0.0580 0.0 71.0
0.0 355.0 0.0580 0.0 71.0
0.0 355.0 0.0581 0.0 72.0
0.0 360.0 0.0581 0.0 72.0
0.0 350.0 0.0582 2.0 71.0
0.0 355.0 0.0582 2.0 71.0
0.0 355.0 0.0583 1.0 72.0
0.0 360.0 0.0583 1.0 72.0
0.0 360.0 0.0584 0.0 73.0
0.0 365.0 0.0584 0.0 73.0
0.0 365.0 0.0585 0.0 74.0
0.0 370.0 0.0585 0.0 74.0
0.0 340.0 0.0586 8.0 69.0
0.0 345.0 0.0586 8.0 69.0
0.0 345.0 0.0587 7.0 70.0
0.0 350.0 0.0587 7.0 70.0
0.0 350.0 0.0588 6.0 71.0
0.0 355.0 0.0588 6.0 71.0
0.0 355.0 0.0589 5.0 72.0
0.0 360.0 0.0589 5.0 72.0
0.0 360.0 0.0590 4.0 73.0
0.0 365.0 0.0590 4.0 73.0
0.0 365.0 0.0591 3.0 74.0
0.0 370.0 0.0591 3.0 74.0
0.0 370.0 0.0592 0.0 75.0
0.0 375.0 0.0592 0.0 75.0
0.0 375.0 0.0593 0.0 76.0
0.0 380.0 0.0593 0.0 76.0
0.0 370.0 0.0594 0.0 75.0
0.0 375.0 0.0594 0.0 75.0
0.0 375.0 0.0595 0.0 76.0
0.0 380.0 0.0595 0.0 76.0
0.0 370.0 0.0596 2.0 75.0
0.0 375.0 0.0596 2.0 75.0
0.0 375.0 0.0597 1.0 76.0
0.0 380.0 0.0597 1.0 76.0
0.0 380.0 0.0598 0.0 77.0
0.0 385.0 0.0598 0.0 77.0
0.0 385.0 0.0599 0.0 78.0
0.0 390.0 0.0599 0.0 78.0
0.0 240.0 0.0600 28.0 49.0
0.0 245.0 0.0600 28.0 49.0
0.0 245.0 0.0601 27.0 50.0
0.0 250.0 0.0601 27.0 50.0
0.0 250.0 0.0602 26.0 51.0
0.0 255.0 0.0602 26.0 51.0
0.0 255.0 0.0603 25.0 52.0
0.0 260.0 0.0603 25.0 52.0
0.0 260.0 0.0604 24.0 53.0
0.0 265.0 0.0604 24.0 53.0
0.0 265.0 0.0605 23.0 54.0
0.0 270.0 0.0605 23.0 54.0
0.0 270.0 0.0606 22.0 55.0
0.0 275.0 0.0606 22.0 55.0
0.0 275.0 0.0607 21.0 56.0
0.0 280.0 0.0607 21.0 56.0
0.0 280.0 0.0608 12.0 57.0
0.0 285.0 0.0608 12.0 57.0
0.0 285.0 0.0609 11.0 58.0
0.0 290.0 0.0609 11.0 58.0
0.0 290.0 0.0610 10.0 59.0
0.0 295.0 0.0610 10.0 59.0
0.0 295.0 0.0611 9.0 60.0
0.0 300.0 0.0611 9.0 60.0
0.0 300.0 0.0612 4.0 61.0
0.0 305.0 0.0612 4.0 61.0
0.0 305.0 0.0613 3.0 62.0
0.0 310.0 0.0613 3.0 62.0
0.0 310.0 0.0614 0.0 63.0
0.0 315.0 0.0614 0.0 63.0
0.0 315.0 0.0615 0.0 64.0
0.0 320.0 0.0615 0.0 64.0
0.0 310.0 0.0616 0.0 63.0
0.0 315.0 0.0616 0.0 63.0
0.0 315.0 0.0617 0.0 64.0
0.0 320.0 0.0617 0.0 64.0
0.0 310.0 0.0618 2.0 63.0
0.0 315.0 0.0618 2.0 63.0
0.0 315.0 0.0619 1.0 64.0
0.0 320.0 0.0619 1.0 64.0
0.0 320.0 0.0620 0.0 65.0
0.0 325.0 0.0620 0.0 65.0
0.0 325.0 0.0621 0.0 66.0
0.0 330.0 0.0621 0.0 66.0
0.0 300.0 0.0622 4.0 61.0
0.0 305.0 0.0622 4.0 61.0
0.0 305.0 0.0623 3.0 62.0
0.0 310.0 0.0623 3.0 62.0
0.0 310.0 0.0624 0.0 63.0
0.0 315.0 0.0624 0.0 63.0
0.0 315.0 0.0625 0.0 64.0
0.0 320.0 0.0625 0.0 64.0
0.0 310.0 0.0626 0.0 63.0
0.0 315.0 0.0626 0.0 63.0
0.0 315.0 0.0627 0.0 64.0
0.0 320.0 0.0627 0.0 64.0
0.0 310.0 0.0628 2.0 63.0
0.0 315.0 0.0628 2.0 63.0
0.0 315.0 0.0629 1.0 64.0
0.0 320.0 0.0629 1.0 64.0
0.0 320.0 0.0630 0.0 65.0
0.0 325.0 0.0630 0.0 65.0
0.0 325.0 0.0631 0.0 66.0
0.0 330.0 0.0631 0.0 66.0
0.0 300.0 0.0632 8.0 61.0
0.0 305.0 0.0632 8.0 61.0
0.0 305.0 0.0633 7.0 62.0
0.0 310.0 0.0633 7.0 62.0
0.0 310.0 0.0634 6.0 63.0
0.0 315.0 0.0634 6.0 63.0
0.0 315.0 0.0635 5.0 64.0
0.0 320.0 0.0635 5.0 64.0
0.0 320.0 0.0636 4.0 65.0
0.0 325.0 0.0636 4.0 65.0
0.0 325.0 0.0637 3.0 66.0
0.0 330.0 0.0637 3.0 66.0
0.0 330.0 0.0638 0.0 67.0
0.0 335.0 0.0638 0.0 67.0
0.0 335.0 0.0639 0.0 68.0
0.0 340.0 0.0639 0.0 68.0
0.0 330.0 0.0640 0.0 67.0
0.0 335.0 0.0640 0.0 67.0
0.0 335.0 0.0641 0.0 68.0
0.0 340.0 0.0641 0.0 68.0
0.0 330.0 0.0642 2.0 67.0
0.0 335.0 0.0642 2.0 67.0
0.0 335.0 0.0643 1.0 68.0
0.0 340.0 0.0643 1.0 68.0
0.0 340.0 0.0644 0.0 69.0
0.0 345.0 0.0644 0.0 69.0
0.0 345.0 0.0645 0.0 70.0
0.0 350.0 0.0645 0.0 70.0
0.0 280.0 0.0646 12.0 57.0
0.0 285.0 0.0646 12.0 57.0
0.0 285.0 0.0647 11.0 58.0
0.0 290.0 0.0647 11.0 58.0
0.0 290.0 0.0648 10.0 59.0
0.0 295.0 0.0648 10.0 59.0
0.0 295.0 0.0649 9.0 60.0
0.0 300.0 0.0649 9.0 60.0
0.0 300.0 0.0650 4.0 61.0
0.0 305.0 0.0650 4.0 61.0
0.0 305.0 0.0651 3.0 62.0
0.0 310.0 0.0651 3.0 62.0
0.0 310.0 0.0652 0.0 63.0
0.0 315.0 0.0652 0.0 63.0
0.0 315.0 0.0653 0.0 64.0
0.0 320.0 0.0653 0.0 64.0
0.0 310.0 0.0654 0.0 63.0
0.0 315.0 0.0654 0.0 63.0
0.0 315.0 0.0655 0.0 64.0
0.0 320.0 0.0655 0.0 64.0
0.0 310.0 0.0656 2.0 63.0
0.0 315.0 0.0656 2.0 63.0
0.0 315.0 0.0657 1.0 64.0
0.0 320.0 0.0657 1.0 64.0
0.0 320.0 0.0658 0.0 65.0
0.0 325.0 0.0658 0.0 65.0
0.0 325.0 0.0659 0.0 66.0
0.0 330.0 0.0659 0.0 66.0
0.0 300.0 0.0660 4.0 61.0
0.0 305.0 0.0660 4.0 61.0
0.0 305.0 0.0661 3.0 62.0
0.0 310.0 0.0661 3.0 62.0
0.0 310.0 0.0662 0.0 63.0
0.0 315.0 0.0662 0.0 63.0
0.0 315.0 0.0663 0.0 64.0
0.0 320.0 0.0663 0.0 64.0
0.0 310.0 0.0664 0.0 63.0
0.0 315.0 0.0664 0.0 63.0
0.0 315.0 0.0665 0.0 64.0
0.0 320.0 0.0665 0.0 64.0
0.0 310.0 0.0666 2.0 63.0
0.0 315.0 0.0666 2.0 63.0
0.0 315.0 0.0667 1.0 64.0
0.0 320.0 0.0667 1.0 64.0
0.0 320.0 0.0668 0.0 65.0
0.0 325.0 0.0668 0.0 65.0
0.0 325.0 0.0669 0.0 66.0
0.0 330.0 0.0669 0.0 66.0
0.0 300.0 0.0670 8.0 61.0
0.0 305.0 0.0670 8.0 61.0
0.0 305.0 0.0671 7.0 62.0
0.0 310.0 0.0671 7.0 62.0
0.0 310.0 0.0672 6.0 63.0
0.0 315.0 0.0672 6.0 63.0
0.0 315.0 0.0673 5.0 64.0
0.0 320.0 0.0673 5.0 64.0
0.0 320.0 0.0674 4.0 65.0
0.0 325.0 0.0674 4.0 65.0
0.0 325.0 0.0675 3.0 66.0
0.0 330.0 0.0675 3.0 66.0
0.0 330.0 0.0676 0.0 67.0
0.0 335.0 0.0676 0.0 67.0
0.0 335.0 0.0677 0.0 68.0
0.0 340.0 0.0677 0.0 68.0
0.0 330.0 0.0678 0.0 67.0
0.0 335.0 0.0678 0.0 67.0
0.0 335.0 0.0679 0.0 68.0
0.0 340.0 0.0679 0.0 68.0
0.0 330.0 0.0680 2.0 67.0
0.0 335.0 0.0680 2.0 67.0
0.0 335.0 0.0681 1.0 68.0
0.0 340.0 0.0681 1.0 68.0
0.0 340.0 0.0682 0.0 69.0
0.0 345.0 0.0682 0.0 69.0
0.0 345.0 0.0683 0.0 70.0
0.0 350.0 0.0683 0.0 70.0
0.0 280.0 0.0684 20.0 57.0
0.0 285.0 0.0684 20.0 57.0
0.0 285.0 0.0685 19.0 58.0
0.0 290.0 0.0685 19.0 58.0
0.0 290.0 0.0686 18.0 59.0
0.0 295.0 0.0686 18.0 59.0
0.0 295.0 0.0687 17.0 60.0
0.0 300.0 0.0687 17.0 60.0
0.0 300.0 0.0688 16.0 61.0
0.0 305.0 0.0688 16.0 61.0
0.0 305.0 0.0689 15.0 62.0
0.0 310.0 0.0689 15.0 62.0
0.0 310.0 0.0690 14.0 63.0
0.0 315.0 0.0690 14.0 63.0
0.0 315.0 0.0691 13.0 64.0
0.0 320.0 0.0691 13.0 64.0
0.0 320.0 0.0692 12.0 65.0
0.0 325.0 0.0692 12.0 65.0
0.0 325.0 0.0693 11.0 66.0
0.0 330.0 0.0693 11.0 66.0
0.0 330.0 0.0694 10.0 67.0
0.0 335.0 0.0694 10.0 67.0
0.0 335.0 0.0695 9.0 68.0
0.0 340.0 0.0695 9.0 68.0
0.0 340.0 0.0696 4.0 69.0
0.0 345.0 0.0696 4.0 69.0
0.0 345.0 0.0697 3.0 70.0
0.0 350.0 0.0697 3.0 70.0
0.0 350.0 0.0698 0.0 71.0
0.0 355.0 0.0698 0.0 71.0
0.0 355.0 0.0699 0.0 72.0
0.0 360.0 0.0699 0.0 72.0
0.0 350.0 0.0700 0.0 71.0
0.0 355.0 0.0700 0.0 71.0
0.0 355.0 0.0701 0.0 72.0
0.0 360.0 0.0701 0.0 72.0
0.0 350.0 0.0702 2.0 71.0
0.0 355.0 0.0702 2.0 71.0
0.0 355.0 0.0703 1.0 72.0
0.0 360.0 0.0703 1.0 72.0
0.0 360.0 0.0704 0.0 73.0
0.0 365.0 0.0704 0.0 73.0
0.0 365.0 0.0705 0.0 74.0
0.0 370.0 0.0705 0.0 74.0
0.0 340.0 0.0706 4.0 69.0
0.0 345.0 0.0706 4.0 69.0
0.0 345.0 0.0707 3.0 70.0
0.0 350.0 0.0707 3.0 70.0
0.0 350.0 0.0708 0.0 71.0
0.0 355.0 0.0708 0.0 71.0
0.0 355.0 0.0709 0.0 72.0
0.0 360.0 0.0709 0.0 72.0
0.0 350.0 0.0710 0.0 71.0
0.0 355.0 0.0710 0.0 71.0
0.0 355.0 0.0711 0.0 72.0
0.0 360.0 0.0711 0.0 72.0
0.0 350.0 0.0712 2.0 71.0
0.0 355.0 0.0712 2.0 71.0
0.0 355.0 0.0713 1.0 72.0
0.0 360.0 0.0713 1.0 72.0
0.0 360.0 0.0714 0.0 73.0
0.0 365.0 0.0714 0.0 73.0
0.0 365.0 0.0715 0.0 74.0
0.0 370.0 0.0715 0.0 74.0
0.0 340.0 0.0716 8.0 69.0
0.0 345.0 0.0716 8.0 69.0
0.0 345.0 0.0717 7.0 70.0
0.0 350.0 0.0717 7.0 70.0
0.0 350.0 0.0718 6.0 71.0
0.0 355.0 0.0718 6.0 71.0
0.0 355.0 0.0719 5.0 72.0
0.0 360.0 0.0719 5.0 72.0
0.0 360.0 0.0720 4.0 73.0
0.0 365.0 0.0720 4.0 73.0
0.0 365.0 0.0721 3.0 74.0
0.0 370.0 0.0721 3.0 74.0
0.0 370.0 0.0722 0.0 75.0
0.0 375.0 0.0722 0.0 75.0
0.0 375.0 0.0723 0.0 76.0
0.0 380.0 0.0723 0.0 76.0
0.0 370.0 0.0724 0.0 75.0
0.0 375.0 0.0724 0.0 75.0
0.0 375.0 0.0725 0.0 76.0
0.0 380.0 0.0725 0.0 76.0
0.0 370.0 0.0726 2.0 75.0
0.0 375.0 0.0726 2.0 75.0
0.0 375.0 0.0727 1.0 76.0
0.0 380.0 0.0727 1.0 76.0
0.0 380.0 0.0728 0.0 77.0
0.0 385.0 0.0728 0.0 77.0
0.0 385.0 0.0729 0.0 78.0
0.0 390.0 0.0729 0.0 78.0
0.0 240.0 0.0730 44.0 49.0
0.0 245.0 0.0730 44.0 49.0
0.0 245.0 0.0731 43.0 50.0
0.0 250.0 0.0731 43.0 50.0
0.0 250.0 0.0732 42.0 51.0
0.0 255.0 0.0732 42.0 51.0
0.0 255.0 0.0733 41.0 52.0
0.0 260.0 0.0733 41.0 52.0
0.0 260.0 0.0734 40.0 53.0
0.0 265.0 0.0734 40.0 53.0
0.0 265.0 0.0735 39.0 54.0
0.0 270.0 0.0735 39.0 54.0
0.0 270.0 0.0736 38.0 55.0
0.0 275.0 0.0736 38.0 55.0
0.0 275.0 0.0737 37.0 56.0
0.0 280.0 0.0737 37.0 56.0
0.0 280.0 0.0738 36.0 57.0
0.0 285.0 0.0738 36.0 57.0
0.0 285.0 0.0739 35.0 58.0
0.0 290.0 0.0739 35.0 58.0
0.0 290.0 0.0740 34.0 59.0
0.0 295.0 0.0740 34.0 59.0
0.0 295.0 0.0741 33.0 60.0
0.0 300.0 0.0741 33.0 60.0
0.0 300.0 0.0742 32.0 61.0
0.0 305.0 0.0742 32.0 61.0
0.0 305.0 0.0743 31.0 62.0
0.0 310.0 0.0743 31.0 62.0
0.0 310.0 0.0744 30.0 63.0
0.0 315.0 0.0744 30.0 63.0
0.0 315.0 0.0745 29.0 64.0
0.0 320.0 0.0745 29.0 64.0
0.0 320.0 0.0746 28.0 65.0
0.0 325.0 0.0746 28.0 65.0
0.0 325.0 0.0747 27.0 66.0
0.0 330.0 0.0747 27.0 66.0
0.0 330.0 0.0748 26.0 67.0
0.0 335.0 0.0748 26.0 67.0
0.0 335.0 0.0749 25.0 68.0
0.0 340.0 0.0749 25.0 68.0
0.0 340.0 0.0750 24.0 69.0
0.0 345.0 0.0750 24.0 69.0
0.0 345.0 0.0751 23.0 70.0
0.0 350.0 0.0751 23.0 70.0
0.0 350.0 0.0752 22.0 71.0
0.0 355.0 0.0752 22.0 71.0
0.0 355.0 0.0753 21.0 72.0
0.0 360.0 0.0753 21.0 72.0
0.0 360.0 0.0754 12.0 73.0
0.0 365.0 0.0754 12.0 73.0
0.0 365.0 0.0755 11.0 74.0
0.0 370.0 0.0755 11.0 74.0
0.0 370.0 0.0756 10.0 75.0
0.0 375.0 0.0756 10.0 75.0
0.0 375.0 0.0757 9.0 76.0
0.0 380.0 0.0757 9.0 76.0
0.0 380.0 0.0758 4.0 77.0
0.0 385.0 0.0758 4.0 77.0
0.0 385.0 0.0759 3.0 78.0
0.0 390.0 0.0759 3.0 78.0
0.0 390.0 0.0760 0.0 79.0
0.0 395.0 0.0760 0.0 79.0
0.0 395.0 0.0761 0.0 80.0
0.0 400.0 0.0761 0.0 80.0
0.0 390.0 0.0762 0.0 79.0
0.0 395.0 0.0762 0.0 79.0
0.0 395.0 0.0763 0.0 80.0
0.0 400.0 0.0763 0.0 80.0
0.0 390.0 0.0764 2.0 79.0
0.0 395.0 0.0764 2.0 79.0
0.0 395.0 0.0765 1.0 80.0
0.0 400.0 0.0765 1.0 80.0
0.0 400.0 0.0766 0.0 81.0
0.0 405.0 0.0766 0.0 81.0
0.0 405.0 0.0767 0.0 82.0
0.0 410.0 0.0767 0.0 82.0
0.0 380.0 0.0768 4.0 77.0
0.0 385.0 0.0768 4.0 77.0
0.0 385.0 0.0769 3.0 78.0
0.0 390.0 0.0769 3.0 78.0
0.0 390.0 0.0770 0.0 79.0
0.0 395.0 0.0770 0.0 79.0
0.0 395.0 0.0771 0.0 80.0
0.0 400.0 0.0771 0.0 80.0
0.0 390.0 0.0772 0.0 79.0
0.0 395.0 0.0772 0.0 79.0
0.0 395.0 0.0773 0.0 80.0
0.0 400.0 0.0773 0.0 80.0
0.0 390.0 0.0774 2.0 79.0
0.0 395.0 0.0774 2.0 79.0
0.0 395.0 0.0775 1.0 80.0
0.0 400.0 0.0775 1.0 80.0
0.0 400.0 0.0776 0.0 81.0
0.0 405.0 0.0776 0.0 81.0
0.0 405.0 0.0777 0.0 82.0
0.0 410.0 0.0777 0.0 82.0
0.0 380.0 0.0778 8.0 77.0
0.0 385.0 0.0778 8.0 77.0
0.0 385.0 0.0779 7.0 78.0
0.0 390.0 0.0779 7.0 78.0
0.0 390.0 0.0780 6.0 79.0
0.0 395.0 0.0780 6.0 79.0
0.0 395.0 0.0781 5.0 80.0
0.0 400.0 0.0781 5.0 80.0
0.0 400.0 0.0782 4.0 81.0
0.0 405.0 0.0782 4.0 81.0
0.0 405.0 0.0783 3.0 82.0
0.0 410.0 0.0783 3.0 82.0
0.0 410.0 0.0784 0.0 83.0
0.0 415.0 0.0784 0.0 83.0
0.0 415.0 0.0785 0.0 84.0
0.0 420.0 0.0785 0.0 84.0
0.0 410.0 0.0786 0.0 83.0
0.0 415.0 0.0786 0.0 83.0
0.0 415.0 0.0787 0.0 84.0
0.0 420.0 0.0787 0.0 84.0
0.0 410.0 0.0788 2.0 83.0
0.0 415.0 0.0788 2.0 83.0
0.0 415.0 0.0789 1.0 84.0
0.0 420.0 0.0789 1.0 84.0
0.0 420.0 0.0790 0.0 85.0
0.0 425.0 0.0790 0.0 85.0
0.0 425.0 0.0791 0.0 86.0
0.0 430.0 0.0791 0.0 86.0
0.0 360.0 0.0792 12.0 73.0
0.0 365.0 0.0792 12.0 73.0
0.0 365.0 0.0793 11.0 74.0
0.0 370.0 0.0793 11.0 74.0
0.0 370.0 0.0794 10.0 75.0
0.0 375.0 0.0794 10.0 75.0
0.0 375.0 0.0795 9.0 76.0
0.0 380.0 0.0795 9.0 76.0
0.0 380.0 0.0796 4.0 77.0
0.0 385.0 0.0796 4.0 77.0
0.0 385.0 0.0797 3.0 78.0
0.0 390.0 0.0797 3.0 78.0
0.0 390.0 0.0798 0.0 79.0
0.0 395.0 0.0798 0.0 79.0
0.0 395.0 0.0799 0.0 80.0
0.0 400.0 0.0799 0.0 80.0
0.0 390.0 0.0800 0.0 79.0
0.0 395.0 0.0800 0.0 79.0
0.0 395.0 0.0801 0.0 80.0
0.0 400.0 0.0801 0.0 80.0
0.0 390.0 0.0802 2.0 79.0
0.0 395.0 0.0802 2.0 79.0
0.0 395.0 0.0803 1.0 80.0
0.0 400.0 0.0803 1.0 80.0
0.0 400.0 0.0804 0.0 81.0
0.0 405.0 0.0804 0.0 81.0
0.0 405.0 0.0805 0.0 82.0
0.0 410.0 0.0805 0.0 82.0
0.0 380.0 0.0806 4.0 77.0
0.0 385.0 0.0806 4.0 77.0
0.0 385.0 0.0807 3.0 78.0
0.0 390.0 0.0807 3.0 78.0
0.0 390.0 0.0808 0.0 79.0
0.0 395.0 0.0808 0.0 79.0
0.0 395.0 0.0809 0.0 80.0
0.0 400.0 0.0809 0.0 80.0
0.0 390.0 0.0810 0.0 79.0
0.0 395.0 0.0810 0.0 79.0
0.0 395.0 0.0811 0.0 80.0
0.0 400.0 0.0811 0.0 80.0
0.0 390.0 0.0812 2.0 79.0
0.0 395.0 0.0812 2.0 79.0
0.0 395.0 0.0813 1.0 80.0
0.0 400.0 0.0813 1.0 80.0
0.0 400.0 0.0814 0.0 81.0
0.0 405.0 0.0814 0.0 81.0
0.0 405.0 0.0815 0.0 82.0
0.0 410.0 0.0815 0.0 82.0
0.0 380.0 0.0816 8.0 77.0
0.0 385.0 0.0816 8.0 77.0
0.0 385.0 0.0817 7.0 78.0
0.0 390.0 0.0817 7.0 78.0
0.0 390.0 0.0818 6.0 79.0
0.0 395.0 0.0818 6.0 79.0
0.0 395.0 0.0819 5.0 80.0
0.0 400.0 0.0819 5.0 80.0
0.0 400.0 0.0820 4.0 81.0
0.0 405.0 0.0820 4.0 81.0
0.0 405.0 0.0821 3.0 82.0
0.0 410.0 0.0821 3.0 82.0
0.0 410.0 0.0822 0.0 83.0
0.0 415.0 0.0822 0.0 83.0
0.0 415.0 0.0823 0.0 84.0
0.0 420.0 0.0823 0.0 84.0
0.0 410.0 0.0824 0.0 83.0
0.0 415.0 0.0824 0.0 83.0
0.0 415.0 0.0825 0.0 84.0
0.0 420.0 0.0825 0.0 84.0
0.0 410.0 0.0826 2.0 83.0
0.0 415.0 0.0826 2.0 83.0
0.0 415.0 0.0827 1.0 84.0
0.0 420.0 0.0827 1.0 84.0
0.0 420.0 0.0828 0.0 85.0
0.0 425.0 0.0828 0.0 85.0
0.0 425.0 0.0829 0.0 86.0
0.0 430.0 0.0829 0.0 86.0
0.0 360.0 0.0830 20.0 73.0
0.0 365.0 0.0830 20.0 73.0
0.0 365.0 0.0831 19.0 74.0
0.0 370.0 0.0831 19.0 74.0
0.0 370.0 0.0832 18.0 75.0
0.0 375.0 0.0832 18.0 75.0
0.0 375.0 0.0833 17.0 76.0
0.0 380.0 0.0833 17.0 76.0
0.0 380.0 0.0834 16.0 77.0
0.0 385.0 0.0834 16.0 77.0
0.0 385.0 0.0835 15.0 78.0
0.0 390.0 0.0835 15.0 78.0
0.0 390.0 0.0836 14.0 79.0
0.0 395.0 0.0836 14.0 79.0
0.0 395.0 0.0837 13.0 80.0
0.0 400.0 0.0837 13.0 80.0
0.0 400.0 0.0838 12.0 81.0
0.0 405.0 0.0838 12.0 81.0
0.0 405.0 0.0839 11.0 82.0
0.0 410.0 0.0839 11.0 82.0
0.0 410.0 0.0840 10.0 83.0
0.0 415.0 0.0840 10.0 83.0
0.0 415.0 0.0841 9.0 84.0
0.0 420.0 0.0841 9.0 84.0
0.0 420.0 0.0842 4.0 85.0
0.0 425.0 0.0842 4.0 85.0
0.0 425.0 0.0843 3.0 86.0
0.0 430.0 0.0843 3.0 86.0
0.0 430.0 0.0844 0.0 87.0
0.0 435.0 0.0844 0.0 87.0
0.0 435.0 0.0845 0.0 88.0
0.0 440.0 0.0845 0.0 88.0
0.0 430.0 0.0846 0.0 87.0
0.0 435.0 0.0846 0.0 87.0
0.0 435.0 0.0847 0.0 88.0
0.0 440.0 0.0847 0.0 88.0
0.0 430.0 0.0848 2.0 87.0
0.0 435.0 0.0848 2.0 87.0
0.0 435.0 0.0849 1.0 88.0
0.0 440.0 0.0849 1.0 88.0
0.0 440.0 0.0850 0.0 89.0
0.0 445.0 0.0850 0.0 89.0
0.0 445.0 0.0851 0.0 90.0
0.0 450.0 0.0851 0.0 90.0
0.0 420.0 0.0852 4.0 85.0
0.0 425.0 0.0852 4.0 85.0
0.0 425.0 0.0853 3.0 86.0
0.0 430.0 0.0853 3.0 86.0
0.0 430.0 0.0854 0.0 87.0
0.0 435.0 0.0854 0.0 87.0
0.0 435.0 0.0855 0.0 88.0
0.0 440.0 0.0855 0.0 88.0
0.0 430.0 0.0856 0.0 87.0
0.0 435.0 0.0856 0.0 87.0
0.0 435.0 0.0857 0.0 88.0
0.0 440.0 0.0857 0.0 88.0
0.0 430.0 0.0858 2.0 87.0
0.0 435.0 0.0858 2.0 87.0
0.0 435.0 0.0859 1.0 88.0
0.0 440.0 0.0859 1.0 88.0
0.0 440.0 0.0860 0.0 89.0
0.0 445.0 0.0860 0.0 89.0
0.0 445.0 0.0861 0.0 90.0
0.0 450.0 0.0861 0.0 90.0
0.0 420.0 0.0862 8.0 85.0
0.0 425.0 0.0862 8.0 85.0
0.0 425.0 0.0863 7.0 86.0
0.0 430.0 0.0863 7.0 86.0
0.0 430.0 0.0864 6.0 87.0
0.0 435.0 0.0864 6.0 87.0
0.0 435.0 0.0865 5.0 88.0
0.0 440.0 0.0865 5.0 88.0
0.0 440.0 0.0866 4.0 89.0
0.0 445.0 0.0866 4.0 89.0
0.0 445.0 0.0867 3.0 90.0
0.0 450.0 0.0867 3.0 90.0
0.0 450.0 0.0868 0.0 91.0
0.0 455.0 0.0868 0.0 91.0
0.0 455.0 0.0869 0.0 92.0
0.0 460.0 0.0869 0.0 92.0
0.0 450.0 0.0870 0.0 91.0
0.0 455.0 0.0870 0.0 91.0
0.0 455.0 0.0871 0.0 92.0
0.0 460.0 0.0871 0.0 92.0
0.0 450.0 0.0872 2.0 91.0
0.0 455.0 0.0872 2.0 91.0
0.0 455.0 0.0873 1.0 92.0
0.0 460.0 0.0873 1.0 92.0
0.0 460.0 0.0874 0.0 93.0
0.0 465.0 0.0874 0.0 93.0
0.0 465.0 0.0875 0.0 94.0
0.0 470.0 0.0875 0.0 94.0
0.0 160.0 0.0876 92.0 33.0
0.0 165.0 0.0876 92.0 33.0
0.0 165.0 0.0877 91.0 34.0
0.0 170.0 0.0877 91.0 34.0
0.0 170.0 0.0878 90.0 35.0
0.0 175.0 0.0878 90.0 35.0
0.0 175.0 0.0879 89.0 36.0
0.0 180.0 0.0879 89.0 36.0
0.0 180.0 0.0880 88.0 37.0
0.0 185.0 0.0880 88.0 37.0
0.0 185.0 0.0881 87.0 38.0
0.0 190.0 0.0881 87.0 38.0
0.0 190.0 0.0882 86.0 39.0
0.0 195.0 0.0882 86.0 39.0
0.0 195.0 0.0883 85.0 40.0
0.0 200.0 0.0883 85.0 40.0
0.0 200.0 0.0884 84.0 41.0
0.0 205.0 0.0884 84.0 41.0
0.0 205.0 0.0885 83.0 42.0
0.0 210.0 0.0885 83.0 42.0
0.0 210.0 0.0886 82.0 43.0
0.0 215.0 0.0886 82.0 43.0
0.0 215.0 0.0887 81.0 44.0
0.0 220.0 0.0887 81.0 44.0
0.0 220.0 0.0888 80.0 45.0
0.0 225.0 0.0888 80.0 45.0
0.0 225.0 0.0889 79.0 46.0
0.0 230.0 0.0889 79.0 46.0
0.0 230.0 0.0890 78.0 47.0
0.0 235.0 0.0890 78.0 47.0
0.0 235.0 0.0891 77.0 48.0
0.0 240.0 0.0891 77.0 48.0
0.0 240.0 0.0892 76.0 49.0
0.0 245.0 0.0892 76.0 49.0
0.0 245.0 0.0893 75.0 50.0
0.0 250.0 0.0893 75.0 50.0
0.0 250.0 0.0894 74.0 51.0
0.0 255.0 0.0894 74.0 51.0
0.0 255.0 0.0895 73.0 52.0
0.0 260.0 0.0895 73.0 52.0
0.0 260.0 0.0896 72.0 53.0
0.0 265.0 0.0896 72.0 53.0
0.0 265.0 0.0897 71.0 54.0
0.0 270.0 0.0897 71.0 54.0
0.0 270.0 0.0898 70.0 55.0
0.0 275.0 0.0898 70.0 55.0
0.0 275.0 0.0899 69.0 56.0
0.0 280.0 0.0899 69.0 56.0
0.0 280.0 0.0900 68.0 57.0
0.0 285.0 0.0900 68.0 57.0
0.0 285.0 0.0901 67.0 58.0
0.0 290.0 0.0901 67.0 58.0
0.0 290.0 0.0902 66.0 59.0
0.0 295.0 0.0902 66.0 59.0
0.0 295.0 0.0903 65.0 60.0
0.0 300.0 0.0903 65.0 60.0
0.0 300.0 0.0904 64.0 61.0
0.0 305.0 0.0904 64.0 61.0
0.0 305.0 0.0905 63.0 62.0
0.0 310.0 0.0905 63.0 62.0
0.0 310.0 0.0906 62.0 63.0
0.0 315.0 0.0906 62.0 63.0
0.0 315.0 0.0907 61.0 64.0
0.0 320.0 0.0907 61.0 64.0
0.0 320.0 0.0908 60.0 65.0
0.0 325.0 0.0908 60.0 65.0
0.0 325.0 0.0909 59.0 66.0
0.0 330.0 0.0909 59.0 66.0
0.0 330.0 0.0910 58.0 67.0
0.0 335.0 0.0910 58.0 67.0
0.0 335.0 0.0911 57.0 68.0
0.0 340.0 0.0911 57.0 68.0
0.0 340.0 0.0912 56.0 69.0
0.0 345.0 0.0912 56.0 69.0
0.0 345.0 0.0913 55.0 70.0
0.0 350.0 0.0913 55.0 70.0
0.0 350.0 0.0914 54.0 71.0
0.0 355.0 0.0914 54.0 71.0
0.0 355.0 0.0915 53.0 72.0
0.0 360.0 0.0915 53.0 72.0
0.0 360.0 0.0916 52.0 73.0
0.0 365.0 0.0916 52.0 73.0
0.0 365.0 0.0917 51.0 74.0
0.0 370.0 0.0917 51.0 74.0
0.0 370.0 0.0918 50.0 75.0
0.0 375.0 0.0918 50.0 75.0
0.0 375.0 0.0919 49.0 76.0
0.0 380.0 0.0919 49.0 76.0
0.0 380.0 0.0920 48.0 77.0
0.0 385.0 0.0920 48.0 77.0
0.0 385.0 0.0921 47.0 78.0
0.0 390.0 0.0921 47.0 78.0
0.0 390.0 0.0922 46.0 79.0
0.0 395.0 0.0922 46.0 79.0
0.0 395.0 0.0923 45.0 80.0
0.0 400.0 0.0923 45.0 80.0
0.0 400.0 0.0924 28.0 81.0
0.0 405.0 0.0924 28.0 81.0
0.0 405.0 0.0925 27.0 82.0
0.0 410.0 0.0925 27.0 82.0
0.0 410.0 0.0926 26.0 83.0
0.0 415.0 0.0926 26.0 83.0
0.0 415.0 0.0927 25.0 84.0
0.0 420.0 0.0927 25.0 84.0
0.0 420.0 0.0928 24.0 85.0
0.0 425.0 0.0928 24.0 85.0
0.0 425.0 0.0929 23.0 86.0
0.0 430.0 0.0929 23.0 86.0
0.0 430.0 0.0930 22.0 87.0
0.0 435.0 0.0930 22.0 87.0
0.0 435.0 0.0931 21.0 88.0
0.0 440.0 0.0931 21.0 88.0
0.0 440.0 0.0932 12.0 89.0
0.0 445.0 0.0932 12.0 89.0
0.0 445.0 0.0933 11.0 90.0
0.0 450.0 0.0933 11.0 90.0
0.0 450.0 0.0934 10.0 91.0
0.0 455.0 0.0934 10.0 91.0
0.0 455.0 0.0935 9.0 92.0
0.0 460.0 0.0935 9.0 92.0
0.0 460.0 0.0936 4.0 93.0
0.0 465.0 0.0936 4.0 93.0
0.0 465.0 0.0937 3.0 94.0
0.0 470.0 0.0937 3.0 94.0
0.0 470.0 0.0938 0.0 95.0
0.0 475.0 0.0938 0.0 95.0
0.0 475.0 0.0939 0.0 96.0
0.0 480.0 0.0939 0.0 96.0
0.0 470.0 0.0940 0.0 95.0
0.0 475.0 0.0940 0.0 95.0
0.0 475.0 0.0941 0.0 96.0
0.0 480.0 0.0941 0.0 96.0
0.0 470.0 0.0942 2.0 95.0
0.0 475.0 0.0942 2.0 95.0
0.0 475.0 0.0943 1.0 96.0
0.0 480.0 0.0943 1.0 96.0
0.0 480.0 0.0944 0.0 97.0
0.0 485.0 0.0944 0.0 97.0
0.0 485.0 0.0945 0.0 98.0
0.0 490.0 0.0945 0.0 98.0
0.0 460.0 0.0946 4.0 93.0
0.0 465.0 0.0946 4.0 93.0
0.0 465.0 0.0947 3.0 94.0
0.0 470.0 0.0947 3.0 94.0
0.0 470.0 0.0948 0.0 95.0
0.0 475.0 0.0948 0.0 95.0
0.0 475.0 0.0949 0.0 96.0
0.0 480.0 0.0949 0.0 96.0
0.0 470.0 0.0950 0.0 95.0
0.0 475.0 0.0950 0.0 95.0
0.0 475.0 0.0951 0.0 96.0
0.0 480.0 0.0951 0.0 96.0
0.0 470.0 0.0952 2.0 95.0
0.0 475.0 0.0952 2.0 95.0
0.0 475.0 0.0953 1.0 96.0
0.0 480.0 0.0953 1.0 96.0
0.0 480.0 0.0954 0.0 97.0
0.0 485.0 0.0954 0.0 97.0
0.0 485.0 0.0955 0.0 98.0
0.0 490.0 0.0955 0.0 98.0
0.0 460.0 0.0956 8.0 93.0
0.0 465.0 0.0956 8.0 93.0
0.0 465.0 0.0957 7.0 94.0
0.0 470.0 0.0957 7.0 94.0
0.0 470.0 0.0958 6.0 95.0
0.0 475.0 0.0958 6.0 95.0
0.0 475.0 0.0959 5.0 96.0
0.0 480.0 0.0959 5.0 96.0
0.0 480.0 0.0960 4.0 97.0
0.0 485.0 0.0960 4.0 97.0
0.0 485.0 0.0961 3.0 98.0
0.0 490.0 0.0961 3.0 98.0
0.0 490.0 0.0962 0.0 99.0
0.0 495.0 0.0962 0.0 99.0
0.0 495.0 0.0963 0.0 100.0
0.0 500.0 0.0963 0.0 100.0
0.0 490.0 0.0964 0.0 99.0
0.0 495.0 0.0964 0.0 99.0
0.0 495.0 0.0965 0.0 100.0
0.0 500.0 0.0965 0.0 100.0
0.0 490.0 0.0966 2.0 99.0
0.0 495.0 0.0966 2.0 99.0
0.0 495.0 0.0967 1.0 100.0
0.0 500.0 0.0967 1.0 100.0
0.0 500.0 0.0968 0.0 101.0
0.0 505.0 0.0968 0.0 101.0
0.0 505.0 0.0969 0.0 102.0
0.0 510.0 0.0969 0.0 102.0
0.0 440.0 0.0970 12.0 89.0
0.0 445.0 0.0970 12.0 89.0
0.0 445.0 0.0971 11.0 90.0
0.0 450.0 0.0971 11.0 90.0
0.0 450.0 0.0972 10.0 91.0
0.0 455.0 0.0972 10.0 91.0
0.0 455.0 0.0973 9.0 92.0
0.0 460.0 0.0973 9.0 92.0
0.0 460.0 0.0974 4.0 93.0
0.0 465.0 0.0974 4.0 93.0
0.0 465.0 0.0975 3.0 94.0
0.0 470.0 0.0975 3.0 94.0
0.0 470.0 0.0976 0.0 95.0
0.0 475.0 0.0976 0.0 95.0
0.0 475.0 0.0977 0.0 96.0
0.0 480.0 0.0977 0.0 96.0
0.0 470.0 0.0978 0.0 95.0
0.0 475.0 0.0978 0.0 95.0
0.0 475.0 0.0979 0.0 96.0
0.0 480.0 0.0979 0.0 96.0
0.0 470.0 0.0980 2.0 95.0
0.0 475.0 0.0980 2.0 95.0
0.0 475.0 0.0981 1.0 96.0
0.0 480.0 0.0981 1.0 96.0
0.0 480.0 0.0982 0.0 97.0
0.0 485.0 0.0982 0.0 97.0
0.0 485.0 0.0983 0.0 98.0
0.0 490.0 0.0983 0.0 98.0
0.0 460.0 0.0984 4.0 93.0
0.0 465.0 0.0984 4.0 93.0
0.0 465.0 0.0985 3.0 94.0
0.0 470.0 0.0985 3.0 94.0
0.0 470.0 0.0986 0.0 95.0
0.0 475.0 0.0986 0.0 95.0
0.0 475.0 0.0987 0.0 96.0
0.0 480.0 0.0987 0.0 96.0
0.0 470.0 0.0988 0.0 95.0
0.0 475.0 0.0988 0.0 95.0
0.0 475.0 0.0989 0.0 96.0
0.0 480.0 0.0989 0.0 96.0
0.0 470.0 0.0990 2.0 95.0
0.0 475.0 0.0990 2.0 95.0
0.0 475.0 0.0991 1.0 96.0
0.0 480.0 0.0991 1.0 96.0
0.0 480.0 0.0992 0.0 97.0
0.0 485.0 0.0992 0.0 97.0
0.0 485.0 0.0993 0.0 98.0
0.0 490.0 0.0993 0.0 98.0
0.0 460.0 0.0994 8.0 93.0
0.0 465.0 0.0994 8.0 93.0
0.0 465.0 0.0995 7.0 94.0
0.0 470.0 0.0995 7.0 94.0
0.0 470.0 0.0996 6.0 95.0
0.0 475.0 0.0996 6.0 95.0
0.0 475.0 0.0997 5.0 96.0
0.0 480.0 0.0997 5.0 96.0
0.0 480.0 0.0998 4.0 97.0
0.0 485.0 0.0998 4.0 97.0
0.0 485.0 0.0999 3.0 98.0
0.0 490.0 0.0999 3.0 98.0
0.0 490.0 0.01000 0.0 99.0
0.0 495.0 0.01000 0.0 99.0
0.0 495.0 0.01001 0.0 100.0
0.0 500.0 0.01001 0.0 100.0
0.0 490.0 0.01002 0.0 99.0
0.0 495.0 0.01002 0.0 99.0
0.0 495.0 0.01003 0.0 100.0
0.0 500.0 0.01003 0.0 100.0
0.0 490.0 0.01004 2.0 99.0
0.0 495.0 0.01004 2.0 99.0
0.0 495.0 0.01005 1.0 100.0
0.0 500.0 0.01005 1.0 100.0
0.0 500.0 0.01006 0.0 101.0
0.0 505.0 0.01006 0.0 101.0
0.0 505.0 0.01007 0.0 102.0
0.0 510.0 0.01007 0.0 102.0
0.0 440.0 0.01008 20.0 89.0
0.0 445.0 0.01008 20.0 89.0
0.0 445.0 0.01009 19.0 90.0
0.0 450.0 0.01009 19.0 90.0
0.0 450.0 0.01010 18.0 91.0
0.0 455.0 0.01010 18.0 91.0
0.0 455.0 0.01011 17.0 92.0
0.0 460.0 0.01011 17.0 92.0
0.0 460.0 0.01012 16.0 93.0
0.0 465.0 0.01012 16.0 93.0
0.0 465.0 0.01013 15.0 94.0
0.0 470.0 0.01013 15.0 94.0
0.0 470.0 0.01014 14.0 95.0
0.0 475.0 0.01014 14.0 95.0
0.0 475.0 0.01015 13.0 96.0
0.0 480.0 0.01015 13.0 96.0
0.0 480.0 0.01016 12.0 97.0
0.0 485.0 0.01016 12.0 97.0
0.0 485.0 0.01017 11.0 98.0
0.0 490.0 0.01017 11.0 98.0
0.0 490.0 0.01018 10.0 99.0
0.0 495.0 0.01018 10.0 99.0
0.0 495.0 0.01019 9.0 100.0
0.0 500.0 0.01019 9.0 100.0
0.0 500.0 0.01020 4.0 101.0
0.0 505.0 0.01020 4.0 101.0
0.0 505.0 0.01021 3.0 102.0
0.0 510.0 0.01021 3.0 102.0
0.0 510.0 0.01022 0.0 103.0
0.0 515.0 0.01022 0.0 103.0
0.0 515.0 0.01023 0.0 104.0
0.0 520.0 0.01023 0.0 104.0
0.0 510.0 0.01024 0.0 103.0
0.0 515.0 0.01024 0.0 103.0
0.0 515.0 0.01025 0.0 104.0
0.0 520.0 0.01025 0.0 104.0
0.0 510.0 0.01026 2.0 103.0
0.0 515.0 0.01026 2.0 103.0
0.0 515.0 0.01027 1.0 104.0
0.0 520.0 0.01027 1.0 104.0
0.0 520.0 0.01028 0.0 105.0
0.0 525.0 0.01028 0.0 105.0
0.0 525.0 0.01029 0.0 106.0
0.0 530.0 0.01029 0.0 106.0
0.0 500.0 0.01030 4.0 101.0
0.0 505.0 0.01030 4.0 101.0
0.0 505.0 0.01031 3.0 102.0
0.0 510.0 0.01031 3.0 102.0
0.0 510.0 0.01032 0.0 103.0
0.0 515.0 0.01032 0.0 103.0
0.0 515.0 0.01033 0.0 104.0
0.0 520.0 0.01033 0.0 104.0
0.0 510.0 0.01034 0.0 103.0
0.0 515.0 0.01034 0.0 103.0
0.0 515.0 0.01035 0.0 104.0
0.0 520.0 0.01035 0.0 104.0
0.0 510.0 0.01036 2.0 103.0
0.0 515.0 0.01036 2.0 103.0
0.0 515.0 0.01037 1.0 104.0
0.0 520.0 0.01037 1.0 104.0
0.0 520.0 0.01038 0.0 105.0
0.0 525.0 0.01038 0.0 105.0
0.0 525.0 0.01039 0.0 106.0
0.0 530.0 0.01039 0.0 106.0
0.0 500.0 0.01040 8.0 101.0
0.0 505.0 0.01040 8.0 101.0
0.0 505.0 0.01041 7.0 102.0
0.0 510.0 0.01041 7.0 102.0
0.0 510.0 0.01042 6.0 103.0
0.0 515.0 0.01042 6.0 103.0
0.0 515.0 0.01043 5.0 104.0
0.0 520.0 0.01043 5.0 104.0
0.0 520.0 0.01044 4.0 105.0
0.0 525.0 0.01044 4.0 105.0
0.0 525.0 0.01045 3.0 106.0
0.0 530.0 0.01045 3.0 106.0
0.0 530.0 0.01046 0.0 107.0
0.0 535.0 0.01046 0.0 107.0
0.0 535.0 0.01047 0.0 108.0
0.0 540.0 0.01047 0.0 108.0
0.0 530.0 0.01048 0.0 107.0
0.0 535.0 0.01048 0.0 107.0
0.0 535.0 0.01049 0.0 108.0
0.0 540.0 0.01049 0.0 108.0
0.0 530.0 0.01050 2.0 107.0
0.0 535.0 0.01050 2.0 107.0
0.0 535.0 0.01051 1.0 108.0
0.0 540.0 0.01051 1.0 108.0
0.0 540.0 0.01052 0.0 109.0
0.0 545.0 0.01052 0.0 109.0
0.0 545.0 0.01053 0.0 110.0
0.0 550.0 0.01053 0.0 110.0
0.0 400.0 0.01054 28.0 81.0
0.0 405.0 0.01054 28.0 81.0
0.0 405.0 0.01055 27.0 82.0
0.0 410.0 0.01055 27.0 82.0
0.0 410.0 0.01056 26.0 83.0
0.0 415.0 0.01056 26.0 83.0
0.0 415.0 0.01057 25.0 84.0
0.0 420.0 0.01057 25.0 84.0
0.0 420.0 0.01058 24.0 85.0
0.0 425.0 0.01058 24.0 85.0
0.0 425.0 0.01059 23.0 86.0
0.0 430.0 0.01059 23.0 86.0
0.0 430.0 0.01060 22.0 87.0
0.0 435.0 0.01060 22.0 87.0
0.0 435.0 0.01061 21.0 88.0
0.0 440.0 0.01061 21.0 88.0
0.0 440.0 0.01062 12.0 89.0
0.0 445.0 0.01062 12.0 89.0
0.0 445.0 0.01063 11.0 90.0
0.0 450.0 0.01063 11.0 90.0
0.0 450.0 0.01064 10.0 91.0
0.0 455.0 0.01064 10.0 91.0
0.0 455.0 0.01065 9.0 92.0
0.0 460.0 0.01065 9.0 92.0
0.0 460.0 0.01066 4.0 93.0
0.0 465.0 0.01066 4.0 93.0
0.0 465.0 0.01067 3.0 94.0
0.0 470.0 0.01067 3.0 94.0
0.0 470.0 0.01068 0.0 95.0
0.0 475.0 0.01068 0.0 95.0
0.0 475.0 0.01069 0.0 96.0
0.0 480.0 0.01069 0.0 96.0
0.0 470.0 0.01070 0.0 95.0
0.0 475.0 0.01070 0.0 95.0
0.0 475.0 0.01071 0.0 96.0
0.0 480.0 0.01071 0.0 96.0
0.0 470.0 0.01072 2.0 95.0
0.0 475.0 0.01072 2.0 95.0
0.0 475.0 0.01073 1.0 96.0
0.0 480.0 0.01073 1.0 96.0
0.0 480.0 0.01074 0.0 97.0
0.0 485.0 0.01074 0.0 97.0
0.0 485.0 0.01075 0.0 98.0
0.0 490.0 0.01075 0.0 98.0
0.0 460.0 0.01076 4.0 93.0
0.0 465.0 0.01076 4.0 93.0
0.0 465.0 0.01077 3.0 94.0
0.0 470.0 0.01077 3.0 94.0
0.0 470.0 0.01078 0.0 95.0
0.0 475.0 0.01078 0.0 95.0
0.0 475.0 0.01079 0.0 96.0
0.0 480.0 0.01079 0.0 96.0
0.0 470.0 0.01080 0.0 95.0
0.0 475.0 0.01080 0.0 95.0
0.0 475.0 0.01081 0.0 96.0
0.0 480.0 0.01081 0.0 96.0
0.0 470.0 0.01082 2.0 95.0
0.0 475.0 0.01082 2.0 95.0
0.0 475.0 0.01083 1.0 96.0
0.0 480.0 0.01083 1.0 96.0
0.0 480.0 0.01084 0.0 97.0
0.0 485.0 0.01084 0.0 97.0
0.0 485.0 0.01085 0.0 98.0
0.0 490.0 0.01085 0.0 98.0
0.0 460.0 0.01086 8.0 93.0
0.0 465.0 0.01086 8.0 93.0
0.0 465.0 0.01087 7.0 94.0
0.0 470.0 0.01087 7.0 94.0
0.0 470.0 0.01088 6.0 95.0
0.0 475.0 0.01088 6.0 95.0
0.0 475.0 0.01089 5.0 96.0
0.0 480.0 0.01089 5.0 96.0
0.0 480.0 0.01090 4.0 97.0
0.0 485.0 0.01090 4.0 97.0
0.0 485.0 0.01091 3.0 98.0
0.0 490.0 0.01091 3.0 98.0
0.0 490.0 0.01092 0.0 99.0
0.0 495.0 0.01092 0.0 99.0
0.0 495.0 0.01093 0.0 100.0
0.0 500.0 0.01093 0.0 100.0
0.0 490.0 0.01094 0.0 99.0
0.0 495.0 0.01094 0.0 99.0
0.0 495.0 0.01095 0.0 100.0
0.0 500.0 0.01095 0.0 100.0
0.0 490.0 0.01096 2.0 99.0
0.0 495.0 0.01096 2.0 99.0
0.0 495.0 0.01097 1.0 100.0
0.0 500.0 0.01097 1.0 100.0
0.0 500.0 0.01098 0.0 101.0
0.0 505.0 0.01098 0.0 101.0
0.0 505.0 0.01099 0.0 102.0
0.0 510.0 0.01099 0.0 102.0
0.0 440.0 0.01100 12.0 89.0
0.0 445.0 0.01100 12.0 89.0
0.0 445.0 0.01101 11.0 90.0
0.0 450.0 0.01101 11.0 90.0
0.0 450.0 0.01102 10.0 91.0
0.0 455.0 0.01102 10.0 91.0
0.0 455.0 0.01103 9.0 92.0
0.0 460.0 0.01103 9.0 92.0
0.0 460.0 0.01104 4.0 93.0
0.0 465.0 0.01104 4.0 93.0
0.0 465.0 0.01105 3.0 94.0
0.0 470.0 0.01105 3.0 94.0
0.0 470.0 0.01106 0.0 95.0
0.0 475.0 0.01106 0.0 95.0
0.0 475.0 0.01107 0.0 96.0
0.0 480.0 0.01107 0.0 96.0
0.0 470.0 0.01108 0.0 95.0
0.0 475.0 0.01108 0.0 95.0
0.0 475.0 0.01109 0.0 96.0
0.0 480.0 0.01109 0.0 96.0
0.0 470.0 0.01110 2.0 95.0
0.0 475.0 0.01110 2.0 95.0
0.0 475.0 0.01111 1.0 96.0
0.0 480.0 0.01111 1.0 96.0
0.0 480.0 0.01112 0.0 97.0
0.0 485.0 0.01112 0.0 97.0
0.0 485.0 0.01113 0.0 98.0
0.0 490.0 0.01113 0.0 98.0
0.0 460.0 0.01114 4.0 93.0
0.0 465.0 0.01114 4.0 93.0
0.0 465.0 0.01115 3.0 94.0
0.0 470.0 0.01115 3.0 94.0
0.0 470.0 0.01116 0.0 95.0
0.0 475.0 0.01116 0.0 95.0
0.0 475.0 0.01117 0.0 96.0
0.0 480.0 0.01117 0.0 96.0
0.0 470.0 0.01118 0.0 95.0
0.0 475.0 0.01118 0.0 95.0
0.0 475.0 0.01119 0.0 96.0
0.0 480.0 0.01119 0.0 96.0
0.0 470.0 0.01120 2.0 95.0
0.0 475.0 0.01120 2.0 95.0
0.0 475.0 0.01121 1.0 96.0
0.0 480.0 0.01121 1.0 96.0
0.0 480.0 0.01122 0.0 97.0
0.0 485.0 0.01122 0.0 97.0
0.0 485.0 0.01123 0.0 98.0
0.0 490.0 0.01123 0.0 98.0
0.0 460.0 0.01124 8.0 93.0
0.0 465.0 0.01124 8.0 93.0
0.0 465.0 0.01125 7.0 94.0
0.0 470.0 0.01125 7.0 94.0
0.0 470.0 0.01126 6.0 95.0
0.0 475.0 0.01126 6.0 95.0
0.0 475.0 0.01127 5.0 96.0
0.0 480.0 0.01127 5.0 96.0
0.0 480.0 0.01128 4.0 97.0
0.0 485.0 0.01128 4.0 97.0
0.0 485.0 0.01129 3.0 98.0
0.0 490.0 0.01129 3.0 98.0
0.0 490.0 0.01130 0.0 99.0
0.0 495.0 0.01130 0.0 99.0
0.0 495.0 0.01131 0.0 100.0
0.0 500.0 0.01131 0.0 100.0
0.0 490.0 0.01132 0.0 99.0
0.0 495.0 0.01132 0.0 99.0
0.0 495.0 0.01133 0.0 100.0
0.0 500.0 0.01133 0.0 100.0
0.0 490.0 0.01134 2.0 99.0
0.0 495.0 0.01134 2.0 99.0
0.0 495.0 0.01135 1.0 100.0
0.0 500.0 0.01135 1.0 100.0
0.0 500.0 0.01136 0.0 101.0
0.0 505.0 0.01136 0.0 101.0
0.0 505.0 0.01137 0.0 102.0
0.0 510.0 0.01137 0.0 102.0
0.0 440.0 0.01138 20.0 89.0
0.0 445.0 0.01138 20.0 89.0
0.0 445.0 0.01139 19.0 90.0
0.0 450.0 0.01139 19.0 90.0
0.0 450.0 0.01140 18.0 91.0
0.0 455.0 0.01140 18.0 91.0
0.0 455.0 0.01141 17.0 92.0
0.0 460.0 0.01141 17.0 92.0
0.0 460.0 0.01142 16.0 93.0
0.0 465.0 0.01142 16.0 93.0
0.0 465.0 0.01143 15.0 94.0
0.0 470.0 0.01143 15.0 94.0
0.0 470.0 0.01144 14.0 95.0
0.0 475.0 0.01144 14.0 95.0
0.0 475.0 0.01145 13.0 96.0
0.0 480.0 0.01145 13.0 96.0
0.0 480.0 0.01146 12.0 97.0
0.0 485.0 0.01146 12.0 97.0
0.0 485.0 0.01147 11.0 98.0
0.0 490.0 0.01147 11.0 98.0
0.0 490.0 0.01148 10.0 99.0
0.0 495.0 0.01148 10.0 99.0
0.0 495.0 0.01149 9.0 100.0
0.0 500.0 0.01149 9.0 100.0
0.0 500.0 0.01150 4.0 101.0
0.0 505.0 0.01150 4.0 101.0
0.0 505.0 0.01151 3.0 102.0
0.0 510.0 0.01151 3.0 102.0
0.0 510.0 0.01152 0.0 103.0
0.0 515.0 0.01152 0.0 103.0
0.0 515.0 0.01153 0.0 104.0
0.0 520.0 0.01153 0.0 104.0
0.0 510.0 0.01154 0.0 103.0
0.0 515.0 0.01154 0.0 103.0
0.0 515.0 0.01155 0.0 104.0
0.0 520.0 0.01155 0.0 104.0
0.0 510.0 0.01156 2.0 103.0
0.0 515.0 0.01156 2.0 103.0
0.0 515.0 0.01157 1.0 104.0
0.0 520.0 0.01157 1.0 104.0
0.0 520.0 0.01158 0.0 105.0
0.0 525.0 0.01158 0.0 105.0
0.0 525.0 0.01159 0.0 106.0
0.0 530.0 0.01159 0.0 106.0
0.0 500.0 0.01160 4.0 101.0
0.0 505.0 0.01160 4.0 101.0
0.0 505.0 0.01161 3.0 102.0
0.0 510.0 0.01161 3.0 102.0
0.0 510.0 0.01162 0.0 103.0
0.0 515.0 0.01162 0.0 103.0
0.0 515.0 0.01163 0.0 104.0
0.0 520.0 0.01163 0.0 104.0
0.0 510.0 0.01164 0.0 103.0
0.0 515.0 0.01164 0.0 103.0
0.0 515.0 0.01165 0.0 104.0
0.0 520.0 0.01165 0.0 104.0
0.0 510.0 0.01166 2.0 103.0
0.0 515.0 0.01166 2.0 103.0
0.0 515.0 0.01167 1.0 104.0
0.0 520.0 0.01167 1.0 104.0
0.0 520.0 0.01168 0.0 105.0
0.0 525.0 0.01168 0.0 105.0
0.0 525.0 0.01169 0.0 106.0
0.0 530.0 0.01169 0.0 106.0
0.0 500.0 0.01170 8.0 101.0
0.0 505.0 0.01170 8.0 101.0
0.0 505.0 0.01171 7.0 102.0
0.0 510.0 0.01171 7.0 102.0
0.0 510.0 0.01172 6.0 103.0
0.0 515.0 0.01172 6.0 103.0
0.0 515.0 0.01173 5.0 104.0
0.0 520.0 0.01173 5.0 104.0
0.0 520.0 0.01174 4.0 105.0
0.0 525.0 0.01174 4.0 105.0
0.0 525.0 0.01175 3.0 106.0
0.0 530.0 0.01175 3.0 106.0
0.0 530.0 0.01176 0.0 107.0
0.0 535.0 0.01176 0.0 107.0
0.0 535.0 0.01177 0.0 108.0
0.0 540.0 0.01177 0.0 108.0
0.0 530.0 0.01178 0.0 107.0
0.0 535.0 0.01178 0.0 107.0
0.0 535.0 0.01179 0.0 108.0
0.0 540.0 0.01179 0.0 108.0
0.0 530.0 0.01180 2.0 107.0
0.0 535.0 0.01180 2.0 107.0
0.0 535.0 0.01181 1.0 108.0
0.0 540.0 0.01181 1.0 108.0
0.0 540.0 0.01182 0.0 109.0
0.0 545.0 0.01182 0.0 109.0
0.0 545.0 0.01183 0.0 110.0
0.0 550.0 0.01183 0.0 110.0
0.0 400.0 0.01184 44.0 81.0
0.0 405.0 0.01184 44.0 81.0
0.0 405.0 0.01185 43.0 82.0
0.0 410.0 0.01185 43.0 82.0
0.0 410.0 0.01186 42.0 83.0
0.0 415.0 0.01186 42.0 83.0
0.0 415.0 0.01187 41.0 84.0
0.0 420.0 0.01187 41.0 84.0
0.0 420.0 0.01188 40.0 85.0
0.0 425.0 0.01188 40.0 85.0
0.0 425.0 0.01189 39.0 86.0
0.0 430.0 0.01189 39.0 86.0
0.0 430.0 0.01190 38.0 87.0
0.0 435.0 0.01190 38.0 87.0
0.0 435.0 0.01191 37.0 88.0
0.0 440.0 0.01191 37.0 88.0
0.0 440.0 0.01192 36.0 89.0
0.0 445.0 0.01192 36.0 89.0
0.0 445.0 0.01193 35.0 90.0
0.0 450.0 0.01193 35.0 90.0
0.0 450.0 0.01194 34.0 91.0
0.0 455.0 0.01194 34.0 91.0
0.0 455.0 0.01195 33.0 92.0
0.0 460.0 0.01195 33.0 92.0
0.0 460.0 0.01196 32.0 93.0
0.0 465.0 0.01196 32.0 93.0
0.0 465.0 0.01197 31.0 94.0
0.0 470.0 0.01197 31.0 94.0
0.0 470.0 0.01198 30.0 95.0
0.0 475.0 0.01198 30.0 95.0
0.0 475.0 0.01199 29.0 96.0
0.0 480.0 0.01199 29.0 96.0
0.0 480.0 0.01200 28.0 97.0
0.0 485.0 0.01200 28.0 97.0
0.0 485.0 0.01201 27.0 98.0
0.0 490.0 0.01201 27.0 98.0
0.0 490.0 0.01202 26.0 99.0
0.0 495.0 0.01202 26.0 99.0
0.0 495.0 0.01203 25.0 100.0
0.0 500.0 0.01203 25.0 100.0
0.0 500.0 0.01204 24.0 101.0
0.0 505.0 0.01204 24.0 101.0
0.0 505.0 0.01205 23.0 102.0
0.0 510.0 0.01205 23.0 102.0
0.0 510.0 0.01206 22.0 103.0
0.0 515.0 0.01206 22.0 103.0
0.0 515.0 0.01207 21.0 104.0
0.0 520.0 0.01207 21.0 104.0
0.0 520.0 0.01208 12.0 105.0
0.0 525.0 0.01208 12.0 105.0
0.0 525.0 0.01209 11.0 106.0
0.0 530.0 0.01209 11.0 106.0
0.0 530.0 0.01210 10.0 107.0
0.0 535.0 0.01210 10.0 107.0
0.0 535.0 0.01211 9.0 108.0
0.0 540.0 0.01211 9.0 108.0
0.0 540.0 0.01212 4.0 109.0
0.0 545.0 0.01212 4.0 109.0
0.0 545.0 0.01213 3.0 110.0
0.0 550.0 0.01213 3.0 110.0
0.0 550.0 0.01214 0.0 111.0
0.0 555.0 0.01214 0.0 111.0
0.0 555.0 0.01215 0.0 112.0
0.0 560.0 0.01215 0.0 112.0
0.0 550.0 0.01216 0.0 111.0
0.0 555.0 0.01216 0.0 111.0
0.0 555.0 0.01217 0.0 112.0
0.0 560.0 0.01217 0.0 112.0
0.0 550.0 0.01218 2.0 111.0
0.0 555.0 0.01218 2.0 111.0
0.0 555.0 0.01219 1.0 112.0
0.0 560.0 0.01219 1.0 112.0
0.0 560.0 0.01220 0.0 113.0
0.0 565.0 0.01220 0.0 113.0
0.0 565.0 0.01221 0.0 114.0
0.0 570.0 0.01221 0.0 114.0
0.0 540.0 0.01222 4.0 109.0
0.0 545.0 0.01222 4.0 109.0
0.0 545.0 0.01223 3.0 110.0
0.0 550.0 0.01223 3.0 110.0
0.0 550.0 0.01224 0.0 111.0
0.0 555.0 0.01224 0.0 111.0
0.0 555.0 0.01225 0.0 112.0
0.0 560.0 0.01225 0.0 112.0
0.0 550.0 0.01226 0.0 111.0
0.0 555.0 0.01226 0.0 111.0
0.0 555.0 0.01227 0.0 112.0
0.0 560.0 0.01227 0.0 112.0
0.0 550.0 0.01228 2.0 111.0
0.0 555.0 0.01228 2.0 111.0
0.0 555.0 0.01229 1.0 112.0
0.0 560.0 0.01229 1.0 112.0
0.0 560.0 0.01230 0.0 113.0
0.0 565.0 0.01230 0.0 113.0
0.0 565.0 0.01231 0.0 114.0
0.0 570.0 0.01231 0.0 114.0
0.0 540.0 0.01232 8.0 109.0
0.0 545.0 0.01232 8.0 109.0
0.0 545.0 0.01233 7.0 110.0
0.0 550.0 0.01233 7.0 110.0
0.0 550.0 0.01234 6.0 111.0
0.0 555.0 0.01234 6.0 111.0
0.0 555.0 0.01235 5.0 112.0
0.0 560.0 0.01235 5.0 112.0
0.0 560.0 0.01236 4.0 113.0
0.0 565.0 0.01236 4.0 113.0
0.0 565.0 0.01237 3.0 114.0
0.0 570.0 0.01237 3.0 114.0
0.0 570.0 0.01238 0.0 115.0
0.0 575.0 0.01238 0.0 115.0
0.0 575.0 0.01239 0.0 116.0
0.0 580.0 0.01239 0.0 116.0
0.0 570.0 0.01240 0.0 115.0
0.0 575.0 0.01240 0.0 115.0
0.0 575.0 0.01241 0.0 116.0
0.0 580.0 0.01241 0.0 116.0
0.0 570.0 0.01242 2.0 115.0
0.0 575.0 0.01242 2.0 115.0
0.0 575.0 0.01243 1.0 116.0
0.0 580.0 0.01243 1.0 116.0
0.0 580.0 0.01244 0.0 117.0
0.0 585.0 0.01244 0.0 117.0
0.0 585.0 0.01245 0.0 118.0
0.0 590.0 0.01245 0.0 118.0
0.0 520.0 0.01246 12.0 105.0
0.0 525.0 0.01246 12.0 105.0
0.0 525.0 0.01247 11.0 106.0
0.0 530.0 0.01247 11.0 106.0
0.0 530.0 0.01248 10.0 107.0
0.0 535.0 0.01248 10.0 107.0
0.0 535.0 0.01249 9.0 108.0
0.0 540.0 0.01249 9.0 108.0
0.0 540.0 0.01250 4.0 109.0
0.0 545.0 0.01250 4.0 109.0
0.0 545.0 0.01251 3.0 110.0
0.0 550.0 0.01251 3.0 110.0
0.0 550.0 0.01252 0.0 111.0
0.0 555.0 0.01252 0.0 111.0
0.0 555.0 0.01253 0.0 112.0
0.0 560.0 0.01253 0.0 112.0
0.0 550.0 0.01254 0.0 111.0
0.0 555.0 0.01254 0.0 111.0
0.0 555.0 0.01255 0.0 112.0
0.0 560.0 0.01255 0.0 112.0
0.0 550.0 0.01256 2.0 111.0
0.0 555.0 0.01256 2.0 111.0
0.0 555.0 0.01257 1.0 112.0
0.0 560.0 0.01257 1.0 112.0
0.0 560.0 0.01258 0.0 113.0
0.0 565.0 0.01258 0.0 113.0
0.0 565.0 0.01259 0.0 114.0
0.0 570.0 0.01259 0.0 114.0
0.0 540.0 0.01260 4.0 109.0
0.0 545.0 0.01260 4.0 109.0
0.0 545.0 0.01261 3.0 110.0
0.0 550.0 0.01261 3.0 110.0
0.0 550.0 0.01262 0.0 111.0
0.0 555.0 0.01262 0.0 111.0
0.0 555.0 0.01263 0.0 112.0
0.0 560.0 0.01263 0.0 112.0
0.0 550.0 0.01264 0.0 111.0
0.0 555.0 0.01264 0.0 111.0
0.0 555.0 0.01265 0.0 112.0
0.0 560.0 0.01265 0.0 112.0
0.0 550.0 0.01266 2.0 111.0
0.0 555.0 0.01266 2.0 111.0
0.0 555.0 0.01267 1.0 112.0
0.0 560.0 0.01267 1.0 112.0
0.0 560.0 0.01268 0.0 113.0
0.0 565.0 0.01268 0.0 113.0
0.0 565.0 0.01269 0.0 114.0
0.0 570.0 0.01269 0.0 114.0
0.0 540.0 0.01270 8.0 109.0
0.0 545.0 0.01270 8.0 109.0
0.0 545.0 0.01271 7.0 110.0
0.0 550.0 0.01271 7.0 110.0
0.0 550.0 0.01272 6.0 111.0
0.0 555.0 0.01272 6.0 111.0
0.0 555.0 0.01273 5.0 112.0
0.0 560.0 0.01273 5.0 112.0
0.0 560.0 0.01274 4.0 113.0
0.0 565.0 0.01274 4.0 113.0
0.0 565.0 0.01275 3.0 114.0
0.0 570.0 0.01275 3.0 114.0
0.0 570.0 0.01276 0.0 115.0
0.0 575.0 0.01276 0.0 115.0
0.0 575.0 0.01277 0.0 116.0
0.0 580.0 0.01277 0.0 116.0
0.0 570.0 0.01278 0.0 115.0
0.0 575.0 0.01278 0.0 115.0
0.0 575.0 0.01279 0.0 116.0
0.0 580.0 0.01279 0.0 116.0
0.0 570.0 0.01280 2.0 115.0
0.0 575.0 0.01280 2.0 115.0
0.0 575.0 0.01281 1.0 116.0
0.0 580.0 0.01281 1.0 116.0
0.0 580.0 0.01282 0.0 117.0
0.0 585.0 0.01282 0.0 117.0
0.0 585.0 0.01283 0.0 118.0
0.0 590.0 0.01283 0.0 118.0
0.0 520.0 0.01284 20.0 105.0
0.0 525.0 0.01284 20.0 105.0
0.0 525.0 0.01285 19.0 106.0
0.0 530.0 0.01285 19.0 106.0
0.0 530.0 0.01286 18.0 107.0
0.0 535.0 0.01286 18.0 107.0
0.0 535.0 0.01287 17.0 108.0
0.0 540.0 0.01287 17.0 108.0
0.0 540.0 0.01288 16.0 109.0
0.0 545.0 0.01288 16.0 109.0
0.0 545.0 0.01289 15.0 110.0
0.0 550.0 0.01289 15.0 110.0
0.0 550.0 0.01290 14.0 111.0
0.0 555.0 0.01290 14.0 111.0
0.0 555.0 0.01291 13.0 112.0
0.0 560.0 0.01291 13.0 112.0
0.0 560.0 0.01292 12.0 113.0
0.0 565.0 0.01292 12.0 113.0
0.0 565.0 0.01293 11.0 114.0
0.0 570.0 0.01293 11.0 114.0
0.0 570.0 0.01294 10.0 115.0
0.0 575.0 0.01294 10.0 115.0
0.0 575.0 0.01295 9.0 116.0
0.0 580.0 0.01295 9.0 116.0
0.0 580.0 0.01296 4.0 117.0
0.0 585.0 0.01296 4.0 117.0
0.0 585.0 0.01297 3.0 118.0
0.0 590.0 0.01297 3.0 118.0
0.0 590.0 0.01298 0.0 119.0
0.0 595.0 0.01298 0.0 119.0
0.0 595.0 0.01299 0.0 120.0
0.0 600.0 0.01299 0.0 120.0
0.0 590.0 0.01300 0.0 119.0
0.0 595.0 0.01300 0.0 119.0
0.0 595.0 0.01301 0.0 120.0
0.0 600.0 0.01301 0.0 120.0
0.0 590.0 0.01302 2.0 119.0
0.0 595.0 0.01302 2.0 119.0
0.0 595.0 0.01303 1.0 120.0
0.0 600.0 0.01303 1.0 120.0
0.0 600.0 0.01304 0.0 121.0
0.0 605.0 0.01304 0.0 121.0
0.0 605.0 0.01305 0.0 122.0
0.0 610.0 0.01305 0.0 122.0
0.0 580.0 0.01306 4.0 117.0
0.0 585.0 0.01306 4.0 117.0
0.0 585.0 0.01307 3.0 118.0
0.0 590.0 0.01307 3.0 118.0
0.0 590.0 0.01308 0.0 119.0
0.0 595.0 0.01308 0.0 119.0
0.0 595.0 0.01309 0.0 120.0
0.0 600.0 0.01309 0.0 120.0
0.0 590.0 0.01310 0.0 119.0
0.0 595.0 0.01310 0.0 119.0
0.0 595.0 0.01311 0.0 120.0
0.0 600.0 0.01311 0.0 120.0
0.0 590.0 0.01312 2.0 119.0
0.0 595.0 0.01312 2.0 119.0
0.0 595.0 0.01313 1.0 120.0
0.0 600.0 0.01313 1.0 120.0
0.0 600.0 0.01314 0.0 121.0
0.0 605.0 0.01314 0.0 121.0
0.0 605.0 0.01315 0.0 122.0
0.0 610.0 0.01315 0.0 122.0
0.0 580.0 0.01316 8.0 117.0
0.0 585.0 0.01316 8.0 117.0
0.0 585.0 0.01317 7.0 118.0
0.0 590.0 0.01317 7.0 118.0
0.0 590.0 0.01318 6.0 119.0
0.0 595.0 0.01318 6.0 119.0
0.0 595.0 0.01319 5.0 120.0
0.0 600.0 0.01319 5.0 120.0
0.0 600.0 0.01320 4.0 121.0
0.0 605.0 0.01320 4.0 121.0
0.0 605.0 0.01321 3.0 122.0
0.0 610.0 0.01321 3.0 122.0
0.0 610.0 0.01322 0.0 123.0
0.0 615.0 0.01322 0.0 123.0
0.0 615.0 0.01323 0.0 124.0
0.0 620.0 0.01323 0.0 124.0
0.0 610.0 0.01324 0.0 123.0
0.0 615.0 0.01324 0.0 123.0
0.0 615.0 0.01325 0.0 124.0
0.0 620.0 0.01325 0.0 124.0
0.0 610.0 0.01326 2.0 123.0
0.0 615.0 0.01326 2.0 123.0
0.0 615.0 0.01327 1.0 124.0
0.0 620.0 0.01327 1.0 124.0
0.0 620.0 0.01328 0.0 125.0
0.0 625.0 0.01328 0.0 125.0
0.0 625.0 0.01329 0.0 126.0
0.0 630.0 0.01329 0.0 126.0
