0.0 0.0 0.00 28.0 1.0
0.0 5.0 0.00 28.0 1.0
0.0 5.0 0.01 27.0 2.0
0.0 10.0 0.01 27.0 2.0
0.0 10.0 0.02 26.0 3.0
0.0 15.0 0.02 26.0 3.0
0.0 15.0 0.03 25.0 4.0
0.0 20.0 0.03 25.0 4.0
0.0 20.0 0.04 24.0 5.0
0.0 25.0 0.04 24.0 5.0
0.0 25.0 0.05 23.0 6.0
0.0 30.0 0.05 23.0 6.0
0.0 30.0 0.06 22.0 7.0
0.0 35.0 0.06 22.0 7.0
0.0 35.0 0.07 21.0 8.0
0.0 40.0 0.07 21.0 8.0
0.0 40.0 0.08 12.0 9.0
0.0 45.0 0.08 12.0 9.0
0.0 45.0 0.09 11.0 10.0
0.0 50.0 0.09 11.0 10.0
0.0 50.0 0.010 10.0 11.0
0.0 55.0 0.010 10.0 11.0
0.0 55.0 0.011 9.0 12.0
0.0 60.0 0.011 9.0 12.0
0.0 60.0 0.012 4.0 13.0
0.0 65.0 0.012 4.0 13.0
0.0 65.0 0.013 3.0 14.0
0.0 70.0 0.013 3.0 14.0
0.0 70.0 0.014 0.0 15.0
0.0 75.0 0.014 0.0 15.0
0.0 75.0 0.015 0.0 16.0
0.0 80.0 0.015 0.0 16.0
0.0 70.0 0.016 2.0 15.0
0.0 75.0 0.016 2.0 15.0
0.0 75.0 0.017 1.0 16.0
0.0 80.0 0.017 1.0 16.0
0.0 80.0 0.018 0.0 17.0
0.0 85.0 0.018 0.0 17.0
0.0 85.0 0.019 0.0 18.0
0.0 90.0 0.019 0.0 18.0
0.0 80.0 0.020 0.0 17.0
0.0 85.0 0.020 0.0 17.0
0.0 85.0 0.021 0.0 18.0
0.0 90.0 0.021 0.0 18.0
0.0 60.0 0.022 8.0 13.0
0.0 65.0 0.022 8.0 13.0
0.0 65.0 0.023 7.0 14.0
0.0 70.0 0.023 7.0 14.0
0.0 70.0 0.024 6.0 15.0
0.0 75.0 0.024 6.0 15.0
0.0 75.0 0.025 5.0 16.0
0.0 80.0 0.025 5.0 16.0
0.0 80.0 0.026 4.0 17.0
0.0 85.0 0.026 4.0 17.0
0.0 85.0 0.027 3.0 18.0
0.0 90.0 0.027 3.0 18.0
0.0 90.0 0.028 0.0 19.0
0.0 95.0 0.028 0.0 19.0
0.0 95.0 0.029 0.0 20.0
0.0 100.0 0.029 0.0 20.0
0.0 90.0 0.030 2.0 19.0
0.0 95.0 0.030 2.0 19.0
0.0 95.0 0.031 1.0 20.0
0.0 100.0 0.031 1.0 20.0
0.0 100.0 0.032 0.0 21.0
0.0 105.0 0.032 0.0 21.0
0.0 105.0 0.033 0.0 22.0
0.0 110.0 0.033 0.0 22.0
0.0 100.0 0.034 0.0 21.0
0.0 105.0 0.034 0.0 21.0
0.0 105.0 0.035 0.0 22.0
0.0 110.0 0.035 0.0 22.0
0.0 80.0 0.036 4.0 17.0
0.0 85.0 0.036 4.0 17.0
0.0 85.0 0.037 3.0 18.0
0.0 90.0 0.037 3.0 18.0
0.0 90.0 0.038 0.0 19.0
0.0 95.0 0.038 0.0 19.0
0.0 95.0 0.039 0.0 20.0
0.0 100.0 0.039 0.0 20.0
0.0 90.0 0.040 2.0 19.0
0.0 95.0 0.040 2.0 19.0
0.0 95.0 0.041 1.0 20.0
0.0 100.0 0.041 1.0 20.0
0.0 100.0 0.042 0.0 21.0
0.0 105.0 0.042 0.0 21.0
0.0 105.0 0.043 0.0 22.0
0.0 110.0 0.043 0.0 22.0
0.0 100.0 0.044 0.0 21.0
0.0 105.0 0.044 0.0 21.0
0.0 105.0 0.045 0.0 22.0
0.0 110.0 0.045 0.0 22.0
0.0 40.0 0.046 20.0 9.0
0.0 45.0 0.046 20.0 9.0
0.0 45.0 0.047 19.0 10.0
0.0 50.0 0.047 19.0 10.0
0.0 50.0 0.048 18.0 11.0
0.0 55.0 0.048 18.0 11.0
0.0 55.0 0.049 17.0 12.0
0.0 60.0 0.049 17.0 12.0
0.0 60.0 0.050 16.0 13.0
0.0 65.0 0.050 16.0 13.0
0.0 65.0 0.051 15.0 14.0
0.0 70.0 0.051 15.0 14.0
0.0 70.0 0.052 14.0 15.0
0.0 75.0 0.052 14.0 15.0
0.0 75.0 0.053 13.0 16.0
0.0 80.0 0.053 13.0 16.0
0.0 80.0 0.054 12.0 17.0
0.0 85.0 0.054 12.0 17.0
0.0 85.0 0.055 11.0 18.0
0.0 90.0 0.055 11.0 18.0
0.0 90.0 0.056 10.0 19.0
0.0 95.0 0.056 10.0 19.0
0.0 95.0 0.057 9.0 20.0
0.0 100.0 0.057 9.0 20.0
0.0 100.0 0.058 4.0 21.0
0.0 105.0 0.058 4.0 21.0
0.0 105.0 0.059 3.0 22.0
0.0 110.0 0.059 3.0 22.0
0.0 110.0 0.060 0.0 23.0
0.0 115.0 0.060 0.0 23.0
0.0 115.0 0.061 0.0 24.0
0.0 120.0 0.061 0.0 24.0
0.0 110.0 0.062 2.0 23.0
0.0 115.0 0.062 2.0 23.0
0.0 115.0 0.063 1.0 24.0
0.0 120.0 0.063 1.0 24.0
0.0 120.0 0.064 0.0 25.0
0.0 125.0 0.064 0.0 25.0
0.0 125.0 0.065 0.0 26.0
0.0 130.0 0.065 0.0 26.0
0.0 120.0 0.066 0.0 25.0
0.0 125.0 0.066 0.0 25.0
0.0 125.0 0.067 0.0 26.0
0.0 130.0 0.067 0.0 26.0
0.0 100.0 0.068 8.0 21.0
0.0 105.0 0.068 8.0 21.0
0.0 105.0 0.069 7.0 22.0
0.0 110.0 0.069 7.0 22.0
0.0 110.0 0.070 6.0 23.0
0.0 115.0 0.070 6.0 23.0
0.0 115.0 0.071 5.0 24.0
0.0 120.0 0.071 5.0 24.0
0.0 120.0 0.072 4.0 25.0
0.0 125.0 0.072 4.0 25.0
0.0 125.0 0.073 3.0 26.0
0.0 130.0 0.073 3.0 26.0
0.0 130.0 0.074 0.0 27.0
0.0 135.0 0.074 0.0 27.0
0.0 135.0 0.075 0.0 28.0
0.0 140.0 0.075 0.0 28.0
0.0 130.0 0.076 2.0 27.0
0.0 135.0 0.076 2.0 27.0
0.0 135.0 0.077 1.0 28.0
0.0 140.0 0.077 1.0 28.0
0.0 140.0 0.078 0.0 29.0
0.0 145.0 0.078 0.0 29.0
0.0 145.0 0.079 0.0 30.0
0.0 150.0 0.079 0.0 30.0
0.0 140.0 0.080 0.0 29.0
0.0 145.0 0.080 0.0 29.0
0.0 145.0 0.081 0.0 30.0
0.0 150.0 0.081 0.0 30.0
0.0 120.0 0.082 4.0 25.0
0.0 125.0 0.082 4.0 25.0
0.0 125.0 0.083 3.0 26.0
0.0 130.0 0.083 3.0 26.0
0.0 130.0 0.084 0.0 27.0
0.0 135.0 0.084 0.0 27.0
0.0 135.0 0.085 0.0 28.0
0.0 140.0 0.085 0.0 28.0
0.0 130.0 0.086 2.0 27.0
0.0 135.0 0.086 2.0 27.0
0.0 135.0 0.087 1.0 28.0
0.0 140.0 0.087 1.0 28.0
0.0 140.0 0.088 0.0 29.0
0.0 145.0 0.088 0.0 29.0
0.0 145.0 0.089 0.0 30.0
0.0 150.0 0.089 0.0 30.0
0.0 140.0 0.090 0.0 29.0
0.0 145.0 0.090 0.0 29.0
0.0 145.0 0.091 0.0 30.0
0.0 150.0 0.091 0.0 30.0
0.0 80.0 0.092 12.0 17.0
0.0 85.0 0.092 12.0 17.0
0.0 85.0 0.093 11.0 18.0
0.0 90.0 0.093 11.0 18.0
0.0 90.0 0.094 10.0 19.0
0.0 95.0 0.094 10.0 19.0
0.0 95.0 0.095 9.0 20.0
0.0 100.0 0.095 9.0 20.0
0.0 100.0 0.096 4.0 21.0
0.0 105.0 0.096 4.0 21.0
0.0 105.0 0.097 3.0 22.0
0.0 110.0 0.097 3.0 22.0
0.0 110.0 0.098 0.0 23.0
0.0 115.0 0.098 0.0 23.0
0.0 115.0 0.099 0.0 24.0
0.0 120.0 0.099 0.0 24.0
0.0 110.0 0.0100 2.0 23.0
0.0 115.0 0.0100 2.0 23.0
0.0 115.0 0.0101 1.0 24.0
0.0 120.0 0.0101 1.0 24.0
0.0 120.0 0.0102 0.0 25.0
0.0 125.0 0.0102 0.0 25.0
0.0 125.0 0.0103 0.0 26.0
0.0 130.0 0.0103 0.0 26.0
0.0 120.0 0.0104 0.0 25.0
0.0 125.0 0.0104 0.0 25.0
0.0 125.0 0.0105 0.0 26.0
0.0 130.0 0.0105 0.0 26.0
0.0 100.0 0.0106 8.0 21.0
0.0 105.0 0.0106 8.0 21.0
0.0 105.0 0.0107 7.0 22.0
0.0 110.0 0.0107 7.0 22.0
0.0 110.0 0.0108 6.0 23.0
0.0 115.0 0.0108 6.0 23.0
0.0 115.0 0.0109 5.0 24.0
0.0 120.0 0.0109 5.0 24.0
0.0 120.0 0.0110 4.0 25.0
0.0 125.0 0.0110 4.0 25.0
0.0 125.0 0.0111 3.0 26.0
0.0 130.0 0.0111 3.0 26.0
0.0 130.0 0.0112 0.0 27.0
0.0 135.0 0.0112 0.0 27.0
0.0 135.0 0.0113 0.0 28.0
0.0 140.0 0.0113 0.0 28.0
0.0 130.0 0.0114 2.0 27.0
0.0 135.0 0.0114 2.0 27.0
0.0 135.0 0.0115 1.0 28.0
0.0 140.0 0.0115 1.0 28.0
0.0 140.0 0.0116 0.0 29.0
0.0 145.0 0.0116 0.0 29.0
0.0 145.0 0.0117 0.0 30.0
0.0 150.0 0.0117 0.0 30.0
0.0 140.0 0.0118 0.0 29.0
0.0 145.0 0.0118 0.0 29.0
0.0 145.0 0.0119 0.0 30.0
0.0 150.0 0.0119 0.0 30.0
0.0 120.0 0.0120 4.0 25.0
0.0 125.0 0.0120 4.0 25.0
0.0 125.0 0.0121 3.0 26.0
0.0 130.0 0.0121 3.0 26.0
0.0 130.0 0.0122 0.0 27.0
0.0 135.0 0.0122 0.0 27.0
0.0 135.0 0.0123 0.0 28.0
0.0 140.0 0.0123 0.0 28.0
0.0 130.0 0.0124 2.0 27.0
0.0 135.0 0.0124 2.0 27.0
0.0 135.0 0.0125 1.0 28.0
0.0 140.0 0.0125 1.0 28.0
0.0 140.0 0.0126 0.0 29.0
0.0 145.0 0.0126 0.0 29.0
0.0 145.0 0.0127 0.0 30.0
0.0 150.0 0.0127 0.0 30.0
0.0 140.0 0.0128 0.0 29.0
0.0 145.0 0.0128 0.0 29.0
0.0 145.0 0.0129 0.0 30.0
0.0 150.0 0.0129 0.0 30.0
