0.0 0.0 0.00 60.0 1.0
0.0 4.0 0.00 60.0 1.0
0.0 4.0 0.01 59.0 2.0
0.0 8.0 0.01 59.0 2.0
0.0 8.0 0.02 58.0 3.0
0.0 12.0 0.02 58.0 3.0
0.0 12.0 0.03 57.0 4.0
0.0 16.0 0.03 57.0 4.0
0.0 16.0 0.04 56.0 5.0
0.0 20.0 0.04 56.0 5.0
0.0 20.0 0.05 55.0 6.0
0.0 24.0 0.05 55.0 6.0
0.0 24.0 0.06 54.0 7.0
0.0 28.0 0.06 54.0 7.0
0.0 28.0 0.07 53.0 8.0
0.0 32.0 0.07 53.0 8.0
0.0 32.0 0.08 52.0 9.0
0.0 36.0 0.08 52.0 9.0
0.0 36.0 0.09 51.0 10.0
0.0 40.0 0.09 51.0 10.0
0.0 40.0 0.010 50.0 11.0
0.0 44.0 0.010 50.0 11.0
0.0 44.0 0.011 49.0 12.0
0.0 48.0 0.011 49.0 12.0
0.0 48.0 0.012 48.0 13.0
0.0 52.0 0.012 48.0 13.0
0.0 52.0 0.013 47.0 14.0
0.0 56.0 0.013 47.0 14.0
0.0 56.0 0.014 46.0 15.0
0.0 60.0 0.014 46.0 15.0
0.0 60.0 0.015 45.0 16.0
0.0 64.0 0.015 45.0 16.0
0.0 64.0 0.016 28.0 17.0
0.0 68.0 0.016 28.0 17.0
0.0 68.0 0.017 27.0 18.0
0.0 72.0 0.017 27.0 18.0
0.0 72.0 0.018 26.0 19.0
0.0 76.0 0.018 26.0 19.0
0.0 76.0 0.019 25.0 20.0
0.0 80.0 0.019 25.0 20.0
0.0 80.0 0.020 24.0 21.0
0.0 84.0 0.020 24.0 21.0
0.0 84.0 0.021 23.0 22.0
0.0 88.0 0.021 23.0 22.0
0.0 88.0 0.022 22.0 23.0
0.0 92.0 0.022 22.0 23.0
0.0 92.0 0.023 21.0 24.0
0.0 96.0 0.023 21.0 24.0
0.0 96.0 0.024 12.0 25.0
0.0 100.0 0.024 12.0 25.0
0.0 100.0 0.025 11.0 26.0
0.0 104.0 0.025 11.0 26.0
0.0 104.0 0.026 10.0 27.0
0.0 108.0 0.026 10.0 27.0
0.0 108.0 0.027 9.0 28.0
0.0 112.0 0.027 9.0 28.0
0.0 112.0 0.028 4.0 29.0
0.0 116.0 0.028 4.0 29.0
0.0 116.0 0.029 3.0 30.0
0.0 120.0 0.029 3.0 30.0
0.0 120.0 0.030 0.0 31.0
0.0 124.0 0.030 0.0 31.0
0.0 124.0 0.031 0.0 32.0
0.0 128.0 0.031 0.0 32.0
0.0 120.0 0.032 0.0 31.0
0.0 124.0 0.032 0.0 31.0
0.0 124.0 0.033 0.0 32.0
0.0 128.0 0.033 0.0 32.0
0.0 120.0 0.034 2.0 31.0
0.0 124.0 0.034 2.0 31.0
0.0 124.0 0.035 1.0 32.0
0.0 128.0 0.035 1.0 32.0
0.0 128.0 0.036 0.0 33.0
0.0 132.0 0.036 0.0 33.0
0.0 132.0 0.037 0.0 34.0
0.0 136.0 0.037 0.0 34.0
0.0 112.0 0.038 4.0 29.0
0.0 116.0 0.038 4.0 29.0
0.0 116.0 0.039 3.0 30.0
0.0 120.0 0.039 3.0 30.0
0.0 120.0 0.040 0.0 31.0
0.0 124.0 0.040 0.0 31.0
0.0 124.0 0.041 0.0 32.0
0.0 128.0 0.041 0.0 32.0
0.0 120.0 0.042 0.0 31.0
0.0 124.0 0.042 0.0 31.0
0.0 124.0 0.043 0.0 32.0
0.0 128.0 0.043 0.0 32.0
0.0 120.0 0.044 2.0 31.0
0.0 124.0 0.044 2.0 31.0
0.0 124.0 0.045 1.0 32.0
0.0 128.0 0.045 1.0 32.0
0.0 128.0 0.046 0.0 33.0
0.0 132.0 0.046 0.0 33.0
0.0 132.0 0.047 0.0 34.0
0.0 136.0 0.047 0.0 34.0
0.0 112.0 0.048 8.0 29.0
0.0 116.0 0.048 8.0 29.0
0.0 116.0 0.049 7.0 30.0
0.0 120.0 0.049 7.0 30.0
0.0 120.0 0.050 6.0 31.0
0.0 124.0 0.050 6.0 31.0
0.0 124.0 0.051 5.0 32.0
0.0 128.0 0.051 5.0 32.0
0.0 128.0 0.052 4.0 33.0
0.0 132.0 0.052 4.0 33.0
0.0 132.0 0.053 3.0 34.0
0.0 136.0 0.053 3.0 34.0
0.0 136.0 0.054 0.0 35.0
0.0 140.0 0.054 0.0 35.0
0.0 140.0 0.055 0.0 36.0
0.0 144.0 0.055 0.0 36.0
0.0 136.0 0.056 0.0 35.0
0.0 140.0 0.056 0.0 35.0
0.0 140.0 0.057 0.0 36.0
0.0 144.0 0.057 0.0 36.0
0.0 136.0 0.058 2.0 35.0
0.0 140.0 0.058 2.0 35.0
0.0 140.0 0.059 1.0 36.0
0.0 144.0 0.059 1.0 36.0
0.0 144.0 0.060 0.0 37.0
0.0 148.0 0.060 0.0 37.0
0.0 148.0 0.061 0.0 38.0
0.0 152.0 0.061 0.0 38.0
0.0 96.0 0.062 12.0 25.0
0.0 100.0 0.062 12.0 25.0
0.0 100.0 0.063 11.0 26.0
0.0 104.0 0.063 11.0 26.0
0.0 104.0 0.064 10.0 27.0
0.0 108.0 0.064 10.0 27.0
0.0 108.0 0.065 9.0 28.0
0.0 112.0 0.065 9.0 28.0
0.0 112.0 0.066 4.0 29.0
0.0 116.0 0.066 4.0 29.0
0.0 116.0 0.067 3.0 30.0
0.0 120.0 0.067 3.0 30.0
0.0 120.0 0.068 0.0 31.0
0.0 124.0 0.068 0.0 31.0
0.0 124.0 0.069 0.0 32.0
0.0 128.0 0.069 0.0 32.0
0.0 120.0 0.070 0.0 31.0
0.0 124.0 0.070 0.0 31.0
0.0 124.0 0.071 0.0 32.0
0.0 128.0 0.071 0.0 32.0
0.0 120.0 0.072 2.0 31.0
0.0 124.0 0.072 2.0 31.0
0.0 124.0 0.073 1.0 32.0
0.0 128.0 0.073 1.0 32.0
0.0 128.0 0.074 0.0 33.0
0.0 132.0 0.074 0.0 33.0
0.0 132.0 0.075 0.0 34.0
0.0 136.0 0.075 0.0 34.0
0.0 112.0 0.076 4.0 29.0
0.0 116.0 0.076 4.0 29.0
0.0 116.0 0.077 3.0 30.0
0.0 120.0 0.077 3.0 30.0
0.0 120.0 0.078 0.0 31.0
0.0 124.0 0.078 0.0 31.0
0.0 124.0 0.079 0.0 32.0
0.0 128.0 0.079 0.0 32.0
0.0 120.0 0.080 0.0 31.0
0.0 124.0 0.080 0.0 31.0
0.0 124.0 0.081 0.0 32.0
0.0 128.0 0.081 0.0 32.0
0.0 120.0 0.082 2.0 31.0
0.0 124.0 0.082 2.0 31.0
0.0 124.0 0.083 1.0 32.0
0.0 128.0 0.083 1.0 32.0
0.0 128.0 0.084 0.0 33.0
0.0 132.0 0.084 0.0 33.0
0.0 132.0 0.085 0.0 34.0
0.0 136.0 0.085 0.0 34.0
0.0 112.0 0.086 8.0 29.0
0.0 116.0 0.086 8.0 29.0
0.0 116.0 0.087 7.0 30.0
0.0 120.0 0.087 7.0 30.0
0.0 120.0 0.088 6.0 31.0
0.0 124.0 0.088 6.0 31.0
0.0 124.0 0.089 5.0 32.0
0.0 128.0 0.089 5.0 32.0
0.0 128.0 0.090 4.0 33.0
0.0 132.0 0.090 4.0 33.0
0.0 132.0 0.091 3.0 34.0
0.0 136.0 0.091 3.0 34.0
0.0 136.0 0.092 0.0 35.0
0.0 140.0 0.092 0.0 35.0
0.0 140.0 0.093 0.0 36.0
0.0 144.0 0.093 0.0 36.0
0.0 136.0 0.094 0.0 35.0
0.0 140.0 0.094 0.0 35.0
0.0 140.0 0.095 0.0 36.0
0.0 144.0 0.095 0.0 36.0
0.0 136.0 0.096 2.0 35.0
0.0 140.0 0.096 2.0 35.0
0.0 140.0 0.097 1.0 36.0
0.0 144.0 0.097 1.0 36.0
0.0 144.0 0.098 0.0 37.0
0.0 148.0 0.098 0.0 37.0
0.0 148.0 0.099 0.0 38.0
0.0 152.0 0.099 0.0 38.0
0.0 96.0 0.0100 20.0 25.0
0.0 100.0 0.0100 20.0 25.0
0.0 100.0 0.0101 19.0 26.0
0.0 104.0 0.0101 19.0 26.0
0.0 104.0 0.0102 18.0 27.0
0.0 108.0 0.0102 18.0 27.0
0.0 108.0 0.0103 17.0 28.0
0.0 112.0 0.0103 17.0 28.0
0.0 112.0 0.0104 16.0 29.0
0.0 116.0 0.0104 16.0 29.0
0.0 116.0 0.0105 15.0 30.0
0.0 120.0 0.0105 15.0 30.0
0.0 120.0 0.0106 14.0 31.0
0.0 124.0 0.0106 14.0 31.0
0.0 124.0 0.0107 13.0 32.0
0.0 128.0 0.0107 13.0 32.0
0.0 128.0 0.0108 12.0 33.0
0.0 132.0 0.0108 12.0 33.0
0.0 132.0 0.0109 11.0 34.0
0.0 136.0 0.0109 11.0 34.0
0.0 136.0 0.0110 10.0 35.0
0.0 140.0 0.0110 10.0 35.0
0.0 140.0 0.0111 9.0 36.0
0.0 144.0 0.0111 9.0 36.0
0.0 144.0 0.0112 4.0 37.0
0.0 148.0 0.0112 4.0 37.0
0.0 148.0 0.0113 3.0 38.0
0.0 152.0 0.0113 3.0 38.0
0.0 152.0 0.0114 0.0 39.0
0.0 156.0 0.0114 0.0 39.0
0.0 156.0 0.0115 0.0 40.0
0.0 160.0 0.0115 0.0 40.0
0.0 152.0 0.0116 0.0 39.0
0.0 156.0 0.0116 0.0 39.0
0.0 156.0 0.0117 0.0 40.0
0.0 160.0 0.0117 0.0 40.0
0.0 152.0 0.0118 2.0 39.0
0.0 156.0 0.0118 2.0 39.0
0.0 156.0 0.0119 1.0 40.0
0.0 160.0 0.0119 1.0 40.0
0.0 160.0 0.0120 0.0 41.0
0.0 164.0 0.0120 0.0 41.0
0.0 164.0 0.0121 0.0 42.0
0.0 168.0 0.0121 0.0 42.0
0.0 144.0 0.0122 4.0 37.0
0.0 148.0 0.0122 4.0 37.0
0.0 148.0 0.0123 3.0 38.0
0.0 152.0 0.0123 3.0 38.0
0.0 152.0 0.0124 0.0 39.0
0.0 156.0 0.0124 0.0 39.0
0.0 156.0 0.0125 0.0 40.0
0.0 160.0 0.0125 0.0 40.0
0.0 152.0 0.0126 0.0 39.0
0.0 156.0 0.0126 0.0 39.0
0.0 156.0 0.0127 0.0 40.0
0.0 160.0 0.0127 0.0 40.0
0.0 152.0 0.0128 2.0 39.0
0.0 156.0 0.0128 2.0 39.0
0.0 156.0 0.0129 1.0 40.0
0.0 160.0 0.0129 1.0 40.0
0.0 160.0 0.0130 0.0 41.0
0.0 164.0 0.0130 0.0 41.0
0.0 164.0 0.0131 0.0 42.0
0.0 168.0 0.0131 0.0 42.0
0.0 144.0 0.0132 8.0 37.0
0.0 148.0 0.0132 8.0 37.0
0.0 148.0 0.0133 7.0 38.0
0.0 152.0 0.0133 7.0 38.0
0.0 152.0 0.0134 6.0 39.0
0.0 156.0 0.0134 6.0 39.0
0.0 156.0 0.0135 5.0 40.0
0.0 160.0 0.0135 5.0 40.0
0.0 160.0 0.0136 4.0 41.0
0.0 164.0 0.0136 4.0 41.0
0.0 164.0 0.0137 3.0 42.0
0.0 168.0 0.0137 3.0 42.0
0.0 168.0 0.0138 0.0 43.0
0.0 172.0 0.0138 0.0 43.0
0.0 172.0 0.0139 0.0 44.0
0.0 176.0 0.0139 0.0 44.0
0.0 168.0 0.0140 0.0 43.0
0.0 172.0 0.0140 0.0 43.0
0.0 172.0 0.0141 0.0 44.0
0.0 176.0 0.0141 0.0 44.0
0.0 168.0 0.0142 2.0 43.0
0.0 172.0 0.0142 2.0 43.0
0.0 172.0 0.0143 1.0 44.0
0.0 176.0 0.0143 1.0 44.0
0.0 176.0 0.0144 0.0 45.0
0.0 180.0 0.0144 0.0 45.0
0.0 180.0 0.0145 0.0 46.0
0.0 184.0 0.0145 0.0 46.0
0.0 64.0 0.0146 28.0 17.0
0.0 68.0 0.0146 28.0 17.0
0.0 68.0 0.0147 27.0 18.0
0.0 72.0 0.0147 27.0 18.0
0.0 72.0 0.0148 26.0 19.0
0.0 76.0 0.0148 26.0 19.0
0.0 76.0 0.0149 25.0 20.0
0.0 80.0 0.0149 25.0 20.0
0.0 80.0 0.0150 24.0 21.0
0.0 84.0 0.0150 24.0 21.0
0.0 84.0 0.0151 23.0 22.0
0.0 88.0 0.0151 23.0 22.0
0.0 88.0 0.0152 22.0 23.0
0.0 92.0 0.0152 22.0 23.0
0.0 92.0 0.0153 21.0 24.0
0.0 96.0 0.0153 21.0 24.0
0.0 96.0 0.0154 12.0 25.0
0.0 100.0 0.0154 12.0 25.0
0.0 100.0 0.0155 11.0 26.0
0.0 104.0 0.0155 11.0 26.0
0.0 104.0 0.0156 10.0 27.0
0.0 108.0 0.0156 10.0 27.0
0.0 108.0 0.0157 9.0 28.0
0.0 112.0 0.0157 9.0 28.0
0.0 112.0 0.0158 4.0 29.0
0.0 116.0 0.0158 4.0 29.0
0.0 116.0 0.0159 3.0 30.0
0.0 120.0 0.0159 3.0 30.0
0.0 120.0 0.0160 0.0 31.0
0.0 124.0 0.0160 0.0 31.0
0.0 124.0 0.0161 0.0 32.0
0.0 128.0 0.0161 0.0 32.0
0.0 120.0 0.0162 0.0 31.0
0.0 124.0 0.0162 0.0 31.0
0.0 124.0 0.0163 0.0 32.0
0.0 128.0 0.0163 0.0 32.0
0.0 120.0 0.0164 2.0 31.0
0.0 124.0 0.0164 2.0 31.0
0.0 124.0 0.0165 1.0 32.0
0.0 128.0 0.0165 1.0 32.0
0.0 128.0 0.0166 0.0 33.0
0.0 132.0 0.0166 0.0 33.0
0.0 132.0 0.0167 0.0 34.0
0.0 136.0 0.0167 0.0 34.0
0.0 112.0 0.0168 4.0 29.0
0.0 116.0 0.0168 4.0 29.0
0.0 116.0 0.0169 3.0 30.0
0.0 120.0 0.0169 3.0 30.0
0.0 120.0 0.0170 0.0 31.0
0.0 124.0 0.0170 0.0 31.0
0.0 124.0 0.0171 0.0 32.0
0.0 128.0 0.0171 0.0 32.0
0.0 120.0 0.0172 0.0 31.0
0.0 124.0 0.0172 0.0 31.0
0.0 124.0 0.0173 0.0 32.0
0.0 128.0 0.0173 0.0 32.0
0.0 120.0 0.0174 2.0 31.0
0.0 124.0 0.0174 2.0 31.0
0.0 124.0 0.0175 1.0 32.0
0.0 128.0 0.0175 1.0 32.0
0.0 128.0 0.0176 0.0 33.0
0.0 132.0 0.0176 0.0 33.0
0.0 132.0 0.0177 0.0 34.0
0.0 136.0 0.0177 0.0 34.0
0.0 112.0 0.0178 8.0 29.0
0.0 116.0 0.0178 8.0 29.0
0.0 116.0 0.0179 7.0 30.0
0.0 120.0 0.0179 7.0 30.0
0.0 120.0 0.0180 6.0 31.0
0.0 124.0 0.0180 6.0 31.0
0.0 124.0 0.0181 5.0 32.0
0.0 128.0 0.0181 5.0 32.0
0.0 128.0 0.0182 4.0 33.0
0.0 132.0 0.0182 4.0 33.0
0.0 132.0 0.0183 3.0 34.0
0.0 136.0 0.0183 3.0 34.0
0.0 136.0 0.0184 0.0 35.0
0.0 140.0 0.0184 0.0 35.0
0.0 140.0 0.0185 0.0 36.0
0.0 144.0 0.0185 0.0 36.0
0.0 136.0 0.0186 0.0 35.0
0.0 140.0 0.0186 0.0 35.0
0.0 140.0 0.0187 0.0 36.0
0.0 144.0 0.0187 0.0 36.0
0.0 136.0 0.0188 2.0 35.0
0.0 140.0 0.0188 2.0 35.0
0.0 140.0 0.0189 1.0 36.0
0.0 144.0 0.0189 1.0 36.0
0.0 144.0 0.0190 0.0 37.0
0.0 148.0 0.0190 0.0 37.0
0.0 148.0 0.0191 0.0 38.0
0.0 152.0 0.0191 0.0 38.0
0.0 96.0 0.0192 12.0 25.0
0.0 100.0 0.0192 12.0 25.0
0.0 100.0 0.0193 11.0 26.0
0.0 104.0 0.0193 11.0 26.0
0.0 104.0 0.0194 10.0 27.0
0.0 108.0 0.0194 10.0 27.0
0.0 108.0 0.0195 9.0 28.0
0.0 112.0 0.0195 9.0 28.0
0.0 112.0 0.0196 4.0 29.0
0.0 116.0 0.0196 4.0 29.0
0.0 116.0 0.0197 3.0 30.0
0.0 120.0 0.0197 3.0 30.0
0.0 120.0 0.0198 0.0 31.0
0.0 124.0 0.0198 0.0 31.0
0.0 124.0 0.0199 0.0 32.0
0.0 128.0 0.0199 0.0 32.0
0.0 120.0 0.0200 0.0 31.0
0.0 124.0 0.0200 0.0 31.0
0.0 124.0 0.0201 0.0 32.0
0.0 128.0 0.0201 0.0 32.0
0.0 120.0 0.0202 2.0 31.0
0.0 124.0 0.0202 2.0 31.0
0.0 124.0 0.0203 1.0 32.0
0.0 128.0 0.0203 1.0 32.0
0.0 128.0 0.0204 0.0 33.0
0.0 132.0 0.0204 0.0 33.0
0.0 132.0 0.0205 0.0 34.0
0.0 136.0 0.0205 0.0 34.0
0.0 112.0 0.0206 4.0 29.0
0.0 116.0 0.0206 4.0 29.0
0.0 116.0 0.0207 3.0 30.0
0.0 120.0 0.0207 3.0 30.0
0.0 120.0 0.0208 0.0 31.0
0.0 124.0 0.0208 0.0 31.0
0.0 124.0 0.0209 0.0 32.0
0.0 128.0 0.0209 0.0 32.0
0.0 120.0 0.0210 0.0 31.0
0.0 124.0 0.0210 0.0 31.0
0.0 124.0 0.0211 0.0 32.0
0.0 128.0 0.0211 0.0 32.0
0.0 120.0 0.0212 2.0 31.0
0.0 124.0 0.0212 2.0 31.0
0.0 124.0 0.0213 1.0 32.0
0.0 128.0 0.0213 1.0 32.0
0.0 128.0 0.0214 0.0 33.0
0.0 132.0 0.0214 0.0 33.0
0.0 132.0 0.0215 0.0 34.0
0.0 136.0 0.0215 0.0 34.0
0.0 112.0 0.0216 8.0 29.0
0.0 116.0 0.0216 8.0 29.0
0.0 116.0 0.0217 7.0 30.0
0.0 120.0 0.0217 7.0 30.0
0.0 120.0 0.0218 6.0 31.0
0.0 124.0 0.0218 6.0 31.0
0.0 124.0 0.0219 5.0 32.0
0.0 128.0 0.0219 5.0 32.0
0.0 128.0 0.0220 4.0 33.0
0.0 132.0 0.0220 4.0 33.0
0.0 132.0 0.0221 3.0 34.0
0.0 136.0 0.0221 3.0 34.0
0.0 136.0 0.0222 0.0 35.0
0.0 140.0 0.0222 0.0 35.0
0.0 140.0 0.0223 0.0 36.0
0.0 144.0 0.0223 0.0 36.0
0.0 136.0 0.0224 0.0 35.0
0.0 140.0 0.0224 0.0 35.0
0.0 140.0 0.0225 0.0 36.0
0.0 144.0 0.0225 0.0 36.0
0.0 136.0 0.0226 2.0 35.0
0.0 140.0 0.0226 2.0 35.0
0.0 140.0 0.0227 1.0 36.0
0.0 144.0 0.0227 1.0 36.0
0.0 144.0 0.0228 0.0 37.0
0.0 148.0 0.0228 0.0 37.0
0.0 148.0 0.0229 0.0 38.0
0.0 152.0 0.0229 0.0 38.0
0.0 96.0 0.0230 20.0 25.0
0.0 100.0 0.0230 20.0 25.0
0.0 100.0 0.0231 19.0 26.0
0.0 104.0 0.0231 19.0 26.0
0.0 104.0 0.0232 18.0 27.0
0.0 108.0 0.0232 18.0 27.0
0.0 108.0 0.0233 17.0 28.0
0.0 112.0 0.0233 17.0 28.0
0.0 112.0 0.0234 16.0 29.0
0.0 116.0 0.0234 16.0 29.0
0.0 116.0 0.0235 15.0 30.0
0.0 120.0 0.0235 15.0 30.0
0.0 120.0 0.0236 14.0 31.0
0.0 124.0 0.0236 14.0 31.0
0.0 124.0 0.0237 13.0 32.0
0.0 128.0 0.0237 13.0 32.0
0.0 128.0 0.0238 12.0 33.0
0.0 132.0 0.0238 12.0 33.0
0.0 132.0 0.0239 11.0 34.0
0.0 136.0 0.0239 11.0 34.0
0.0 136.0 0.0240 10.0 35.0
0.0 140.0 0.0240 10.0 35.0
0.0 140.0 0.0241 9.0 36.0
0.0 144.0 0.0241 9.0 36.0
0.0 144.0 0.0242 4.0 37.0
0.0 148.0 0.0242 4.0 37.0
0.0 148.0 0.0243 3.0 38.0
0.0 152.0 0.0243 3.0 38.0
0.0 152.0 0.0244 0.0 39.0
0.0 156.0 0.0244 0.0 39.0
0.0 156.0 0.0245 0.0 40.0
0.0 160.0 0.0245 0.0 40.0
0.0 152.0 0.0246 0.0 39.0
0.0 156.0 0.0246 0.0 39.0
0.0 156.0 0.0247 0.0 40.0
0.0 160.0 0.0247 0.0 40.0
0.0 152.0 0.0248 2.0 39.0
0.0 156.0 0.0248 2.0 39.0
0.0 156.0 0.0249 1.0 40.0
0.0 160.0 0.0249 1.0 40.0
0.0 160.0 0.0250 0.0 41.0
0.0 164.0 0.0250 0.0 41.0
0.0 164.0 0.0251 0.0 42.0
0.0 168.0 0.0251 0.0 42.0
0.0 144.0 0.0252 4.0 37.0
0.0 148.0 0.0252 4.0 37.0
0.0 148.0 0.0253 3.0 38.0
0.0 152.0 0.0253 3.0 38.0
0.0 152.0 0.0254 0.0 39.0
0.0 156.0 0.0254 0.0 39.0
0.0 156.0 0.0255 0.0 40.0
0.0 160.0 0.0255 0.0 40.0
0.0 152.0 0.0256 0.0 39.0
0.0 156.0 0.0256 0.0 39.0
0.0 156.0 0.0257 0.0 40.0
0.0 160.0 0.0257 0.0 40.0
0.0 152.0 0.0258 2.0 39.0
0.0 156.0 0.0258 2.0 39.0
0.0 156.0 0.0259 1.0 40.0
0.0 160.0 0.0259 1.0 40.0
0.0 160.0 0.0260 0.0 41.0
0.0 164.0 0.0260 0.0 41.0
0.0 164.0 0.0261 0.0 42.0
0.0 168.0 0.0261 0.0 42.0
0.0 144.0 0.0262 8.0 37.0
0.0 148.0 0.0262 8.0 37.0
0.0 148.0 0.0263 7.0 38.0
0.0 152.0 0.0263 7.0 38.0
0.0 152.0 0.0264 6.0 39.0
0.0 156.0 0.0264 6.0 39.0
0.0 156.0 0.0265 5.0 40.0
0.0 160.0 0.0265 5.0 40.0
0.0 160.0 0.0266 4.0 41.0
0.0 164.0 0.0266 4.0 41.0
0.0 164.0 0.0267 3.0 42.0
0.0 168.0 0.0267 3.0 42.0
0.0 168.0 0.0268 0.0 43.0
0.0 172.0 0.0268 0.0 43.0
0.0 172.0 0.0269 0.0 44.0
0.0 176.0 0.0269 0.0 44.0
0.0 168.0 0.0270 0.0 43.0
0.0 172.0 0.0270 0.0 43.0
0.0 172.0 0.0271 0.0 44.0
0.0 176.0 0.0271 0.0 44.0
0.0 168.0 0.0272 2.0 43.0
0.0 172.0 0.0272 2.0 43.0
0.0 172.0 0.0273 1.0 44.0
0.0 176.0 0.0273 1.0 44.0
0.0 176.0 0.0274 0.0 45.0
0.0 180.0 0.0274 0.0 45.0
0.0 180.0 0.0275 0.0 46.0
0.0 184.0 0.0275 0.0 46.0
0.0 64.0 0.0276 44.0 17.0
0.0 68.0 0.0276 44.0 17.0
0.0 68.0 0.0277 43.0 18.0
0.0 72.0 0.0277 43.0 18.0
0.0 72.0 0.0278 42.0 19.0
0.0 76.0 0.0278 42.0 19.0
0.0 76.0 0.0279 41.0 20.0
0.0 80.0 0.0279 41.0 20.0
0.0 80.0 0.0280 40.0 21.0
0.0 84.0 0.0280 40.0 21.0
0.0 84.0 0.0281 39.0 22.0
0.0 88.0 0.0281 39.0 22.0
0.0 88.0 0.0282 38.0 23.0
0.0 92.0 0.0282 38.0 23.0
0.0 92.0 0.0283 37.0 24.0
0.0 96.0 0.0283 37.0 24.0
0.0 96.0 0.0284 36.0 25.0
0.0 100.0 0.0284 36.0 25.0
0.0 100.0 0.0285 35.0 26.0
0.0 104.0 0.0285 35.0 26.0
0.0 104.0 0.0286 34.0 27.0
0.0 108.0 0.0286 34.0 27.0
0.0 108.0 0.0287 33.0 28.0
0.0 112.0 0.0287 33.0 28.0
0.0 112.0 0.0288 32.0 29.0
0.0 116.0 0.0288 32.0 29.0
0.0 116.0 0.0289 31.0 30.0
0.0 120.0 0.0289 31.0 30.0
0.0 120.0 0.0290 30.0 31.0
0.0 124.0 0.0290 30.0 31.0
0.0 124.0 0.0291 29.0 32.0
0.0 128.0 0.0291 29.0 32.0
0.0 128.0 0.0292 28.0 33.0
0.0 132.0 0.0292 28.0 33.0
0.0 132.0 0.0293 27.0 34.0
0.0 136.0 0.0293 27.0 34.0
0.0 136.0 0.0294 26.0 35.0
0.0 140.0 0.0294 26.0 35.0
0.0 140.0 0.0295 25.0 36.0
0.0 144.0 0.0295 25.0 36.0
0.0 144.0 0.0296 24.0 37.0
0.0 148.0 0.0296 24.0 37.0
0.0 148.0 0.0297 23.0 38.0
0.0 152.0 0.0297 23.0 38.0
0.0 152.0 0.0298 22.0 39.0
0.0 156.0 0.0298 22.0 39.0
0.0 156.0 0.0299 21.0 40.0
0.0 160.0 0.0299 21.0 40.0
0.0 160.0 0.0300 12.0 41.0
0.0 164.0 0.0300 12.0 41.0
0.0 164.0 0.0301 11.0 42.0
0.0 168.0 0.0301 11.0 42.0
0.0 168.0 0.0302 10.0 43.0
0.0 172.0 0.0302 10.0 43.0
0.0 172.0 0.0303 9.0 44.0
0.0 176.0 0.0303 9.0 44.0
0.0 176.0 0.0304 4.0 45.0
0.0 180.0 0.0304 4.0 45.0
0.0 180.0 0.0305 3.0 46.0
0.0 184.0 0.0305 3.0 46.0
0.0 184.0 0.0306 0.0 47.0
0.0 188.0 0.0306 0.0 47.0
0.0 188.0 0.0307 0.0 48.0
0.0 192.0 0.0307 0.0 48.0
0.0 184.0 0.0308 0.0 47.0
0.0 188.0 0.0308 0.0 47.0
0.0 188.0 0.0309 0.0 48.0
0.0 192.0 0.0309 0.0 48.0
0.0 184.0 0.0310 2.0 47.0
0.0 188.0 0.0310 2.0 47.0
0.0 188.0 0.0311 1.0 48.0
0.0 192.0 0.0311 1.0 48.0
0.0 192.0 0.0312 0.0 49.0
0.0 196.0 0.0312 0.0 49.0
0.0 196.0 0.0313 0.0 50.0
0.0 200.0 0.0313 0.0 50.0
0.0 176.0 0.0314 4.0 45.0
0.0 180.0 0.0314 4.0 45.0
0.0 180.0 0.0315 3.0 46.0
0.0 184.0 0.0315 3.0 46.0
0.0 184.0 0.0316 0.0 47.0
0.0 188.0 0.0316 0.0 47.0
0.0 188.0 0.0317 0.0 48.0
0.0 192.0 0.0317 0.0 48.0
0.0 184.0 0.0318 0.0 47.0
0.0 188.0 0.0318 0.0 47.0
0.0 188.0 0.0319 0.0 48.0
0.0 192.0 0.0319 0.0 48.0
0.0 184.0 0.0320 2.0 47.0
0.0 188.0 0.0320 2.0 47.0
0.0 188.0 0.0321 1.0 48.0
0.0 192.0 0.0321 1.0 48.0
0.0 192.0 0.0322 0.0 49.0
0.0 196.0 0.0322 0.0 49.0
0.0 196.0 0.0323 0.0 50.0
0.0 200.0 0.0323 0.0 50.0
0.0 176.0 0.0324 8.0 45.0
0.0 180.0 0.0324 8.0 45.0
0.0 180.0 0.0325 7.0 46.0
0.0 184.0 0.0325 7.0 46.0
0.0 184.0 0.0326 6.0 47.0
0.0 188.0 0.0326 6.0 47.0
0.0 188.0 0.0327 5.0 48.0
0.0 192.0 0.0327 5.0 48.0
0.0 192.0 0.0328 4.0 49.0
0.0 196.0 0.0328 4.0 49.0
0.0 196.0 0.0329 3.0 50.0
0.0 200.0 0.0329 3.0 50.0
0.0 200.0 0.0330 0.0 51.0
0.0 204.0 0.0330 0.0 51.0
0.0 204.0 0.0331 0.0 52.0
0.0 208.0 0.0331 0.0 52.0
0.0 200.0 0.0332 0.0 51.0
0.0 204.0 0.0332 0.0 51.0
0.0 204.0 0.0333 0.0 52.0
0.0 208.0 0.0333 0.0 52.0
0.0 200.0 0.0334 2.0 51.0
0.0 204.0 0.0334 2.0 51.0
0.0 204.0 0.0335 1.0 52.0
0.0 208.0 0.0335 1.0 52.0
0.0 208.0 0.0336 0.0 53.0
0.0 212.0 0.0336 0.0 53.0
0.0 212.0 0.0337 0.0 54.0
0.0 216.0 0.0337 0.0 54.0
0.0 160.0 0.0338 12.0 41.0
0.0 164.0 0.0338 12.0 41.0
0.0 164.0 0.0339 11.0 42.0
0.0 168.0 0.0339 11.0 42.0
0.0 168.0 0.0340 10.0 43.0
0.0 172.0 0.0340 10.0 43.0
0.0 172.0 0.0341 9.0 44.0
0.0 176.0 0.0341 9.0 44.0
0.0 176.0 0.0342 4.0 45.0
0.0 180.0 0.0342 4.0 45.0
0.0 180.0 0.0343 3.0 46.0
0.0 184.0 0.0343 3.0 46.0
0.0 184.0 0.0344 0.0 47.0
0.0 188.0 0.0344 0.0 47.0
0.0 188.0 0.0345 0.0 48.0
0.0 192.0 0.0345 0.0 48.0
0.0 184.0 0.0346 0.0 47.0
0.0 188.0 0.0346 0.0 47.0
0.0 188.0 0.0347 0.0 48.0
0.0 192.0 0.0347 0.0 48.0
0.0 184.0 0.0348 2.0 47.0
0.0 188.0 0.0348 2.0 47.0
0.0 188.0 0.0349 1.0 48.0
0.0 192.0 0.0349 1.0 48.0
0.0 192.0 0.0350 0.0 49.0
0.0 196.0 0.0350 0.0 49.0
0.0 196.0 0.0351 0.0 50.0
0.0 200.0 0.0351 0.0 50.0
0.0 176.0 0.0352 4.0 45.0
0.0 180.0 0.0352 4.0 45.0
0.0 180.0 0.0353 3.0 46.0
0.0 184.0 0.0353 3.0 46.0
0.0 184.0 0.0354 0.0 47.0
0.0 188.0 0.0354 0.0 47.0
0.0 188.0 0.0355 0.0 48.0
0.0 192.0 0.0355 0.0 48.0
0.0 184.0 0.0356 0.0 47.0
0.0 188.0 0.0356 0.0 47.0
0.0 188.0 0.0357 0.0 48.0
0.0 192.0 0.0357 0.0 48.0
0.0 184.0 0.0358 2.0 47.0
0.0 188.0 0.0358 2.0 47.0
0.0 188.0 0.0359 1.0 48.0
0.0 192.0 0.0359 1.0 48.0
0.0 192.0 0.0360 0.0 49.0
0.0 196.0 0.0360 0.0 49.0
0.0 196.0 0.0361 0.0 50.0
0.0 200.0 0.0361 0.0 50.0
0.0 176.0 0.0362 8.0 45.0
0.0 180.0 0.0362 8.0 45.0
0.0 180.0 0.0363 7.0 46.0
0.0 184.0 0.0363 7.0 46.0
0.0 184.0 0.0364 6.0 47.0
0.0 188.0 0.0364 6.0 47.0
0.0 188.0 0.0365 5.0 48.0
0.0 192.0 0.0365 5.0 48.0
0.0 192.0 0.0366 4.0 49.0
0.0 196.0 0.0366 4.0 49.0
0.0 196.0 0.0367 3.0 50.0
0.0 200.0 0.0367 3.0 50.0
0.0 200.0 0.0368 0.0 51.0
0.0 204.0 0.0368 0.0 51.0
0.0 204.0 0.0369 0.0 52.0
0.0 208.0 0.0369 0.0 52.0
0.0 200.0 0.0370 0.0 51.0
0.0 204.0 0.0370 0.0 51.0
0.0 204.0 0.0371 0.0 52.0
0.0 208.0 0.0371 0.0 52.0
0.0 200.0 0.0372 2.0 51.0
0.0 204.0 0.0372 2.0 51.0
0.0 204.0 0.0373 1.0 52.0
0.0 208.0 0.0373 1.0 52.0
0.0 208.0 0.0374 0.0 53.0
0.0 212.0 0.0374 0.0 53.0
0.0 212.0 0.0375 0.0 54.0
0.0 216.0 0.0375 0.0 54.0
0.0 160.0 0.0376 20.0 41.0
0.0 164.0 0.0376 20.0 41.0
0.0 164.0 0.0377 19.0 42.0
0.0 168.0 0.0377 19.0 42.0
0.0 168.0 0.0378 18.0 43.0
0.0 172.0 0.0378 18.0 43.0
0.0 172.0 0.0379 17.0 44.0
0.0 176.0 0.0379 17.0 44.0
0.0 176.0 0.0380 16.0 45.0
0.0 180.0 0.0380 16.0 45.0
0.0 180.0 0.0381 15.0 46.0
0.0 184.0 0.0381 15.0 46.0
0.0 184.0 0.0382 14.0 47.0
0.0 188.0 0.0382 14.0 47.0
0.0 188.0 0.0383 13.0 48.0
0.0 192.0 0.0383 13.0 48.0
0.0 192.0 0.0384 12.0 49.0
0.0 196.0 0.0384 12.0 49.0
0.0 196.0 0.0385 11.0 50.0
0.0 200.0 0.0385 11.0 50.0
0.0 200.0 0.0386 10.0 51.0
0.0 204.0 0.0386 10.0 51.0
0.0 204.0 0.0387 9.0 52.0
0.0 208.0 0.0387 9.0 52.0
0.0 208.0 0.0388 4.0 53.0
0.0 212.0 0.0388 4.0 53.0
0.0 212.0 0.0389 3.0 54.0
0.0 216.0 0.0389 3.0 54.0
0.0 216.0 0.0390 0.0 55.0
0.0 220.0 0.0390 0.0 55.0
0.0 220.0 0.0391 0.0 56.0
0.0 224.0 0.0391 0.0 56.0
0.0 216.0 0.0392 0.0 55.0
0.0 220.0 0.0392 0.0 55.0
0.0 220.0 0.0393 0.0 56.0
0.0 224.0 0.0393 0.0 56.0
0.0 216.0 0.0394 2.0 55.0
0.0 220.0 0.0394 2.0 55.0
0.0 220.0 0.0395 1.0 56.0
0.0 224.0 0.0395 1.0 56.0
0.0 224.0 0.0396 0.0 57.0
0.0 228.0 0.0396 0.0 57.0
0.0 228.0 0.0397 0.0 58.0
0.0 232.0 0.0397 0.0 58.0
0.0 208.0 0.0398 4.0 53.0
0.0 212.0 0.0398 4.0 53.0
0.0 212.0 0.0399 3.0 54.0
0.0 216.0 0.0399 3.0 54.0
0.0 216.0 0.0400 0.0 55.0
0.0 220.0 0.0400 0.0 55.0
0.0 220.0 0.0401 0.0 56.0
0.0 224.0 0.0401 0.0 56.0
0.0 216.0 0.0402 0.0 55.0
0.0 220.0 0.0402 0.0 55.0
0.0 220.0 0.0403 0.0 56.0
0.0 224.0 0.0403 0.0 56.0
0.0 216.0 0.0404 2.0 55.0
0.0 220.0 0.0404 2.0 55.0
0.0 220.0 0.0405 1.0 56.0
0.0 224.0 0.0405 1.0 56.0
0.0 224.0 0.0406 0.0 57.0
0.0 228.0 0.0406 0.0 57.0
0.0 228.0 0.0407 0.0 58.0
0.0 232.0 0.0407 0.0 58.0
0.0 208.0 0.0408 8.0 53.0
0.0 212.0 0.0408 8.0 53.0
0.0 212.0 0.0409 7.0 54.0
0.0 216.0 0.0409 7.0 54.0
0.0 216.0 0.0410 6.0 55.0
0.0 220.0 0.0410 6.0 55.0
0.0 220.0 0.0411 5.0 56.0
0.0 224.0 0.0411 5.0 56.0
0.0 224.0 0.0412 4.0 57.0
0.0 228.0 0.0412 4.0 57.0
0.0 228.0 0.0413 3.0 58.0
0.0 232.0 0.0413 3.0 58.0
0.0 232.0 0.0414 0.0 59.0
0.0 236.0 0.0414 0.0 59.0
0.0 236.0 0.0415 0.0 60.0
0.0 240.0 0.0415 0.0 60.0
0.0 232.0 0.0416 0.0 59.0
0.0 236.0 0.0416 0.0 59.0
0.0 236.0 0.0417 0.0 60.0
0.0 240.0 0.0417 0.0 60.0
0.0 232.0 0.0418 2.0 59.0
0.0 236.0 0.0418 2.0 59.0
0.0 236.0 0.0419 1.0 60.0
0.0 240.0 0.0419 1.0 60.0
0.0 240.0 0.0420 0.0 61.0
0.0 244.0 0.0420 0.0 61.0
0.0 244.0 0.0421 0.0 62.0
0.0 248.0 0.0421 0.0 62.0
