0.0 0.0 0.00 10.0 1.0
0.0 4.0 0.00 10.0 1.0
0.0 4.0 0.01 0.0 2.0
0.0 8.0 0.01 0.0 2.0
0.0 4.0 0.02 9.0 2.0
0.0 8.0 0.02 9.0 2.0
0.0 8.0 0.03 0.0 3.0
0.0 12.0 0.03 0.0 3.0
0.0 12.0 0.04 0.0 4.0
0.0 16.0 0.04 0.0 4.0
0.0 12.0 0.05 0.0 4.0
0.0 16.0 0.05 0.0 4.0
0.0 8.0 0.06 8.0 3.0
0.0 12.0 0.06 8.0 3.0
0.0 12.0 0.07 0.0 4.0
0.0 16.0 0.07 0.0 4.0
0.0 12.0 0.08 7.0 4.0
0.0 16.0 0.08 7.0 4.0
0.0 16.0 0.09 0.0 5.0
0.0 20.0 0.09 0.0 5.0
0.0 20.0 0.010 0.0 6.0
0.0 24.0 0.010 0.0 6.0
0.0 20.0 0.011 0.0 6.0
0.0 24.0 0.011 0.0 6.0
0.0 16.0 0.012 6.0 5.0
0.0 20.0 0.012 6.0 5.0
0.0 20.0 0.013 0.0 6.0
0.0 24.0 0.013 0.0 6.0
0.0 20.0 0.014 5.0 6.0
0.0 24.0 0.014 5.0 6.0
0.0 24.0 0.015 4.0 7.0
0.0 28.0 0.015 4.0 7.0
0.0 28.0 0.016 0.0 8.0
0.0 32.0 0.016 0.0 8.0
0.0 28.0 0.017 3.0 8.0
0.0 32.0 0.017 3.0 8.0
0.0 32.0 0.018 0.0 9.0
0.0 36.0 0.018 0.0 9.0
0.0 36.0 0.019 0.0 10.0
0.0 40.0 0.019 0.0 10.0
0.0 36.0 0.020 0.0 10.0
0.0 40.0 0.020 0.0 10.0
0.0 32.0 0.021 2.0 9.0
0.0 36.0 0.021 2.0 9.0
0.0 36.0 0.022 0.0 10.0
0.0 40.0 0.022 0.0 10.0
0.0 36.0 0.023 1.0 10.0
0.0 40.0 0.023 1.0 10.0
0.0 40.0 0.024 0.0 11.0
0.0 44.0 0.024 0.0 11.0
0.0 44.0 0.025 0.0 12.0
0.0 48.0 0.025 0.0 12.0
0.0 44.0 0.026 0.0 12.0
0.0 48.0 0.026 0.0 12.0
0.0 40.0 0.027 0.0 11.0
0.0 44.0 0.027 0.0 11.0
0.0 44.0 0.028 0.0 12.0
0.0 48.0 0.028 0.0 12.0
0.0 44.0 0.029 0.0 12.0
0.0 48.0 0.029 0.0 12.0
0.0 24.0 0.030 4.0 7.0
0.0 28.0 0.030 4.0 7.0
0.0 28.0 0.031 0.0 8.0
0.0 32.0 0.031 0.0 8.0
0.0 28.0 0.032 3.0 8.0
0.0 32.0 0.032 3.0 8.0
0.0 32.0 0.033 0.0 9.0
0.0 36.0 0.033 0.0 9.0
0.0 36.0 0.034 0.0 10.0
0.0 40.0 0.034 0.0 10.0
0.0 36.0 0.035 0.0 10.0
0.0 40.0 0.035 0.0 10.0
0.0 32.0 0.036 2.0 9.0
0.0 36.0 0.036 2.0 9.0
0.0 36.0 0.037 0.0 10.0
0.0 40.0 0.037 0.0 10.0
0.0 36.0 0.038 1.0 10.0
0.0 40.0 0.038 1.0 10.0
0.0 40.0 0.039 0.0 11.0
0.0 44.0 0.039 0.0 11.0
0.0 44.0 0.040 0.0 12.0
0.0 48.0 0.040 0.0 12.0
0.0 44.0 0.041 0.0 12.0
0.0 48.0 0.041 0.0 12.0
0.0 40.0 0.042 0.0 11.0
0.0 44.0 0.042 0.0 11.0
0.0 44.0 0.043 0.0 12.0
0.0 48.0 0.043 0.0 12.0
0.0 44.0 0.044 0.0 12.0
0.0 48.0 0.044 0.0 12.0
