0.0 0.0 0.00 14.0 1.0
0.0 3.0 0.00 14.0 1.0
0.0 3.0 0.01 0.0 2.0
0.0 6.0 0.01 0.0 2.0
0.0 3.0 0.02 13.0 2.0
0.0 6.0 0.02 13.0 2.0
0.0 6.0 0.03 0.0 3.0
0.0 9.0 0.03 0.0 3.0
0.0 9.0 0.04 0.0 4.0
0.0 12.0 0.04 0.0 4.0
0.0 9.0 0.05 0.0 4.0
0.0 12.0 0.05 0.0 4.0
0.0 6.0 0.06 12.0 3.0
0.0 9.0 0.06 12.0 3.0
0.0 9.0 0.07 0.0 4.0
0.0 12.0 0.07 0.0 4.0
0.0 9.0 0.08 11.0 4.0
0.0 12.0 0.08 11.0 4.0
0.0 12.0 0.09 2.0 5.0
0.0 15.0 0.09 2.0 5.0
0.0 15.0 0.010 0.0 6.0
0.0 18.0 0.010 0.0 6.0
0.0 15.0 0.011 1.0 6.0
0.0 18.0 0.011 1.0 6.0
0.0 18.0 0.012 0.0 7.0
0.0 21.0 0.012 0.0 7.0
0.0 21.0 0.013 0.0 8.0
0.0 24.0 0.013 0.0 8.0
0.0 21.0 0.014 0.0 8.0
0.0 24.0 0.014 0.0 8.0
0.0 18.0 0.015 0.0 7.0
0.0 21.0 0.015 0.0 7.0
0.0 21.0 0.016 0.0 8.0
0.0 24.0 0.016 0.0 8.0
0.0 21.0 0.017 0.0 8.0
0.0 24.0 0.017 0.0 8.0
0.0 12.0 0.018 10.0 5.0
0.0 15.0 0.018 10.0 5.0
0.0 15.0 0.019 0.0 6.0
0.0 18.0 0.019 0.0 6.0
0.0 15.0 0.020 9.0 6.0
0.0 18.0 0.020 9.0 6.0
0.0 18.0 0.021 0.0 7.0
0.0 21.0 0.021 0.0 7.0
0.0 21.0 0.022 0.0 8.0
0.0 24.0 0.022 0.0 8.0
0.0 21.0 0.023 0.0 8.0
0.0 24.0 0.023 0.0 8.0
0.0 18.0 0.024 8.0 7.0
0.0 21.0 0.024 8.0 7.0
0.0 21.0 0.025 0.0 8.0
0.0 24.0 0.025 0.0 8.0
0.0 21.0 0.026 7.0 8.0
0.0 24.0 0.026 7.0 8.0
0.0 24.0 0.027 6.0 9.0
0.0 27.0 0.027 6.0 9.0
0.0 27.0 0.028 0.0 10.0
0.0 30.0 0.028 0.0 10.0
0.0 27.0 0.029 5.0 10.0
0.0 30.0 0.029 5.0 10.0
0.0 30.0 0.030 0.0 11.0
0.0 33.0 0.030 0.0 11.0
0.0 33.0 0.031 0.0 12.0
0.0 36.0 0.031 0.0 12.0
0.0 33.0 0.032 0.0 12.0
0.0 36.0 0.032 0.0 12.0
0.0 30.0 0.033 4.0 11.0
0.0 33.0 0.033 4.0 11.0
0.0 33.0 0.034 0.0 12.0
0.0 36.0 0.034 0.0 12.0
0.0 33.0 0.035 3.0 12.0
0.0 36.0 0.035 3.0 12.0
0.0 36.0 0.036 2.0 13.0
0.0 39.0 0.036 2.0 13.0
0.0 39.0 0.037 0.0 14.0
0.0 42.0 0.037 0.0 14.0
0.0 39.0 0.038 1.0 14.0
0.0 42.0 0.038 1.0 14.0
0.0 42.0 0.039 0.0 15.0
0.0 45.0 0.039 0.0 15.0
0.0 45.0 0.040 0.0 16.0
0.0 48.0 0.040 0.0 16.0
0.0 45.0 0.041 0.0 16.0
0.0 48.0 0.041 0.0 16.0
0.0 42.0 0.042 0.0 15.0
0.0 45.0 0.042 0.0 15.0
0.0 45.0 0.043 0.0 16.0
0.0 48.0 0.043 0.0 16.0
0.0 45.0 0.044 0.0 16.0
0.0 48.0 0.044 0.0 16.0
0.0 36.0 0.045 2.0 13.0
0.0 39.0 0.045 2.0 13.0
0.0 39.0 0.046 0.0 14.0
0.0 42.0 0.046 0.0 14.0
0.0 39.0 0.047 1.0 14.0
0.0 42.0 0.047 1.0 14.0
0.0 42.0 0.048 0.0 15.0
0.0 45.0 0.048 0.0 15.0
0.0 45.0 0.049 0.0 16.0
0.0 48.0 0.049 0.0 16.0
0.0 45.0 0.050 0.0 16.0
0.0 48.0 0.050 0.0 16.0
0.0 42.0 0.051 0.0 15.0
0.0 45.0 0.051 0.0 15.0
0.0 45.0 0.052 0.0 16.0
0.0 48.0 0.052 0.0 16.0
0.0 45.0 0.053 0.0 16.0
0.0 48.0 0.053 0.0 16.0
0.0 24.0 0.054 6.0 9.0
0.0 27.0 0.054 6.0 9.0
0.0 27.0 0.055 0.0 10.0
0.0 30.0 0.055 0.0 10.0
0.0 27.0 0.056 5.0 10.0
0.0 30.0 0.056 5.0 10.0
0.0 30.0 0.057 0.0 11.0
0.0 33.0 0.057 0.0 11.0
0.0 33.0 0.058 0.0 12.0
0.0 36.0 0.058 0.0 12.0
0.0 33.0 0.059 0.0 12.0
0.0 36.0 0.059 0.0 12.0
0.0 30.0 0.060 4.0 11.0
0.0 33.0 0.060 4.0 11.0
0.0 33.0 0.061 0.0 12.0
0.0 36.0 0.061 0.0 12.0
0.0 33.0 0.062 3.0 12.0
0.0 36.0 0.062 3.0 12.0
0.0 36.0 0.063 2.0 13.0
0.0 39.0 0.063 2.0 13.0
0.0 39.0 0.064 0.0 14.0
0.0 42.0 0.064 0.0 14.0
0.0 39.0 0.065 1.0 14.0
0.0 42.0 0.065 1.0 14.0
0.0 42.0 0.066 0.0 15.0
0.0 45.0 0.066 0.0 15.0
0.0 45.0 0.067 0.0 16.0
0.0 48.0 0.067 0.0 16.0
0.0 45.0 0.068 0.0 16.0
0.0 48.0 0.068 0.0 16.0
0.0 42.0 0.069 0.0 15.0
0.0 45.0 0.069 0.0 15.0
0.0 45.0 0.070 0.0 16.0
0.0 48.0 0.070 0.0 16.0
0.0 45.0 0.071 0.0 16.0
0.0 48.0 0.071 0.0 16.0
0.0 36.0 0.072 2.0 13.0
0.0 39.0 0.072 2.0 13.0
0.0 39.0 0.073 0.0 14.0
0.0 42.0 0.073 0.0 14.0
0.0 39.0 0.074 1.0 14.0
0.0 42.0 0.074 1.0 14.0
0.0 42.0 0.075 0.0 15.0
0.0 45.0 0.075 0.0 15.0
0.0 45.0 0.076 0.0 16.0
0.0 48.0 0.076 0.0 16.0
0.0 45.0 0.077 0.0 16.0
0.0 48.0 0.077 0.0 16.0
0.0 42.0 0.078 0.0 15.0
0.0 45.0 0.078 0.0 15.0
0.0 45.0 0.079 0.0 16.0
0.0 48.0 0.079 0.0 16.0
0.0 45.0 0.080 0.0 16.0
0.0 48.0 0.080 0.0 16.0
