0.0 0.0 0.00 28.0 1.0
0.0 4.0 0.00 28.0 1.0
0.0 4.0 0.01 27.0 2.0
0.0 8.0 0.01 27.0 2.0
0.0 8.0 0.02 26.0 3.0
0.0 12.0 0.02 26.0 3.0
0.0 12.0 0.03 25.0 4.0
0.0 16.0 0.03 25.0 4.0
0.0 16.0 0.04 24.0 5.0
0.0 20.0 0.04 24.0 5.0
0.0 20.0 0.05 23.0 6.0
0.0 24.0 0.05 23.0 6.0
0.0 24.0 0.06 22.0 7.0
0.0 28.0 0.06 22.0 7.0
0.0 28.0 0.07 21.0 8.0
0.0 32.0 0.07 21.0 8.0
0.0 32.0 0.08 12.0 9.0
0.0 36.0 0.08 12.0 9.0
0.0 36.0 0.09 11.0 10.0
0.0 40.0 0.09 11.0 10.0
0.0 40.0 0.010 10.0 11.0
0.0 44.0 0.010 10.0 11.0
0.0 44.0 0.011 9.0 12.0
0.0 48.0 0.011 9.0 12.0
0.0 48.0 0.012 4.0 13.0
0.0 52.0 0.012 4.0 13.0
0.0 52.0 0.013 3.0 14.0
0.0 56.0 0.013 3.0 14.0
0.0 56.0 0.014 0.0 15.0
0.0 60.0 0.014 0.0 15.0
0.0 60.0 0.015 0.0 16.0
0.0 64.0 0.015 0.0 16.0
0.0 56.0 0.016 0.0 15.0
0.0 60.0 0.016 0.0 15.0
0.0 60.0 0.017 0.0 16.0
0.0 64.0 0.017 0.0 16.0
0.0 56.0 0.018 2.0 15.0
0.0 60.0 0.018 2.0 15.0
0.0 60.0 0.019 1.0 16.0
0.0 64.0 0.019 1.0 16.0
0.0 64.0 0.020 0.0 17.0
0.0 68.0 0.020 0.0 17.0
0.0 68.0 0.021 0.0 18.0
0.0 72.0 0.021 0.0 18.0
0.0 48.0 0.022 4.0 13.0
0.0 52.0 0.022 4.0 13.0
0.0 52.0 0.023 3.0 14.0
0.0 56.0 0.023 3.0 14.0
0.0 56.0 0.024 0.0 15.0
0.0 60.0 0.024 0.0 15.0
0.0 60.0 0.025 0.0 16.0
0.0 64.0 0.025 0.0 16.0
0.0 56.0 0.026 0.0 15.0
0.0 60.0 0.026 0.0 15.0
0.0 60.0 0.027 0.0 16.0
0.0 64.0 0.027 0.0 16.0
0.0 56.0 0.028 2.0 15.0
0.0 60.0 0.028 2.0 15.0
0.0 60.0 0.029 1.0 16.0
0.0 64.0 0.029 1.0 16.0
0.0 64.0 0.030 0.0 17.0
0.0 68.0 0.030 0.0 17.0
0.0 68.0 0.031 0.0 18.0
0.0 72.0 0.031 0.0 18.0
0.0 48.0 0.032 8.0 13.0
0.0 52.0 0.032 8.0 13.0
0.0 52.0 0.033 7.0 14.0
0.0 56.0 0.033 7.0 14.0
0.0 56.0 0.034 6.0 15.0
0.0 60.0 0.034 6.0 15.0
0.0 60.0 0.035 5.0 16.0
0.0 64.0 0.035 5.0 16.0
0.0 64.0 0.036 4.0 17.0
0.0 68.0 0.036 4.0 17.0
0.0 68.0 0.037 3.0 18.0
0.0 72.0 0.037 3.0 18.0
0.0 72.0 0.038 0.0 19.0
0.0 76.0 0.038 0.0 19.0
0.0 76.0 0.039 0.0 20.0
0.0 80.0 0.039 0.0 20.0
0.0 72.0 0.040 0.0 19.0
0.0 76.0 0.040 0.0 19.0
0.0 76.0 0.041 0.0 20.0
0.0 80.0 0.041 0.0 20.0
0.0 72.0 0.042 2.0 19.0
0.0 76.0 0.042 2.0 19.0
0.0 76.0 0.043 1.0 20.0
0.0 80.0 0.043 1.0 20.0
0.0 80.0 0.044 0.0 21.0
0.0 84.0 0.044 0.0 21.0
0.0 84.0 0.045 0.0 22.0
0.0 88.0 0.045 0.0 22.0
0.0 32.0 0.046 12.0 9.0
0.0 36.0 0.046 12.0 9.0
0.0 36.0 0.047 11.0 10.0
0.0 40.0 0.047 11.0 10.0
0.0 40.0 0.048 10.0 11.0
0.0 44.0 0.048 10.0 11.0
0.0 44.0 0.049 9.0 12.0
0.0 48.0 0.049 9.0 12.0
0.0 48.0 0.050 4.0 13.0
0.0 52.0 0.050 4.0 13.0
0.0 52.0 0.051 3.0 14.0
0.0 56.0 0.051 3.0 14.0
0.0 56.0 0.052 0.0 15.0
0.0 60.0 0.052 0.0 15.0
0.0 60.0 0.053 0.0 16.0
0.0 64.0 0.053 0.0 16.0
0.0 56.0 0.054 0.0 15.0
0.0 60.0 0.054 0.0 15.0
0.0 60.0 0.055 0.0 16.0
0.0 64.0 0.055 0.0 16.0
0.0 56.0 0.056 2.0 15.0
0.0 60.0 0.056 2.0 15.0
0.0 60.0 0.057 1.0 16.0
0.0 64.0 0.057 1.0 16.0
0.0 64.0 0.058 0.0 17.0
0.0 68.0 0.058 0.0 17.0
0.0 68.0 0.059 0.0 18.0
0.0 72.0 0.059 0.0 18.0
0.0 48.0 0.060 4.0 13.0
0.0 52.0 0.060 4.0 13.0
0.0 52.0 0.061 3.0 14.0
0.0 56.0 0.061 3.0 14.0
0.0 56.0 0.062 0.0 15.0
0.0 60.0 0.062 0.0 15.0
0.0 60.0 0.063 0.0 16.0
0.0 64.0 0.063 0.0 16.0
0.0 56.0 0.064 0.0 15.0
0.0 60.0 0.064 0.0 15.0
0.0 60.0 0.065 0.0 16.0
0.0 64.0 0.065 0.0 16.0
0.0 56.0 0.066 2.0 15.0
0.0 60.0 0.066 2.0 15.0
0.0 60.0 0.067 1.0 16.0
0.0 64.0 0.067 1.0 16.0
0.0 64.0 0.068 0.0 17.0
0.0 68.0 0.068 0.0 17.0
0.0 68.0 0.069 0.0 18.0
0.0 72.0 0.069 0.0 18.0
0.0 48.0 0.070 8.0 13.0
0.0 52.0 0.070 8.0 13.0
0.0 52.0 0.071 7.0 14.0
0.0 56.0 0.071 7.0 14.0
0.0 56.0 0.072 6.0 15.0
0.0 60.0 0.072 6.0 15.0
0.0 60.0 0.073 5.0 16.0
0.0 64.0 0.073 5.0 16.0
0.0 64.0 0.074 4.0 17.0
0.0 68.0 0.074 4.0 17.0
0.0 68.0 0.075 3.0 18.0
0.0 72.0 0.075 3.0 18.0
0.0 72.0 0.076 0.0 19.0
0.0 76.0 0.076 0.0 19.0
0.0 76.0 0.077 0.0 20.0
0.0 80.0 0.077 0.0 20.0
0.0 72.0 0.078 0.0 19.0
0.0 76.0 0.078 0.0 19.0
0.0 76.0 0.079 0.0 20.0
0.0 80.0 0.079 0.0 20.0
0.0 72.0 0.080 2.0 19.0
0.0 76.0 0.080 2.0 19.0
0.0 76.0 0.081 1.0 20.0
0.0 80.0 0.081 1.0 20.0
0.0 80.0 0.082 0.0 21.0
0.0 84.0 0.082 0.0 21.0
0.0 84.0 0.083 0.0 22.0
0.0 88.0 0.083 0.0 22.0
0.0 32.0 0.084 20.0 9.0
0.0 36.0 0.084 20.0 9.0
0.0 36.0 0.085 19.0 10.0
0.0 40.0 0.085 19.0 10.0
0.0 40.0 0.086 18.0 11.0
0.0 44.0 0.086 18.0 11.0
0.0 44.0 0.087 17.0 12.0
0.0 48.0 0.087 17.0 12.0
0.0 48.0 0.088 16.0 13.0
0.0 52.0 0.088 16.0 13.0
0.0 52.0 0.089 15.0 14.0
0.0 56.0 0.089 15.0 14.0
0.0 56.0 0.090 14.0 15.0
0.0 60.0 0.090 14.0 15.0
0.0 60.0 0.091 13.0 16.0
0.0 64.0 0.091 13.0 16.0
0.0 64.0 0.092 12.0 17.0
0.0 68.0 0.092 12.0 17.0
0.0 68.0 0.093 11.0 18.0
0.0 72.0 0.093 11.0 18.0
0.0 72.0 0.094 10.0 19.0
0.0 76.0 0.094 10.0 19.0
0.0 76.0 0.095 9.0 20.0
0.0 80.0 0.095 9.0 20.0
0.0 80.0 0.096 4.0 21.0
0.0 84.0 0.096 4.0 21.0
0.0 84.0 0.097 3.0 22.0
0.0 88.0 0.097 3.0 22.0
0.0 88.0 0.098 0.0 23.0
0.0 92.0 0.098 0.0 23.0
0.0 92.0 0.099 0.0 24.0
0.0 96.0 0.099 0.0 24.0
0.0 88.0 0.0100 0.0 23.0
0.0 92.0 0.0100 0.0 23.0
0.0 92.0 0.0101 0.0 24.0
0.0 96.0 0.0101 0.0 24.0
0.0 88.0 0.0102 2.0 23.0
0.0 92.0 0.0102 2.0 23.0
0.0 92.0 0.0103 1.0 24.0
0.0 96.0 0.0103 1.0 24.0
0.0 96.0 0.0104 0.0 25.0
0.0 100.0 0.0104 0.0 25.0
0.0 100.0 0.0105 0.0 26.0
0.0 104.0 0.0105 0.0 26.0
0.0 80.0 0.0106 4.0 21.0
0.0 84.0 0.0106 4.0 21.0
0.0 84.0 0.0107 3.0 22.0
0.0 88.0 0.0107 3.0 22.0
0.0 88.0 0.0108 0.0 23.0
0.0 92.0 0.0108 0.0 23.0
0.0 92.0 0.0109 0.0 24.0
0.0 96.0 0.0109 0.0 24.0
0.0 88.0 0.0110 0.0 23.0
0.0 92.0 0.0110 0.0 23.0
0.0 92.0 0.0111 0.0 24.0
0.0 96.0 0.0111 0.0 24.0
0.0 88.0 0.0112 2.0 23.0
0.0 92.0 0.0112 2.0 23.0
0.0 92.0 0.0113 1.0 24.0
0.0 96.0 0.0113 1.0 24.0
0.0 96.0 0.0114 0.0 25.0
0.0 100.0 0.0114 0.0 25.0
0.0 100.0 0.0115 0.0 26.0
0.0 104.0 0.0115 0.0 26.0
0.0 80.0 0.0116 8.0 21.0
0.0 84.0 0.0116 8.0 21.0
0.0 84.0 0.0117 7.0 22.0
0.0 88.0 0.0117 7.0 22.0
0.0 88.0 0.0118 6.0 23.0
0.0 92.0 0.0118 6.0 23.0
0.0 92.0 0.0119 5.0 24.0
0.0 96.0 0.0119 5.0 24.0
0.0 96.0 0.0120 4.0 25.0
0.0 100.0 0.0120 4.0 25.0
0.0 100.0 0.0121 3.0 26.0
0.0 104.0 0.0121 3.0 26.0
0.0 104.0 0.0122 0.0 27.0
0.0 108.0 0.0122 0.0 27.0
0.0 108.0 0.0123 0.0 28.0
0.0 112.0 0.0123 0.0 28.0
0.0 104.0 0.0124 0.0 27.0
0.0 108.0 0.0124 0.0 27.0
0.0 108.0 0.0125 0.0 28.0
0.0 112.0 0.0125 0.0 28.0
0.0 104.0 0.0126 2.0 27.0
0.0 108.0 0.0126 2.0 27.0
0.0 108.0 0.0127 1.0 28.0
0.0 112.0 0.0127 1.0 28.0
0.0 112.0 0.0128 0.0 29.0
0.0 116.0 0.0128 0.0 29.0
0.0 116.0 0.0129 0.0 30.0
0.0 120.0 0.0129 0.0 30.0
