0.0 0.0 0.00 62.0 1.0
0.0 5.0 0.00 62.0 1.0
0.0 5.0 0.01 0.0 2.0
0.0 10.0 0.01 0.0 2.0
0.0 5.0 0.02 61.0 2.0
0.0 10.0 0.02 61.0 2.0
0.0 10.0 0.03 0.0 3.0
0.0 15.0 0.03 0.0 3.0
0.0 15.0 0.04 0.0 4.0
0.0 20.0 0.04 0.0 4.0
0.0 15.0 0.05 0.0 4.0
0.0 20.0 0.05 0.0 4.0
0.0 10.0 0.06 60.0 3.0
0.0 15.0 0.06 60.0 3.0
0.0 15.0 0.07 0.0 4.0
0.0 20.0 0.07 0.0 4.0
0.0 15.0 0.08 59.0 4.0
0.0 20.0 0.08 59.0 4.0
0.0 20.0 0.09 2.0 5.0
0.0 25.0 0.09 2.0 5.0
0.0 25.0 0.010 0.0 6.0
0.0 30.0 0.010 0.0 6.0
0.0 25.0 0.011 1.0 6.0
0.0 30.0 0.011 1.0 6.0
0.0 30.0 0.012 0.0 7.0
0.0 35.0 0.012 0.0 7.0
0.0 35.0 0.013 0.0 8.0
0.0 40.0 0.013 0.0 8.0
0.0 35.0 0.014 0.0 8.0
0.0 40.0 0.014 0.0 8.0
0.0 30.0 0.015 0.0 7.0
0.0 35.0 0.015 0.0 7.0
0.0 35.0 0.016 0.0 8.0
0.0 40.0 0.016 0.0 8.0
0.0 35.0 0.017 0.0 8.0
0.0 40.0 0.017 0.0 8.0
0.0 20.0 0.018 58.0 5.0
0.0 25.0 0.018 58.0 5.0
0.0 25.0 0.019 0.0 6.0
0.0 30.0 0.019 0.0 6.0
0.0 25.0 0.020 57.0 6.0
0.0 30.0 0.020 57.0 6.0
0.0 30.0 0.021 0.0 7.0
0.0 35.0 0.021 0.0 7.0
0.0 35.0 0.022 0.0 8.0
0.0 40.0 0.022 0.0 8.0
0.0 35.0 0.023 0.0 8.0
0.0 40.0 0.023 0.0 8.0
0.0 30.0 0.024 56.0 7.0
0.0 35.0 0.024 56.0 7.0
0.0 35.0 0.025 0.0 8.0
0.0 40.0 0.025 0.0 8.0
0.0 35.0 0.026 55.0 8.0
0.0 40.0 0.026 55.0 8.0
0.0 40.0 0.027 6.0 9.0
0.0 45.0 0.027 6.0 9.0
0.0 45.0 0.028 0.0 10.0
0.0 50.0 0.028 0.0 10.0
0.0 45.0 0.029 5.0 10.0
0.0 50.0 0.029 5.0 10.0
0.0 50.0 0.030 0.0 11.0
0.0 55.0 0.030 0.0 11.0
0.0 55.0 0.031 0.0 12.0
0.0 60.0 0.031 0.0 12.0
0.0 55.0 0.032 0.0 12.0
0.0 60.0 0.032 0.0 12.0
0.0 50.0 0.033 4.0 11.0
0.0 55.0 0.033 4.0 11.0
0.0 55.0 0.034 0.0 12.0
0.0 60.0 0.034 0.0 12.0
0.0 55.0 0.035 3.0 12.0
0.0 60.0 0.035 3.0 12.0
0.0 60.0 0.036 2.0 13.0
0.0 65.0 0.036 2.0 13.0
0.0 65.0 0.037 0.0 14.0
0.0 70.0 0.037 0.0 14.0
0.0 65.0 0.038 1.0 14.0
0.0 70.0 0.038 1.0 14.0
0.0 70.0 0.039 0.0 15.0
0.0 75.0 0.039 0.0 15.0
0.0 75.0 0.040 0.0 16.0
0.0 80.0 0.040 0.0 16.0
0.0 75.0 0.041 0.0 16.0
0.0 80.0 0.041 0.0 16.0
0.0 70.0 0.042 0.0 15.0
0.0 75.0 0.042 0.0 15.0
0.0 75.0 0.043 0.0 16.0
0.0 80.0 0.043 0.0 16.0
0.0 75.0 0.044 0.0 16.0
0.0 80.0 0.044 0.0 16.0
0.0 60.0 0.045 2.0 13.0
0.0 65.0 0.045 2.0 13.0
0.0 65.0 0.046 0.0 14.0
0.0 70.0 0.046 0.0 14.0
0.0 65.0 0.047 1.0 14.0
0.0 70.0 0.047 1.0 14.0
0.0 70.0 0.048 0.0 15.0
0.0 75.0 0.048 0.0 15.0
0.0 75.0 0.049 0.0 16.0
0.0 80.0 0.049 0.0 16.0
0.0 75.0 0.050 0.0 16.0
0.0 80.0 0.050 0.0 16.0
0.0 70.0 0.051 0.0 15.0
0.0 75.0 0.051 0.0 15.0
0.0 75.0 0.052 0.0 16.0
0.0 80.0 0.052 0.0 16.0
0.0 75.0 0.053 0.0 16.0
0.0 80.0 0.053 0.0 16.0
0.0 40.0 0.054 54.0 9.0
0.0 45.0 0.054 54.0 9.0
0.0 45.0 0.055 0.0 10.0
0.0 50.0 0.055 0.0 10.0
0.0 45.0 0.056 53.0 10.0
0.0 50.0 0.056 53.0 10.0
0.0 50.0 0.057 0.0 11.0
0.0 55.0 0.057 0.0 11.0
0.0 55.0 0.058 0.0 12.0
0.0 60.0 0.058 0.0 12.0
0.0 55.0 0.059 0.0 12.0
0.0 60.0 0.059 0.0 12.0
0.0 50.0 0.060 52.0 11.0
0.0 55.0 0.060 52.0 11.0
0.0 55.0 0.061 0.0 12.0
0.0 60.0 0.061 0.0 12.0
0.0 55.0 0.062 51.0 12.0
0.0 60.0 0.062 51.0 12.0
0.0 60.0 0.063 2.0 13.0
0.0 65.0 0.063 2.0 13.0
0.0 65.0 0.064 0.0 14.0
0.0 70.0 0.064 0.0 14.0
0.0 65.0 0.065 1.0 14.0
0.0 70.0 0.065 1.0 14.0
0.0 70.0 0.066 0.0 15.0
0.0 75.0 0.066 0.0 15.0
0.0 75.0 0.067 0.0 16.0
0.0 80.0 0.067 0.0 16.0
0.0 75.0 0.068 0.0 16.0
0.0 80.0 0.068 0.0 16.0
0.0 70.0 0.069 0.0 15.0
0.0 75.0 0.069 0.0 15.0
0.0 75.0 0.070 0.0 16.0
0.0 80.0 0.070 0.0 16.0
0.0 75.0 0.071 0.0 16.0
0.0 80.0 0.071 0.0 16.0
0.0 60.0 0.072 50.0 13.0
0.0 65.0 0.072 50.0 13.0
0.0 65.0 0.073 0.0 14.0
0.0 70.0 0.073 0.0 14.0
0.0 65.0 0.074 49.0 14.0
0.0 70.0 0.074 49.0 14.0
0.0 70.0 0.075 0.0 15.0
0.0 75.0 0.075 0.0 15.0
0.0 75.0 0.076 0.0 16.0
0.0 80.0 0.076 0.0 16.0
0.0 75.0 0.077 0.0 16.0
0.0 80.0 0.077 0.0 16.0
0.0 70.0 0.078 48.0 15.0
0.0 75.0 0.078 48.0 15.0
0.0 75.0 0.079 0.0 16.0
0.0 80.0 0.079 0.0 16.0
0.0 75.0 0.080 47.0 16.0
0.0 80.0 0.080 47.0 16.0
0.0 80.0 0.081 14.0 17.0
0.0 85.0 0.081 14.0 17.0
0.0 85.0 0.082 0.0 18.0
0.0 90.0 0.082 0.0 18.0
0.0 85.0 0.083 13.0 18.0
0.0 90.0 0.083 13.0 18.0
0.0 90.0 0.084 0.0 19.0
0.0 95.0 0.084 0.0 19.0
0.0 95.0 0.085 0.0 20.0
0.0 100.0 0.085 0.0 20.0
0.0 95.0 0.086 0.0 20.0
0.0 100.0 0.086 0.0 20.0
0.0 90.0 0.087 12.0 19.0
0.0 95.0 0.087 12.0 19.0
0.0 95.0 0.088 0.0 20.0
0.0 100.0 0.088 0.0 20.0
0.0 95.0 0.089 11.0 20.0
0.0 100.0 0.089 11.0 20.0
0.0 100.0 0.090 2.0 21.0
0.0 105.0 0.090 2.0 21.0
0.0 105.0 0.091 0.0 22.0
0.0 110.0 0.091 0.0 22.0
0.0 105.0 0.092 1.0 22.0
0.0 110.0 0.092 1.0 22.0
0.0 110.0 0.093 0.0 23.0
0.0 115.0 0.093 0.0 23.0
0.0 115.0 0.094 0.0 24.0
0.0 120.0 0.094 0.0 24.0
0.0 115.0 0.095 0.0 24.0
0.0 120.0 0.095 0.0 24.0
0.0 110.0 0.096 0.0 23.0
0.0 115.0 0.096 0.0 23.0
0.0 115.0 0.097 0.0 24.0
0.0 120.0 0.097 0.0 24.0
0.0 115.0 0.098 0.0 24.0
0.0 120.0 0.098 0.0 24.0
0.0 100.0 0.099 10.0 21.0
0.0 105.0 0.099 10.0 21.0
0.0 105.0 0.0100 0.0 22.0
0.0 110.0 0.0100 0.0 22.0
0.0 105.0 0.0101 9.0 22.0
0.0 110.0 0.0101 9.0 22.0
0.0 110.0 0.0102 0.0 23.0
0.0 115.0 0.0102 0.0 23.0
0.0 115.0 0.0103 0.0 24.0
0.0 120.0 0.0103 0.0 24.0
0.0 115.0 0.0104 0.0 24.0
0.0 120.0 0.0104 0.0 24.0
0.0 110.0 0.0105 8.0 23.0
0.0 115.0 0.0105 8.0 23.0
0.0 115.0 0.0106 0.0 24.0
0.0 120.0 0.0106 0.0 24.0
0.0 115.0 0.0107 7.0 24.0
0.0 120.0 0.0107 7.0 24.0
0.0 120.0 0.0108 6.0 25.0
0.0 125.0 0.0108 6.0 25.0
0.0 125.0 0.0109 0.0 26.0
0.0 130.0 0.0109 0.0 26.0
0.0 125.0 0.0110 5.0 26.0
0.0 130.0 0.0110 5.0 26.0
0.0 130.0 0.0111 0.0 27.0
0.0 135.0 0.0111 0.0 27.0
0.0 135.0 0.0112 0.0 28.0
0.0 140.0 0.0112 0.0 28.0
0.0 135.0 0.0113 0.0 28.0
0.0 140.0 0.0113 0.0 28.0
0.0 130.0 0.0114 4.0 27.0
0.0 135.0 0.0114 4.0 27.0
0.0 135.0 0.0115 0.0 28.0
0.0 140.0 0.0115 0.0 28.0
0.0 135.0 0.0116 3.0 28.0
0.0 140.0 0.0116 3.0 28.0
0.0 140.0 0.0117 2.0 29.0
0.0 145.0 0.0117 2.0 29.0
0.0 145.0 0.0118 0.0 30.0
0.0 150.0 0.0118 0.0 30.0
0.0 145.0 0.0119 1.0 30.0
0.0 150.0 0.0119 1.0 30.0
0.0 150.0 0.0120 0.0 31.0
0.0 155.0 0.0120 0.0 31.0
0.0 155.0 0.0121 0.0 32.0
0.0 160.0 0.0121 0.0 32.0
0.0 155.0 0.0122 0.0 32.0
0.0 160.0 0.0122 0.0 32.0
0.0 150.0 0.0123 0.0 31.0
0.0 155.0 0.0123 0.0 31.0
0.0 155.0 0.0124 0.0 32.0
0.0 160.0 0.0124 0.0 32.0
0.0 155.0 0.0125 0.0 32.0
0.0 160.0 0.0125 0.0 32.0
0.0 140.0 0.0126 2.0 29.0
0.0 145.0 0.0126 2.0 29.0
0.0 145.0 0.0127 0.0 30.0
0.0 150.0 0.0127 0.0 30.0
0.0 145.0 0.0128 1.0 30.0
0.0 150.0 0.0128 1.0 30.0
0.0 150.0 0.0129 0.0 31.0
0.0 155.0 0.0129 0.0 31.0
0.0 155.0 0.0130 0.0 32.0
0.0 160.0 0.0130 0.0 32.0
0.0 155.0 0.0131 0.0 32.0
0.0 160.0 0.0131 0.0 32.0
0.0 150.0 0.0132 0.0 31.0
0.0 155.0 0.0132 0.0 31.0
0.0 155.0 0.0133 0.0 32.0
0.0 160.0 0.0133 0.0 32.0
0.0 155.0 0.0134 0.0 32.0
0.0 160.0 0.0134 0.0 32.0
0.0 120.0 0.0135 6.0 25.0
0.0 125.0 0.0135 6.0 25.0
0.0 125.0 0.0136 0.0 26.0
0.0 130.0 0.0136 0.0 26.0
0.0 125.0 0.0137 5.0 26.0
0.0 130.0 0.0137 5.0 26.0
0.0 130.0 0.0138 0.0 27.0
0.0 135.0 0.0138 0.0 27.0
0.0 135.0 0.0139 0.0 28.0
0.0 140.0 0.0139 0.0 28.0
0.0 135.0 0.0140 0.0 28.0
0.0 140.0 0.0140 0.0 28.0
0.0 130.0 0.0141 4.0 27.0
0.0 135.0 0.0141 4.0 27.0
0.0 135.0 0.0142 0.0 28.0
0.0 140.0 0.0142 0.0 28.0
0.0 135.0 0.0143 3.0 28.0
0.0 140.0 0.0143 3.0 28.0
0.0 140.0 0.0144 2.0 29.0
0.0 145.0 0.0144 2.0 29.0
0.0 145.0 0.0145 0.0 30.0
0.0 150.0 0.0145 0.0 30.0
0.0 145.0 0.0146 1.0 30.0
0.0 150.0 0.0146 1.0 30.0
0.0 150.0 0.0147 0.0 31.0
0.0 155.0 0.0147 0.0 31.0
0.0 155.0 0.0148 0.0 32.0
0.0 160.0 0.0148 0.0 32.0
0.0 155.0 0.0149 0.0 32.0
0.0 160.0 0.0149 0.0 32.0
0.0 150.0 0.0150 0.0 31.0
0.0 155.0 0.0150 0.0 31.0
0.0 155.0 0.0151 0.0 32.0
0.0 160.0 0.0151 0.0 32.0
0.0 155.0 0.0152 0.0 32.0
0.0 160.0 0.0152 0.0 32.0
0.0 140.0 0.0153 2.0 29.0
0.0 145.0 0.0153 2.0 29.0
0.0 145.0 0.0154 0.0 30.0
0.0 150.0 0.0154 0.0 30.0
0.0 145.0 0.0155 1.0 30.0
0.0 150.0 0.0155 1.0 30.0
0.0 150.0 0.0156 0.0 31.0
0.0 155.0 0.0156 0.0 31.0
0.0 155.0 0.0157 0.0 32.0
0.0 160.0 0.0157 0.0 32.0
0.0 155.0 0.0158 0.0 32.0
0.0 160.0 0.0158 0.0 32.0
0.0 150.0 0.0159 0.0 31.0
0.0 155.0 0.0159 0.0 31.0
0.0 155.0 0.0160 0.0 32.0
0.0 160.0 0.0160 0.0 32.0
0.0 155.0 0.0161 0.0 32.0
0.0 160.0 0.0161 0.0 32.0
0.0 80.0 0.0162 46.0 17.0
0.0 85.0 0.0162 46.0 17.0
0.0 85.0 0.0163 0.0 18.0
0.0 90.0 0.0163 0.0 18.0
0.0 85.0 0.0164 45.0 18.0
0.0 90.0 0.0164 45.0 18.0
0.0 90.0 0.0165 0.0 19.0
0.0 95.0 0.0165 0.0 19.0
0.0 95.0 0.0166 0.0 20.0
0.0 100.0 0.0166 0.0 20.0
0.0 95.0 0.0167 0.0 20.0
0.0 100.0 0.0167 0.0 20.0
0.0 90.0 0.0168 44.0 19.0
0.0 95.0 0.0168 44.0 19.0
0.0 95.0 0.0169 0.0 20.0
0.0 100.0 0.0169 0.0 20.0
0.0 95.0 0.0170 43.0 20.0
0.0 100.0 0.0170 43.0 20.0
0.0 100.0 0.0171 2.0 21.0
0.0 105.0 0.0171 2.0 21.0
0.0 105.0 0.0172 0.0 22.0
0.0 110.0 0.0172 0.0 22.0
0.0 105.0 0.0173 1.0 22.0
0.0 110.0 0.0173 1.0 22.0
0.0 110.0 0.0174 0.0 23.0
0.0 115.0 0.0174 0.0 23.0
0.0 115.0 0.0175 0.0 24.0
0.0 120.0 0.0175 0.0 24.0
0.0 115.0 0.0176 0.0 24.0
0.0 120.0 0.0176 0.0 24.0
0.0 110.0 0.0177 0.0 23.0
0.0 115.0 0.0177 0.0 23.0
0.0 115.0 0.0178 0.0 24.0
0.0 120.0 0.0178 0.0 24.0
0.0 115.0 0.0179 0.0 24.0
0.0 120.0 0.0179 0.0 24.0
0.0 100.0 0.0180 42.0 21.0
0.0 105.0 0.0180 42.0 21.0
0.0 105.0 0.0181 0.0 22.0
0.0 110.0 0.0181 0.0 22.0
0.0 105.0 0.0182 41.0 22.0
0.0 110.0 0.0182 41.0 22.0
0.0 110.0 0.0183 0.0 23.0
0.0 115.0 0.0183 0.0 23.0
0.0 115.0 0.0184 0.0 24.0
0.0 120.0 0.0184 0.0 24.0
0.0 115.0 0.0185 0.0 24.0
0.0 120.0 0.0185 0.0 24.0
0.0 110.0 0.0186 40.0 23.0
0.0 115.0 0.0186 40.0 23.0
0.0 115.0 0.0187 0.0 24.0
0.0 120.0 0.0187 0.0 24.0
0.0 115.0 0.0188 39.0 24.0
0.0 120.0 0.0188 39.0 24.0
0.0 120.0 0.0189 6.0 25.0
0.0 125.0 0.0189 6.0 25.0
0.0 125.0 0.0190 0.0 26.0
0.0 130.0 0.0190 0.0 26.0
0.0 125.0 0.0191 5.0 26.0
0.0 130.0 0.0191 5.0 26.0
0.0 130.0 0.0192 0.0 27.0
0.0 135.0 0.0192 0.0 27.0
0.0 135.0 0.0193 0.0 28.0
0.0 140.0 0.0193 0.0 28.0
0.0 135.0 0.0194 0.0 28.0
0.0 140.0 0.0194 0.0 28.0
0.0 130.0 0.0195 4.0 27.0
0.0 135.0 0.0195 4.0 27.0
0.0 135.0 0.0196 0.0 28.0
0.0 140.0 0.0196 0.0 28.0
0.0 135.0 0.0197 3.0 28.0
0.0 140.0 0.0197 3.0 28.0
0.0 140.0 0.0198 2.0 29.0
0.0 145.0 0.0198 2.0 29.0
0.0 145.0 0.0199 0.0 30.0
0.0 150.0 0.0199 0.0 30.0
0.0 145.0 0.0200 1.0 30.0
0.0 150.0 0.0200 1.0 30.0
0.0 150.0 0.0201 0.0 31.0
0.0 155.0 0.0201 0.0 31.0
0.0 155.0 0.0202 0.0 32.0
0.0 160.0 0.0202 0.0 32.0
0.0 155.0 0.0203 0.0 32.0
0.0 160.0 0.0203 0.0 32.0
0.0 150.0 0.0204 0.0 31.0
0.0 155.0 0.0204 0.0 31.0
0.0 155.0 0.0205 0.0 32.0
0.0 160.0 0.0205 0.0 32.0
0.0 155.0 0.0206 0.0 32.0
0.0 160.0 0.0206 0.0 32.0
0.0 140.0 0.0207 2.0 29.0
0.0 145.0 0.0207 2.0 29.0
0.0 145.0 0.0208 0.0 30.0
0.0 150.0 0.0208 0.0 30.0
0.0 145.0 0.0209 1.0 30.0
0.0 150.0 0.0209 1.0 30.0
0.0 150.0 0.0210 0.0 31.0
0.0 155.0 0.0210 0.0 31.0
0.0 155.0 0.0211 0.0 32.0
0.0 160.0 0.0211 0.0 32.0
0.0 155.0 0.0212 0.0 32.0
0.0 160.0 0.0212 0.0 32.0
0.0 150.0 0.0213 0.0 31.0
0.0 155.0 0.0213 0.0 31.0
0.0 155.0 0.0214 0.0 32.0
0.0 160.0 0.0214 0.0 32.0
0.0 155.0 0.0215 0.0 32.0
0.0 160.0 0.0215 0.0 32.0
0.0 120.0 0.0216 38.0 25.0
0.0 125.0 0.0216 38.0 25.0
0.0 125.0 0.0217 0.0 26.0
0.0 130.0 0.0217 0.0 26.0
0.0 125.0 0.0218 37.0 26.0
0.0 130.0 0.0218 37.0 26.0
0.0 130.0 0.0219 0.0 27.0
0.0 135.0 0.0219 0.0 27.0
0.0 135.0 0.0220 0.0 28.0
0.0 140.0 0.0220 0.0 28.0
0.0 135.0 0.0221 0.0 28.0
0.0 140.0 0.0221 0.0 28.0
0.0 130.0 0.0222 36.0 27.0
0.0 135.0 0.0222 36.0 27.0
0.0 135.0 0.0223 0.0 28.0
0.0 140.0 0.0223 0.0 28.0
0.0 135.0 0.0224 35.0 28.0
0.0 140.0 0.0224 35.0 28.0
0.0 140.0 0.0225 2.0 29.0
0.0 145.0 0.0225 2.0 29.0
0.0 145.0 0.0226 0.0 30.0
0.0 150.0 0.0226 0.0 30.0
0.0 145.0 0.0227 1.0 30.0
0.0 150.0 0.0227 1.0 30.0
0.0 150.0 0.0228 0.0 31.0
0.0 155.0 0.0228 0.0 31.0
0.0 155.0 0.0229 0.0 32.0
0.0 160.0 0.0229 0.0 32.0
0.0 155.0 0.0230 0.0 32.0
0.0 160.0 0.0230 0.0 32.0
0.0 150.0 0.0231 0.0 31.0
0.0 155.0 0.0231 0.0 31.0
0.0 155.0 0.0232 0.0 32.0
0.0 160.0 0.0232 0.0 32.0
0.0 155.0 0.0233 0.0 32.0
0.0 160.0 0.0233 0.0 32.0
0.0 140.0 0.0234 34.0 29.0
0.0 145.0 0.0234 34.0 29.0
0.0 145.0 0.0235 0.0 30.0
0.0 150.0 0.0235 0.0 30.0
0.0 145.0 0.0236 33.0 30.0
0.0 150.0 0.0236 33.0 30.0
0.0 150.0 0.0237 0.0 31.0
0.0 155.0 0.0237 0.0 31.0
0.0 155.0 0.0238 0.0 32.0
0.0 160.0 0.0238 0.0 32.0
0.0 155.0 0.0239 0.0 32.0
0.0 160.0 0.0239 0.0 32.0
0.0 150.0 0.0240 32.0 31.0
0.0 155.0 0.0240 32.0 31.0
0.0 155.0 0.0241 0.0 32.0
0.0 160.0 0.0241 0.0 32.0
0.0 155.0 0.0242 31.0 32.0
0.0 160.0 0.0242 31.0 32.0
0.0 160.0 0.0243 30.0 33.0
0.0 165.0 0.0243 30.0 33.0
0.0 165.0 0.0244 0.0 34.0
0.0 170.0 0.0244 0.0 34.0
0.0 165.0 0.0245 29.0 34.0
0.0 170.0 0.0245 29.0 34.0
0.0 170.0 0.0246 0.0 35.0
0.0 175.0 0.0246 0.0 35.0
0.0 175.0 0.0247 0.0 36.0
0.0 180.0 0.0247 0.0 36.0
0.0 175.0 0.0248 0.0 36.0
0.0 180.0 0.0248 0.0 36.0
0.0 170.0 0.0249 28.0 35.0
0.0 175.0 0.0249 28.0 35.0
0.0 175.0 0.0250 0.0 36.0
0.0 180.0 0.0250 0.0 36.0
0.0 175.0 0.0251 27.0 36.0
0.0 180.0 0.0251 27.0 36.0
0.0 180.0 0.0252 2.0 37.0
0.0 185.0 0.0252 2.0 37.0
0.0 185.0 0.0253 0.0 38.0
0.0 190.0 0.0253 0.0 38.0
0.0 185.0 0.0254 1.0 38.0
0.0 190.0 0.0254 1.0 38.0
0.0 190.0 0.0255 0.0 39.0
0.0 195.0 0.0255 0.0 39.0
0.0 195.0 0.0256 0.0 40.0
0.0 200.0 0.0256 0.0 40.0
0.0 195.0 0.0257 0.0 40.0
0.0 200.0 0.0257 0.0 40.0
0.0 190.0 0.0258 0.0 39.0
0.0 195.0 0.0258 0.0 39.0
0.0 195.0 0.0259 0.0 40.0
0.0 200.0 0.0259 0.0 40.0
0.0 195.0 0.0260 0.0 40.0
0.0 200.0 0.0260 0.0 40.0
0.0 180.0 0.0261 26.0 37.0
0.0 185.0 0.0261 26.0 37.0
0.0 185.0 0.0262 0.0 38.0
0.0 190.0 0.0262 0.0 38.0
0.0 185.0 0.0263 25.0 38.0
0.0 190.0 0.0263 25.0 38.0
0.0 190.0 0.0264 0.0 39.0
0.0 195.0 0.0264 0.0 39.0
0.0 195.0 0.0265 0.0 40.0
0.0 200.0 0.0265 0.0 40.0
0.0 195.0 0.0266 0.0 40.0
0.0 200.0 0.0266 0.0 40.0
0.0 190.0 0.0267 24.0 39.0
0.0 195.0 0.0267 24.0 39.0
0.0 195.0 0.0268 0.0 40.0
0.0 200.0 0.0268 0.0 40.0
0.0 195.0 0.0269 23.0 40.0
0.0 200.0 0.0269 23.0 40.0
0.0 200.0 0.0270 6.0 41.0
0.0 205.0 0.0270 6.0 41.0
0.0 205.0 0.0271 0.0 42.0
0.0 210.0 0.0271 0.0 42.0
0.0 205.0 0.0272 5.0 42.0
0.0 210.0 0.0272 5.0 42.0
0.0 210.0 0.0273 0.0 43.0
0.0 215.0 0.0273 0.0 43.0
0.0 215.0 0.0274 0.0 44.0
0.0 220.0 0.0274 0.0 44.0
0.0 215.0 0.0275 0.0 44.0
0.0 220.0 0.0275 0.0 44.0
0.0 210.0 0.0276 4.0 43.0
0.0 215.0 0.0276 4.0 43.0
0.0 215.0 0.0277 0.0 44.0
0.0 220.0 0.0277 0.0 44.0
0.0 215.0 0.0278 3.0 44.0
0.0 220.0 0.0278 3.0 44.0
0.0 220.0 0.0279 2.0 45.0
0.0 225.0 0.0279 2.0 45.0
0.0 225.0 0.0280 0.0 46.0
0.0 230.0 0.0280 0.0 46.0
0.0 225.0 0.0281 1.0 46.0
0.0 230.0 0.0281 1.0 46.0
0.0 230.0 0.0282 0.0 47.0
0.0 235.0 0.0282 0.0 47.0
0.0 235.0 0.0283 0.0 48.0
0.0 240.0 0.0283 0.0 48.0
0.0 235.0 0.0284 0.0 48.0
0.0 240.0 0.0284 0.0 48.0
0.0 230.0 0.0285 0.0 47.0
0.0 235.0 0.0285 0.0 47.0
0.0 235.0 0.0286 0.0 48.0
0.0 240.0 0.0286 0.0 48.0
0.0 235.0 0.0287 0.0 48.0
0.0 240.0 0.0287 0.0 48.0
0.0 220.0 0.0288 2.0 45.0
0.0 225.0 0.0288 2.0 45.0
0.0 225.0 0.0289 0.0 46.0
0.0 230.0 0.0289 0.0 46.0
0.0 225.0 0.0290 1.0 46.0
0.0 230.0 0.0290 1.0 46.0
0.0 230.0 0.0291 0.0 47.0
0.0 235.0 0.0291 0.0 47.0
0.0 235.0 0.0292 0.0 48.0
0.0 240.0 0.0292 0.0 48.0
0.0 235.0 0.0293 0.0 48.0
0.0 240.0 0.0293 0.0 48.0
0.0 230.0 0.0294 0.0 47.0
0.0 235.0 0.0294 0.0 47.0
0.0 235.0 0.0295 0.0 48.0
0.0 240.0 0.0295 0.0 48.0
0.0 235.0 0.0296 0.0 48.0
0.0 240.0 0.0296 0.0 48.0
0.0 200.0 0.0297 22.0 41.0
0.0 205.0 0.0297 22.0 41.0
0.0 205.0 0.0298 0.0 42.0
0.0 210.0 0.0298 0.0 42.0
0.0 205.0 0.0299 21.0 42.0
0.0 210.0 0.0299 21.0 42.0
0.0 210.0 0.0300 0.0 43.0
0.0 215.0 0.0300 0.0 43.0
0.0 215.0 0.0301 0.0 44.0
0.0 220.0 0.0301 0.0 44.0
0.0 215.0 0.0302 0.0 44.0
0.0 220.0 0.0302 0.0 44.0
0.0 210.0 0.0303 20.0 43.0
0.0 215.0 0.0303 20.0 43.0
0.0 215.0 0.0304 0.0 44.0
0.0 220.0 0.0304 0.0 44.0
0.0 215.0 0.0305 19.0 44.0
0.0 220.0 0.0305 19.0 44.0
0.0 220.0 0.0306 2.0 45.0
0.0 225.0 0.0306 2.0 45.0
0.0 225.0 0.0307 0.0 46.0
0.0 230.0 0.0307 0.0 46.0
0.0 225.0 0.0308 1.0 46.0
0.0 230.0 0.0308 1.0 46.0
0.0 230.0 0.0309 0.0 47.0
0.0 235.0 0.0309 0.0 47.0
0.0 235.0 0.0310 0.0 48.0
0.0 240.0 0.0310 0.0 48.0
0.0 235.0 0.0311 0.0 48.0
0.0 240.0 0.0311 0.0 48.0
0.0 230.0 0.0312 0.0 47.0
0.0 235.0 0.0312 0.0 47.0
0.0 235.0 0.0313 0.0 48.0
0.0 240.0 0.0313 0.0 48.0
0.0 235.0 0.0314 0.0 48.0
0.0 240.0 0.0314 0.0 48.0
0.0 220.0 0.0315 18.0 45.0
0.0 225.0 0.0315 18.0 45.0
0.0 225.0 0.0316 0.0 46.0
0.0 230.0 0.0316 0.0 46.0
0.0 225.0 0.0317 17.0 46.0
0.0 230.0 0.0317 17.0 46.0
0.0 230.0 0.0318 0.0 47.0
0.0 235.0 0.0318 0.0 47.0
0.0 235.0 0.0319 0.0 48.0
0.0 240.0 0.0319 0.0 48.0
0.0 235.0 0.0320 0.0 48.0
0.0 240.0 0.0320 0.0 48.0
0.0 230.0 0.0321 16.0 47.0
0.0 235.0 0.0321 16.0 47.0
0.0 235.0 0.0322 0.0 48.0
0.0 240.0 0.0322 0.0 48.0
0.0 235.0 0.0323 15.0 48.0
0.0 240.0 0.0323 15.0 48.0
0.0 240.0 0.0324 14.0 49.0
0.0 245.0 0.0324 14.0 49.0
0.0 245.0 0.0325 0.0 50.0
0.0 250.0 0.0325 0.0 50.0
0.0 245.0 0.0326 13.0 50.0
0.0 250.0 0.0326 13.0 50.0
0.0 250.0 0.0327 0.0 51.0
0.0 255.0 0.0327 0.0 51.0
0.0 255.0 0.0328 0.0 52.0
0.0 260.0 0.0328 0.0 52.0
0.0 255.0 0.0329 0.0 52.0
0.0 260.0 0.0329 0.0 52.0
0.0 250.0 0.0330 12.0 51.0
0.0 255.0 0.0330 12.0 51.0
0.0 255.0 0.0331 0.0 52.0
0.0 260.0 0.0331 0.0 52.0
0.0 255.0 0.0332 11.0 52.0
0.0 260.0 0.0332 11.0 52.0
0.0 260.0 0.0333 2.0 53.0
0.0 265.0 0.0333 2.0 53.0
0.0 265.0 0.0334 0.0 54.0
0.0 270.0 0.0334 0.0 54.0
0.0 265.0 0.0335 1.0 54.0
0.0 270.0 0.0335 1.0 54.0
0.0 270.0 0.0336 0.0 55.0
0.0 275.0 0.0336 0.0 55.0
0.0 275.0 0.0337 0.0 56.0
0.0 280.0 0.0337 0.0 56.0
0.0 275.0 0.0338 0.0 56.0
0.0 280.0 0.0338 0.0 56.0
0.0 270.0 0.0339 0.0 55.0
0.0 275.0 0.0339 0.0 55.0
0.0 275.0 0.0340 0.0 56.0
0.0 280.0 0.0340 0.0 56.0
0.0 275.0 0.0341 0.0 56.0
0.0 280.0 0.0341 0.0 56.0
0.0 260.0 0.0342 10.0 53.0
0.0 265.0 0.0342 10.0 53.0
0.0 265.0 0.0343 0.0 54.0
0.0 270.0 0.0343 0.0 54.0
0.0 265.0 0.0344 9.0 54.0
0.0 270.0 0.0344 9.0 54.0
0.0 270.0 0.0345 0.0 55.0
0.0 275.0 0.0345 0.0 55.0
0.0 275.0 0.0346 0.0 56.0
0.0 280.0 0.0346 0.0 56.0
0.0 275.0 0.0347 0.0 56.0
0.0 280.0 0.0347 0.0 56.0
0.0 270.0 0.0348 8.0 55.0
0.0 275.0 0.0348 8.0 55.0
0.0 275.0 0.0349 0.0 56.0
0.0 280.0 0.0349 0.0 56.0
0.0 275.0 0.0350 7.0 56.0
0.0 280.0 0.0350 7.0 56.0
0.0 280.0 0.0351 6.0 57.0
0.0 285.0 0.0351 6.0 57.0
0.0 285.0 0.0352 0.0 58.0
0.0 290.0 0.0352 0.0 58.0
0.0 285.0 0.0353 5.0 58.0
0.0 290.0 0.0353 5.0 58.0
0.0 290.0 0.0354 0.0 59.0
0.0 295.0 0.0354 0.0 59.0
0.0 295.0 0.0355 0.0 60.0
0.0 300.0 0.0355 0.0 60.0
0.0 295.0 0.0356 0.0 60.0
0.0 300.0 0.0356 0.0 60.0
0.0 290.0 0.0357 4.0 59.0
0.0 295.0 0.0357 4.0 59.0
0.0 295.0 0.0358 0.0 60.0
0.0 300.0 0.0358 0.0 60.0
0.0 295.0 0.0359 3.0 60.0
0.0 300.0 0.0359 3.0 60.0
0.0 300.0 0.0360 2.0 61.0
0.0 305.0 0.0360 2.0 61.0
0.0 305.0 0.0361 0.0 62.0
0.0 310.0 0.0361 0.0 62.0
0.0 305.0 0.0362 1.0 62.0
0.0 310.0 0.0362 1.0 62.0
0.0 310.0 0.0363 0.0 63.0
0.0 315.0 0.0363 0.0 63.0
0.0 315.0 0.0364 0.0 64.0
0.0 320.0 0.0364 0.0 64.0
0.0 315.0 0.0365 0.0 64.0
0.0 320.0 0.0365 0.0 64.0
0.0 310.0 0.0366 0.0 63.0
0.0 315.0 0.0366 0.0 63.0
0.0 315.0 0.0367 0.0 64.0
0.0 320.0 0.0367 0.0 64.0
0.0 315.0 0.0368 0.0 64.0
0.0 320.0 0.0368 0.0 64.0
0.0 300.0 0.0369 2.0 61.0
0.0 305.0 0.0369 2.0 61.0
0.0 305.0 0.0370 0.0 62.0
0.0 310.0 0.0370 0.0 62.0
0.0 305.0 0.0371 1.0 62.0
0.0 310.0 0.0371 1.0 62.0
0.0 310.0 0.0372 0.0 63.0
0.0 315.0 0.0372 0.0 63.0
0.0 315.0 0.0373 0.0 64.0
0.0 320.0 0.0373 0.0 64.0
0.0 315.0 0.0374 0.0 64.0
0.0 320.0 0.0374 0.0 64.0
0.0 310.0 0.0375 0.0 63.0
0.0 315.0 0.0375 0.0 63.0
0.0 315.0 0.0376 0.0 64.0
0.0 320.0 0.0376 0.0 64.0
0.0 315.0 0.0377 0.0 64.0
0.0 320.0 0.0377 0.0 64.0
0.0 280.0 0.0378 6.0 57.0
0.0 285.0 0.0378 6.0 57.0
0.0 285.0 0.0379 0.0 58.0
0.0 290.0 0.0379 0.0 58.0
0.0 285.0 0.0380 5.0 58.0
0.0 290.0 0.0380 5.0 58.0
0.0 290.0 0.0381 0.0 59.0
0.0 295.0 0.0381 0.0 59.0
0.0 295.0 0.0382 0.0 60.0
0.0 300.0 0.0382 0.0 60.0
0.0 295.0 0.0383 0.0 60.0
0.0 300.0 0.0383 0.0 60.0
0.0 290.0 0.0384 4.0 59.0
0.0 295.0 0.0384 4.0 59.0
0.0 295.0 0.0385 0.0 60.0
0.0 300.0 0.0385 0.0 60.0
0.0 295.0 0.0386 3.0 60.0
0.0 300.0 0.0386 3.0 60.0
0.0 300.0 0.0387 2.0 61.0
0.0 305.0 0.0387 2.0 61.0
0.0 305.0 0.0388 0.0 62.0
0.0 310.0 0.0388 0.0 62.0
0.0 305.0 0.0389 1.0 62.0
0.0 310.0 0.0389 1.0 62.0
0.0 310.0 0.0390 0.0 63.0
0.0 315.0 0.0390 0.0 63.0
0.0 315.0 0.0391 0.0 64.0
0.0 320.0 0.0391 0.0 64.0
0.0 315.0 0.0392 0.0 64.0
0.0 320.0 0.0392 0.0 64.0
0.0 310.0 0.0393 0.0 63.0
0.0 315.0 0.0393 0.0 63.0
0.0 315.0 0.0394 0.0 64.0
0.0 320.0 0.0394 0.0 64.0
0.0 315.0 0.0395 0.0 64.0
0.0 320.0 0.0395 0.0 64.0
0.0 300.0 0.0396 2.0 61.0
0.0 305.0 0.0396 2.0 61.0
0.0 305.0 0.0397 0.0 62.0
0.0 310.0 0.0397 0.0 62.0
0.0 305.0 0.0398 1.0 62.0
0.0 310.0 0.0398 1.0 62.0
0.0 310.0 0.0399 0.0 63.0
0.0 315.0 0.0399 0.0 63.0
0.0 315.0 0.0400 0.0 64.0
0.0 320.0 0.0400 0.0 64.0
0.0 315.0 0.0401 0.0 64.0
0.0 320.0 0.0401 0.0 64.0
0.0 310.0 0.0402 0.0 63.0
0.0 315.0 0.0402 0.0 63.0
0.0 315.0 0.0403 0.0 64.0
0.0 320.0 0.0403 0.0 64.0
0.0 315.0 0.0404 0.0 64.0
0.0 320.0 0.0404 0.0 64.0
0.0 240.0 0.0405 14.0 49.0
0.0 245.0 0.0405 14.0 49.0
0.0 245.0 0.0406 0.0 50.0
0.0 250.0 0.0406 0.0 50.0
0.0 245.0 0.0407 13.0 50.0
0.0 250.0 0.0407 13.0 50.0
0.0 250.0 0.0408 0.0 51.0
0.0 255.0 0.0408 0.0 51.0
0.0 255.0 0.0409 0.0 52.0
0.0 260.0 0.0409 0.0 52.0
0.0 255.0 0.0410 0.0 52.0
0.0 260.0 0.0410 0.0 52.0
0.0 250.0 0.0411 12.0 51.0
0.0 255.0 0.0411 12.0 51.0
0.0 255.0 0.0412 0.0 52.0
0.0 260.0 0.0412 0.0 52.0
0.0 255.0 0.0413 11.0 52.0
0.0 260.0 0.0413 11.0 52.0
0.0 260.0 0.0414 2.0 53.0
0.0 265.0 0.0414 2.0 53.0
0.0 265.0 0.0415 0.0 54.0
0.0 270.0 0.0415 0.0 54.0
0.0 265.0 0.0416 1.0 54.0
0.0 270.0 0.0416 1.0 54.0
0.0 270.0 0.0417 0.0 55.0
0.0 275.0 0.0417 0.0 55.0
0.0 275.0 0.0418 0.0 56.0
0.0 280.0 0.0418 0.0 56.0
0.0 275.0 0.0419 0.0 56.0
0.0 280.0 0.0419 0.0 56.0
0.0 270.0 0.0420 0.0 55.0
0.0 275.0 0.0420 0.0 55.0
0.0 275.0 0.0421 0.0 56.0
0.0 280.0 0.0421 0.0 56.0
0.0 275.0 0.0422 0.0 56.0
0.0 280.0 0.0422 0.0 56.0
0.0 260.0 0.0423 10.0 53.0
0.0 265.0 0.0423 10.0 53.0
0.0 265.0 0.0424 0.0 54.0
0.0 270.0 0.0424 0.0 54.0
0.0 265.0 0.0425 9.0 54.0
0.0 270.0 0.0425 9.0 54.0
0.0 270.0 0.0426 0.0 55.0
0.0 275.0 0.0426 0.0 55.0
0.0 275.0 0.0427 0.0 56.0
0.0 280.0 0.0427 0.0 56.0
0.0 275.0 0.0428 0.0 56.0
0.0 280.0 0.0428 0.0 56.0
0.0 270.0 0.0429 8.0 55.0
0.0 275.0 0.0429 8.0 55.0
0.0 275.0 0.0430 0.0 56.0
0.0 280.0 0.0430 0.0 56.0
0.0 275.0 0.0431 7.0 56.0
0.0 280.0 0.0431 7.0 56.0
0.0 280.0 0.0432 6.0 57.0
0.0 285.0 0.0432 6.0 57.0
0.0 285.0 0.0433 0.0 58.0
0.0 290.0 0.0433 0.0 58.0
0.0 285.0 0.0434 5.0 58.0
0.0 290.0 0.0434 5.0 58.0
0.0 290.0 0.0435 0.0 59.0
0.0 295.0 0.0435 0.0 59.0
0.0 295.0 0.0436 0.0 60.0
0.0 300.0 0.0436 0.0 60.0
0.0 295.0 0.0437 0.0 60.0
0.0 300.0 0.0437 0.0 60.0
0.0 290.0 0.0438 4.0 59.0
0.0 295.0 0.0438 4.0 59.0
0.0 295.0 0.0439 0.0 60.0
0.0 300.0 0.0439 0.0 60.0
0.0 295.0 0.0440 3.0 60.0
0.0 300.0 0.0440 3.0 60.0
0.0 300.0 0.0441 2.0 61.0
0.0 305.0 0.0441 2.0 61.0
0.0 305.0 0.0442 0.0 62.0
0.0 310.0 0.0442 0.0 62.0
0.0 305.0 0.0443 1.0 62.0
0.0 310.0 0.0443 1.0 62.0
0.0 310.0 0.0444 0.0 63.0
0.0 315.0 0.0444 0.0 63.0
0.0 315.0 0.0445 0.0 64.0
0.0 320.0 0.0445 0.0 64.0
0.0 315.0 0.0446 0.0 64.0
0.0 320.0 0.0446 0.0 64.0
0.0 310.0 0.0447 0.0 63.0
0.0 315.0 0.0447 0.0 63.0
0.0 315.0 0.0448 0.0 64.0
0.0 320.0 0.0448 0.0 64.0
0.0 315.0 0.0449 0.0 64.0
0.0 320.0 0.0449 0.0 64.0
0.0 300.0 0.0450 2.0 61.0
0.0 305.0 0.0450 2.0 61.0
0.0 305.0 0.0451 0.0 62.0
0.0 310.0 0.0451 0.0 62.0
0.0 305.0 0.0452 1.0 62.0
0.0 310.0 0.0452 1.0 62.0
0.0 310.0 0.0453 0.0 63.0
0.0 315.0 0.0453 0.0 63.0
0.0 315.0 0.0454 0.0 64.0
0.0 320.0 0.0454 0.0 64.0
0.0 315.0 0.0455 0.0 64.0
0.0 320.0 0.0455 0.0 64.0
0.0 310.0 0.0456 0.0 63.0
0.0 315.0 0.0456 0.0 63.0
0.0 315.0 0.0457 0.0 64.0
0.0 320.0 0.0457 0.0 64.0
0.0 315.0 0.0458 0.0 64.0
0.0 320.0 0.0458 0.0 64.0
0.0 280.0 0.0459 6.0 57.0
0.0 285.0 0.0459 6.0 57.0
0.0 285.0 0.0460 0.0 58.0
0.0 290.0 0.0460 0.0 58.0
0.0 285.0 0.0461 5.0 58.0
0.0 290.0 0.0461 5.0 58.0
0.0 290.0 0.0462 0.0 59.0
0.0 295.0 0.0462 0.0 59.0
0.0 295.0 0.0463 0.0 60.0
0.0 300.0 0.0463 0.0 60.0
0.0 295.0 0.0464 0.0 60.0
0.0 300.0 0.0464 0.0 60.0
0.0 290.0 0.0465 4.0 59.0
0.0 295.0 0.0465 4.0 59.0
0.0 295.0 0.0466 0.0 60.0
0.0 300.0 0.0466 0.0 60.0
0.0 295.0 0.0467 3.0 60.0
0.0 300.0 0.0467 3.0 60.0
0.0 300.0 0.0468 2.0 61.0
0.0 305.0 0.0468 2.0 61.0
0.0 305.0 0.0469 0.0 62.0
0.0 310.0 0.0469 0.0 62.0
0.0 305.0 0.0470 1.0 62.0
0.0 310.0 0.0470 1.0 62.0
0.0 310.0 0.0471 0.0 63.0
0.0 315.0 0.0471 0.0 63.0
0.0 315.0 0.0472 0.0 64.0
0.0 320.0 0.0472 0.0 64.0
0.0 315.0 0.0473 0.0 64.0
0.0 320.0 0.0473 0.0 64.0
0.0 310.0 0.0474 0.0 63.0
0.0 315.0 0.0474 0.0 63.0
0.0 315.0 0.0475 0.0 64.0
0.0 320.0 0.0475 0.0 64.0
0.0 315.0 0.0476 0.0 64.0
0.0 320.0 0.0476 0.0 64.0
0.0 300.0 0.0477 2.0 61.0
0.0 305.0 0.0477 2.0 61.0
0.0 305.0 0.0478 0.0 62.0
0.0 310.0 0.0478 0.0 62.0
0.0 305.0 0.0479 1.0 62.0
0.0 310.0 0.0479 1.0 62.0
0.0 310.0 0.0480 0.0 63.0
0.0 315.0 0.0480 0.0 63.0
0.0 315.0 0.0481 0.0 64.0
0.0 320.0 0.0481 0.0 64.0
0.0 315.0 0.0482 0.0 64.0
0.0 320.0 0.0482 0.0 64.0
0.0 310.0 0.0483 0.0 63.0
0.0 315.0 0.0483 0.0 63.0
0.0 315.0 0.0484 0.0 64.0
0.0 320.0 0.0484 0.0 64.0
0.0 315.0 0.0485 0.0 64.0
0.0 320.0 0.0485 0.0 64.0
0.0 160.0 0.0486 30.0 33.0
0.0 165.0 0.0486 30.0 33.0
0.0 165.0 0.0487 0.0 34.0
0.0 170.0 0.0487 0.0 34.0
0.0 165.0 0.0488 29.0 34.0
0.0 170.0 0.0488 29.0 34.0
0.0 170.0 0.0489 0.0 35.0
0.0 175.0 0.0489 0.0 35.0
0.0 175.0 0.0490 0.0 36.0
0.0 180.0 0.0490 0.0 36.0
0.0 175.0 0.0491 0.0 36.0
0.0 180.0 0.0491 0.0 36.0
0.0 170.0 0.0492 28.0 35.0
0.0 175.0 0.0492 28.0 35.0
0.0 175.0 0.0493 0.0 36.0
0.0 180.0 0.0493 0.0 36.0
0.0 175.0 0.0494 27.0 36.0
0.0 180.0 0.0494 27.0 36.0
0.0 180.0 0.0495 2.0 37.0
0.0 185.0 0.0495 2.0 37.0
0.0 185.0 0.0496 0.0 38.0
0.0 190.0 0.0496 0.0 38.0
0.0 185.0 0.0497 1.0 38.0
0.0 190.0 0.0497 1.0 38.0
0.0 190.0 0.0498 0.0 39.0
0.0 195.0 0.0498 0.0 39.0
0.0 195.0 0.0499 0.0 40.0
0.0 200.0 0.0499 0.0 40.0
0.0 195.0 0.0500 0.0 40.0
0.0 200.0 0.0500 0.0 40.0
0.0 190.0 0.0501 0.0 39.0
0.0 195.0 0.0501 0.0 39.0
0.0 195.0 0.0502 0.0 40.0
0.0 200.0 0.0502 0.0 40.0
0.0 195.0 0.0503 0.0 40.0
0.0 200.0 0.0503 0.0 40.0
0.0 180.0 0.0504 26.0 37.0
0.0 185.0 0.0504 26.0 37.0
0.0 185.0 0.0505 0.0 38.0
0.0 190.0 0.0505 0.0 38.0
0.0 185.0 0.0506 25.0 38.0
0.0 190.0 0.0506 25.0 38.0
0.0 190.0 0.0507 0.0 39.0
0.0 195.0 0.0507 0.0 39.0
0.0 195.0 0.0508 0.0 40.0
0.0 200.0 0.0508 0.0 40.0
0.0 195.0 0.0509 0.0 40.0
0.0 200.0 0.0509 0.0 40.0
0.0 190.0 0.0510 24.0 39.0
0.0 195.0 0.0510 24.0 39.0
0.0 195.0 0.0511 0.0 40.0
0.0 200.0 0.0511 0.0 40.0
0.0 195.0 0.0512 23.0 40.0
0.0 200.0 0.0512 23.0 40.0
0.0 200.0 0.0513 6.0 41.0
0.0 205.0 0.0513 6.0 41.0
0.0 205.0 0.0514 0.0 42.0
0.0 210.0 0.0514 0.0 42.0
0.0 205.0 0.0515 5.0 42.0
0.0 210.0 0.0515 5.0 42.0
0.0 210.0 0.0516 0.0 43.0
0.0 215.0 0.0516 0.0 43.0
0.0 215.0 0.0517 0.0 44.0
0.0 220.0 0.0517 0.0 44.0
0.0 215.0 0.0518 0.0 44.0
0.0 220.0 0.0518 0.0 44.0
0.0 210.0 0.0519 4.0 43.0
0.0 215.0 0.0519 4.0 43.0
0.0 215.0 0.0520 0.0 44.0
0.0 220.0 0.0520 0.0 44.0
0.0 215.0 0.0521 3.0 44.0
0.0 220.0 0.0521 3.0 44.0
0.0 220.0 0.0522 2.0 45.0
0.0 225.0 0.0522 2.0 45.0
0.0 225.0 0.0523 0.0 46.0
0.0 230.0 0.0523 0.0 46.0
0.0 225.0 0.0524 1.0 46.0
0.0 230.0 0.0524 1.0 46.0
0.0 230.0 0.0525 0.0 47.0
0.0 235.0 0.0525 0.0 47.0
0.0 235.0 0.0526 0.0 48.0
0.0 240.0 0.0526 0.0 48.0
0.0 235.0 0.0527 0.0 48.0
0.0 240.0 0.0527 0.0 48.0
0.0 230.0 0.0528 0.0 47.0
0.0 235.0 0.0528 0.0 47.0
0.0 235.0 0.0529 0.0 48.0
0.0 240.0 0.0529 0.0 48.0
0.0 235.0 0.0530 0.0 48.0
0.0 240.0 0.0530 0.0 48.0
0.0 220.0 0.0531 2.0 45.0
0.0 225.0 0.0531 2.0 45.0
0.0 225.0 0.0532 0.0 46.0
0.0 230.0 0.0532 0.0 46.0
0.0 225.0 0.0533 1.0 46.0
0.0 230.0 0.0533 1.0 46.0
0.0 230.0 0.0534 0.0 47.0
0.0 235.0 0.0534 0.0 47.0
0.0 235.0 0.0535 0.0 48.0
0.0 240.0 0.0535 0.0 48.0
0.0 235.0 0.0536 0.0 48.0
0.0 240.0 0.0536 0.0 48.0
0.0 230.0 0.0537 0.0 47.0
0.0 235.0 0.0537 0.0 47.0
0.0 235.0 0.0538 0.0 48.0
0.0 240.0 0.0538 0.0 48.0
0.0 235.0 0.0539 0.0 48.0
0.0 240.0 0.0539 0.0 48.0
0.0 200.0 0.0540 22.0 41.0
0.0 205.0 0.0540 22.0 41.0
0.0 205.0 0.0541 0.0 42.0
0.0 210.0 0.0541 0.0 42.0
0.0 205.0 0.0542 21.0 42.0
0.0 210.0 0.0542 21.0 42.0
0.0 210.0 0.0543 0.0 43.0
0.0 215.0 0.0543 0.0 43.0
0.0 215.0 0.0544 0.0 44.0
0.0 220.0 0.0544 0.0 44.0
0.0 215.0 0.0545 0.0 44.0
0.0 220.0 0.0545 0.0 44.0
0.0 210.0 0.0546 20.0 43.0
0.0 215.0 0.0546 20.0 43.0
0.0 215.0 0.0547 0.0 44.0
0.0 220.0 0.0547 0.0 44.0
0.0 215.0 0.0548 19.0 44.0
0.0 220.0 0.0548 19.0 44.0
0.0 220.0 0.0549 2.0 45.0
0.0 225.0 0.0549 2.0 45.0
0.0 225.0 0.0550 0.0 46.0
0.0 230.0 0.0550 0.0 46.0
0.0 225.0 0.0551 1.0 46.0
0.0 230.0 0.0551 1.0 46.0
0.0 230.0 0.0552 0.0 47.0
0.0 235.0 0.0552 0.0 47.0
0.0 235.0 0.0553 0.0 48.0
0.0 240.0 0.0553 0.0 48.0
0.0 235.0 0.0554 0.0 48.0
0.0 240.0 0.0554 0.0 48.0
0.0 230.0 0.0555 0.0 47.0
0.0 235.0 0.0555 0.0 47.0
0.0 235.0 0.0556 0.0 48.0
0.0 240.0 0.0556 0.0 48.0
0.0 235.0 0.0557 0.0 48.0
0.0 240.0 0.0557 0.0 48.0
0.0 220.0 0.0558 18.0 45.0
0.0 225.0 0.0558 18.0 45.0
0.0 225.0 0.0559 0.0 46.0
0.0 230.0 0.0559 0.0 46.0
0.0 225.0 0.0560 17.0 46.0
0.0 230.0 0.0560 17.0 46.0
0.0 230.0 0.0561 0.0 47.0
0.0 235.0 0.0561 0.0 47.0
0.0 235.0 0.0562 0.0 48.0
0.0 240.0 0.0562 0.0 48.0
0.0 235.0 0.0563 0.0 48.0
0.0 240.0 0.0563 0.0 48.0
0.0 230.0 0.0564 16.0 47.0
0.0 235.0 0.0564 16.0 47.0
0.0 235.0 0.0565 0.0 48.0
0.0 240.0 0.0565 0.0 48.0
0.0 235.0 0.0566 15.0 48.0
0.0 240.0 0.0566 15.0 48.0
0.0 240.0 0.0567 14.0 49.0
0.0 245.0 0.0567 14.0 49.0
0.0 245.0 0.0568 0.0 50.0
0.0 250.0 0.0568 0.0 50.0
0.0 245.0 0.0569 13.0 50.0
0.0 250.0 0.0569 13.0 50.0
0.0 250.0 0.0570 0.0 51.0
0.0 255.0 0.0570 0.0 51.0
0.0 255.0 0.0571 0.0 52.0
0.0 260.0 0.0571 0.0 52.0
0.0 255.0 0.0572 0.0 52.0
0.0 260.0 0.0572 0.0 52.0
0.0 250.0 0.0573 12.0 51.0
0.0 255.0 0.0573 12.0 51.0
0.0 255.0 0.0574 0.0 52.0
0.0 260.0 0.0574 0.0 52.0
0.0 255.0 0.0575 11.0 52.0
0.0 260.0 0.0575 11.0 52.0
0.0 260.0 0.0576 2.0 53.0
0.0 265.0 0.0576 2.0 53.0
0.0 265.0 0.0577 0.0 54.0
0.0 270.0 0.0577 0.0 54.0
0.0 265.0 0.0578 1.0 54.0
0.0 270.0 0.0578 1.0 54.0
0.0 270.0 0.0579 0.0 55.0
0.0 275.0 0.0579 0.0 55.0
0.0 275.0 0.0580 0.0 56.0
0.0 280.0 0.0580 0.0 56.0
0.0 275.0 0.0581 0.0 56.0
0.0 280.0 0.0581 0.0 56.0
0.0 270.0 0.0582 0.0 55.0
0.0 275.0 0.0582 0.0 55.0
0.0 275.0 0.0583 0.0 56.0
0.0 280.0 0.0583 0.0 56.0
0.0 275.0 0.0584 0.0 56.0
0.0 280.0 0.0584 0.0 56.0
0.0 260.0 0.0585 10.0 53.0
0.0 265.0 0.0585 10.0 53.0
0.0 265.0 0.0586 0.0 54.0
0.0 270.0 0.0586 0.0 54.0
0.0 265.0 0.0587 9.0 54.0
0.0 270.0 0.0587 9.0 54.0
0.0 270.0 0.0588 0.0 55.0
0.0 275.0 0.0588 0.0 55.0
0.0 275.0 0.0589 0.0 56.0
0.0 280.0 0.0589 0.0 56.0
0.0 275.0 0.0590 0.0 56.0
0.0 280.0 0.0590 0.0 56.0
0.0 270.0 0.0591 8.0 55.0
0.0 275.0 0.0591 8.0 55.0
0.0 275.0 0.0592 0.0 56.0
0.0 280.0 0.0592 0.0 56.0
0.0 275.0 0.0593 7.0 56.0
0.0 280.0 0.0593 7.0 56.0
0.0 280.0 0.0594 6.0 57.0
0.0 285.0 0.0594 6.0 57.0
0.0 285.0 0.0595 0.0 58.0
0.0 290.0 0.0595 0.0 58.0
0.0 285.0 0.0596 5.0 58.0
0.0 290.0 0.0596 5.0 58.0
0.0 290.0 0.0597 0.0 59.0
0.0 295.0 0.0597 0.0 59.0
0.0 295.0 0.0598 0.0 60.0
0.0 300.0 0.0598 0.0 60.0
0.0 295.0 0.0599 0.0 60.0
0.0 300.0 0.0599 0.0 60.0
0.0 290.0 0.0600 4.0 59.0
0.0 295.0 0.0600 4.0 59.0
0.0 295.0 0.0601 0.0 60.0
0.0 300.0 0.0601 0.0 60.0
0.0 295.0 0.0602 3.0 60.0
0.0 300.0 0.0602 3.0 60.0
0.0 300.0 0.0603 2.0 61.0
0.0 305.0 0.0603 2.0 61.0
0.0 305.0 0.0604 0.0 62.0
0.0 310.0 0.0604 0.0 62.0
0.0 305.0 0.0605 1.0 62.0
0.0 310.0 0.0605 1.0 62.0
0.0 310.0 0.0606 0.0 63.0
0.0 315.0 0.0606 0.0 63.0
0.0 315.0 0.0607 0.0 64.0
0.0 320.0 0.0607 0.0 64.0
0.0 315.0 0.0608 0.0 64.0
0.0 320.0 0.0608 0.0 64.0
0.0 310.0 0.0609 0.0 63.0
0.0 315.0 0.0609 0.0 63.0
0.0 315.0 0.0610 0.0 64.0
0.0 320.0 0.0610 0.0 64.0
0.0 315.0 0.0611 0.0 64.0
0.0 320.0 0.0611 0.0 64.0
0.0 300.0 0.0612 2.0 61.0
0.0 305.0 0.0612 2.0 61.0
0.0 305.0 0.0613 0.0 62.0
0.0 310.0 0.0613 0.0 62.0
0.0 305.0 0.0614 1.0 62.0
0.0 310.0 0.0614 1.0 62.0
0.0 310.0 0.0615 0.0 63.0
0.0 315.0 0.0615 0.0 63.0
0.0 315.0 0.0616 0.0 64.0
0.0 320.0 0.0616 0.0 64.0
0.0 315.0 0.0617 0.0 64.0
0.0 320.0 0.0617 0.0 64.0
0.0 310.0 0.0618 0.0 63.0
0.0 315.0 0.0618 0.0 63.0
0.0 315.0 0.0619 0.0 64.0
0.0 320.0 0.0619 0.0 64.0
0.0 315.0 0.0620 0.0 64.0
0.0 320.0 0.0620 0.0 64.0
0.0 280.0 0.0621 6.0 57.0
0.0 285.0 0.0621 6.0 57.0
0.0 285.0 0.0622 0.0 58.0
0.0 290.0 0.0622 0.0 58.0
0.0 285.0 0.0623 5.0 58.0
0.0 290.0 0.0623 5.0 58.0
0.0 290.0 0.0624 0.0 59.0
0.0 295.0 0.0624 0.0 59.0
0.0 295.0 0.0625 0.0 60.0
0.0 300.0 0.0625 0.0 60.0
0.0 295.0 0.0626 0.0 60.0
0.0 300.0 0.0626 0.0 60.0
0.0 290.0 0.0627 4.0 59.0
0.0 295.0 0.0627 4.0 59.0
0.0 295.0 0.0628 0.0 60.0
0.0 300.0 0.0628 0.0 60.0
0.0 295.0 0.0629 3.0 60.0
0.0 300.0 0.0629 3.0 60.0
0.0 300.0 0.0630 2.0 61.0
0.0 305.0 0.0630 2.0 61.0
0.0 305.0 0.0631 0.0 62.0
0.0 310.0 0.0631 0.0 62.0
0.0 305.0 0.0632 1.0 62.0
0.0 310.0 0.0632 1.0 62.0
0.0 310.0 0.0633 0.0 63.0
0.0 315.0 0.0633 0.0 63.0
0.0 315.0 0.0634 0.0 64.0
0.0 320.0 0.0634 0.0 64.0
0.0 315.0 0.0635 0.0 64.0
0.0 320.0 0.0635 0.0 64.0
0.0 310.0 0.0636 0.0 63.0
0.0 315.0 0.0636 0.0 63.0
0.0 315.0 0.0637 0.0 64.0
0.0 320.0 0.0637 0.0 64.0
0.0 315.0 0.0638 0.0 64.0
0.0 320.0 0.0638 0.0 64.0
0.0 300.0 0.0639 2.0 61.0
0.0 305.0 0.0639 2.0 61.0
0.0 305.0 0.0640 0.0 62.0
0.0 310.0 0.0640 0.0 62.0
0.0 305.0 0.0641 1.0 62.0
0.0 310.0 0.0641 1.0 62.0
0.0 310.0 0.0642 0.0 63.0
0.0 315.0 0.0642 0.0 63.0
0.0 315.0 0.0643 0.0 64.0
0.0 320.0 0.0643 0.0 64.0
0.0 315.0 0.0644 0.0 64.0
0.0 320.0 0.0644 0.0 64.0
0.0 310.0 0.0645 0.0 63.0
0.0 315.0 0.0645 0.0 63.0
0.0 315.0 0.0646 0.0 64.0
0.0 320.0 0.0646 0.0 64.0
0.0 315.0 0.0647 0.0 64.0
0.0 320.0 0.0647 0.0 64.0
0.0 240.0 0.0648 14.0 49.0
0.0 245.0 0.0648 14.0 49.0
0.0 245.0 0.0649 0.0 50.0
0.0 250.0 0.0649 0.0 50.0
0.0 245.0 0.0650 13.0 50.0
0.0 250.0 0.0650 13.0 50.0
0.0 250.0 0.0651 0.0 51.0
0.0 255.0 0.0651 0.0 51.0
0.0 255.0 0.0652 0.0 52.0
0.0 260.0 0.0652 0.0 52.0
0.0 255.0 0.0653 0.0 52.0
0.0 260.0 0.0653 0.0 52.0
0.0 250.0 0.0654 12.0 51.0
0.0 255.0 0.0654 12.0 51.0
0.0 255.0 0.0655 0.0 52.0
0.0 260.0 0.0655 0.0 52.0
0.0 255.0 0.0656 11.0 52.0
0.0 260.0 0.0656 11.0 52.0
0.0 260.0 0.0657 2.0 53.0
0.0 265.0 0.0657 2.0 53.0
0.0 265.0 0.0658 0.0 54.0
0.0 270.0 0.0658 0.0 54.0
0.0 265.0 0.0659 1.0 54.0
0.0 270.0 0.0659 1.0 54.0
0.0 270.0 0.0660 0.0 55.0
0.0 275.0 0.0660 0.0 55.0
0.0 275.0 0.0661 0.0 56.0
0.0 280.0 0.0661 0.0 56.0
0.0 275.0 0.0662 0.0 56.0
0.0 280.0 0.0662 0.0 56.0
0.0 270.0 0.0663 0.0 55.0
0.0 275.0 0.0663 0.0 55.0
0.0 275.0 0.0664 0.0 56.0
0.0 280.0 0.0664 0.0 56.0
0.0 275.0 0.0665 0.0 56.0
0.0 280.0 0.0665 0.0 56.0
0.0 260.0 0.0666 10.0 53.0
0.0 265.0 0.0666 10.0 53.0
0.0 265.0 0.0667 0.0 54.0
0.0 270.0 0.0667 0.0 54.0
0.0 265.0 0.0668 9.0 54.0
0.0 270.0 0.0668 9.0 54.0
0.0 270.0 0.0669 0.0 55.0
0.0 275.0 0.0669 0.0 55.0
0.0 275.0 0.0670 0.0 56.0
0.0 280.0 0.0670 0.0 56.0
0.0 275.0 0.0671 0.0 56.0
0.0 280.0 0.0671 0.0 56.0
0.0 270.0 0.0672 8.0 55.0
0.0 275.0 0.0672 8.0 55.0
0.0 275.0 0.0673 0.0 56.0
0.0 280.0 0.0673 0.0 56.0
0.0 275.0 0.0674 7.0 56.0
0.0 280.0 0.0674 7.0 56.0
0.0 280.0 0.0675 6.0 57.0
0.0 285.0 0.0675 6.0 57.0
0.0 285.0 0.0676 0.0 58.0
0.0 290.0 0.0676 0.0 58.0
0.0 285.0 0.0677 5.0 58.0
0.0 290.0 0.0677 5.0 58.0
0.0 290.0 0.0678 0.0 59.0
0.0 295.0 0.0678 0.0 59.0
0.0 295.0 0.0679 0.0 60.0
0.0 300.0 0.0679 0.0 60.0
0.0 295.0 0.0680 0.0 60.0
0.0 300.0 0.0680 0.0 60.0
0.0 290.0 0.0681 4.0 59.0
0.0 295.0 0.0681 4.0 59.0
0.0 295.0 0.0682 0.0 60.0
0.0 300.0 0.0682 0.0 60.0
0.0 295.0 0.0683 3.0 60.0
0.0 300.0 0.0683 3.0 60.0
0.0 300.0 0.0684 2.0 61.0
0.0 305.0 0.0684 2.0 61.0
0.0 305.0 0.0685 0.0 62.0
0.0 310.0 0.0685 0.0 62.0
0.0 305.0 0.0686 1.0 62.0
0.0 310.0 0.0686 1.0 62.0
0.0 310.0 0.0687 0.0 63.0
0.0 315.0 0.0687 0.0 63.0
0.0 315.0 0.0688 0.0 64.0
0.0 320.0 0.0688 0.0 64.0
0.0 315.0 0.0689 0.0 64.0
0.0 320.0 0.0689 0.0 64.0
0.0 310.0 0.0690 0.0 63.0
0.0 315.0 0.0690 0.0 63.0
0.0 315.0 0.0691 0.0 64.0
0.0 320.0 0.0691 0.0 64.0
0.0 315.0 0.0692 0.0 64.0
0.0 320.0 0.0692 0.0 64.0
0.0 300.0 0.0693 2.0 61.0
0.0 305.0 0.0693 2.0 61.0
0.0 305.0 0.0694 0.0 62.0
0.0 310.0 0.0694 0.0 62.0
0.0 305.0 0.0695 1.0 62.0
0.0 310.0 0.0695 1.0 62.0
0.0 310.0 0.0696 0.0 63.0
0.0 315.0 0.0696 0.0 63.0
0.0 315.0 0.0697 0.0 64.0
0.0 320.0 0.0697 0.0 64.0
0.0 315.0 0.0698 0.0 64.0
0.0 320.0 0.0698 0.0 64.0
0.0 310.0 0.0699 0.0 63.0
0.0 315.0 0.0699 0.0 63.0
0.0 315.0 0.0700 0.0 64.0
0.0 320.0 0.0700 0.0 64.0
0.0 315.0 0.0701 0.0 64.0
0.0 320.0 0.0701 0.0 64.0
0.0 280.0 0.0702 6.0 57.0
0.0 285.0 0.0702 6.0 57.0
0.0 285.0 0.0703 0.0 58.0
0.0 290.0 0.0703 0.0 58.0
0.0 285.0 0.0704 5.0 58.0
0.0 290.0 0.0704 5.0 58.0
0.0 290.0 0.0705 0.0 59.0
0.0 295.0 0.0705 0.0 59.0
0.0 295.0 0.0706 0.0 60.0
0.0 300.0 0.0706 0.0 60.0
0.0 295.0 0.0707 0.0 60.0
0.0 300.0 0.0707 0.0 60.0
0.0 290.0 0.0708 4.0 59.0
0.0 295.0 0.0708 4.0 59.0
0.0 295.0 0.0709 0.0 60.0
0.0 300.0 0.0709 0.0 60.0
0.0 295.0 0.0710 3.0 60.0
0.0 300.0 0.0710 3.0 60.0
0.0 300.0 0.0711 2.0 61.0
0.0 305.0 0.0711 2.0 61.0
0.0 305.0 0.0712 0.0 62.0
0.0 310.0 0.0712 0.0 62.0
0.0 305.0 0.0713 1.0 62.0
0.0 310.0 0.0713 1.0 62.0
0.0 310.0 0.0714 0.0 63.0
0.0 315.0 0.0714 0.0 63.0
0.0 315.0 0.0715 0.0 64.0
0.0 320.0 0.0715 0.0 64.0
0.0 315.0 0.0716 0.0 64.0
0.0 320.0 0.0716 0.0 64.0
0.0 310.0 0.0717 0.0 63.0
0.0 315.0 0.0717 0.0 63.0
0.0 315.0 0.0718 0.0 64.0
0.0 320.0 0.0718 0.0 64.0
0.0 315.0 0.0719 0.0 64.0
0.0 320.0 0.0719 0.0 64.0
0.0 300.0 0.0720 2.0 61.0
0.0 305.0 0.0720 2.0 61.0
0.0 305.0 0.0721 0.0 62.0
0.0 310.0 0.0721 0.0 62.0
0.0 305.0 0.0722 1.0 62.0
0.0 310.0 0.0722 1.0 62.0
0.0 310.0 0.0723 0.0 63.0
0.0 315.0 0.0723 0.0 63.0
0.0 315.0 0.0724 0.0 64.0
0.0 320.0 0.0724 0.0 64.0
0.0 315.0 0.0725 0.0 64.0
0.0 320.0 0.0725 0.0 64.0
0.0 310.0 0.0726 0.0 63.0
0.0 315.0 0.0726 0.0 63.0
0.0 315.0 0.0727 0.0 64.0
0.0 320.0 0.0727 0.0 64.0
0.0 315.0 0.0728 0.0 64.0
0.0 320.0 0.0728 0.0 64.0
