0.0 0.0 0.00 30.0 1.0
0.0 5.0 0.00 30.0 1.0
0.0 5.0 0.01 0.0 2.0
0.0 10.0 0.01 0.0 2.0
0.0 5.0 0.02 29.0 2.0
0.0 10.0 0.02 29.0 2.0
0.0 10.0 0.03 0.0 3.0
0.0 15.0 0.03 0.0 3.0
0.0 15.0 0.04 0.0 4.0
0.0 20.0 0.04 0.0 4.0
0.0 15.0 0.05 0.0 4.0
0.0 20.0 0.05 0.0 4.0
0.0 10.0 0.06 28.0 3.0
0.0 15.0 0.06 28.0 3.0
0.0 15.0 0.07 0.0 4.0
0.0 20.0 0.07 0.0 4.0
0.0 15.0 0.08 27.0 4.0
0.0 20.0 0.08 27.0 4.0
0.0 20.0 0.09 2.0 5.0
0.0 25.0 0.09 2.0 5.0
0.0 25.0 0.010 0.0 6.0
0.0 30.0 0.010 0.0 6.0
0.0 25.0 0.011 1.0 6.0
0.0 30.0 0.011 1.0 6.0
0.0 30.0 0.012 0.0 7.0
0.0 35.0 0.012 0.0 7.0
0.0 35.0 0.013 0.0 8.0
0.0 40.0 0.013 0.0 8.0
0.0 35.0 0.014 0.0 8.0
0.0 40.0 0.014 0.0 8.0
0.0 30.0 0.015 0.0 7.0
0.0 35.0 0.015 0.0 7.0
0.0 35.0 0.016 0.0 8.0
0.0 40.0 0.016 0.0 8.0
0.0 35.0 0.017 0.0 8.0
0.0 40.0 0.017 0.0 8.0
0.0 20.0 0.018 26.0 5.0
0.0 25.0 0.018 26.0 5.0
0.0 25.0 0.019 0.0 6.0
0.0 30.0 0.019 0.0 6.0
0.0 25.0 0.020 25.0 6.0
0.0 30.0 0.020 25.0 6.0
0.0 30.0 0.021 0.0 7.0
0.0 35.0 0.021 0.0 7.0
0.0 35.0 0.022 0.0 8.0
0.0 40.0 0.022 0.0 8.0
0.0 35.0 0.023 0.0 8.0
0.0 40.0 0.023 0.0 8.0
0.0 30.0 0.024 24.0 7.0
0.0 35.0 0.024 24.0 7.0
0.0 35.0 0.025 0.0 8.0
0.0 40.0 0.025 0.0 8.0
0.0 35.0 0.026 23.0 8.0
0.0 40.0 0.026 23.0 8.0
0.0 40.0 0.027 6.0 9.0
0.0 45.0 0.027 6.0 9.0
0.0 45.0 0.028 0.0 10.0
0.0 50.0 0.028 0.0 10.0
0.0 45.0 0.029 5.0 10.0
0.0 50.0 0.029 5.0 10.0
0.0 50.0 0.030 0.0 11.0
0.0 55.0 0.030 0.0 11.0
0.0 55.0 0.031 0.0 12.0
0.0 60.0 0.031 0.0 12.0
0.0 55.0 0.032 0.0 12.0
0.0 60.0 0.032 0.0 12.0
0.0 50.0 0.033 4.0 11.0
0.0 55.0 0.033 4.0 11.0
0.0 55.0 0.034 0.0 12.0
0.0 60.0 0.034 0.0 12.0
0.0 55.0 0.035 3.0 12.0
0.0 60.0 0.035 3.0 12.0
0.0 60.0 0.036 2.0 13.0
0.0 65.0 0.036 2.0 13.0
0.0 65.0 0.037 0.0 14.0
0.0 70.0 0.037 0.0 14.0
0.0 65.0 0.038 1.0 14.0
0.0 70.0 0.038 1.0 14.0
0.0 70.0 0.039 0.0 15.0
0.0 75.0 0.039 0.0 15.0
0.0 75.0 0.040 0.0 16.0
0.0 80.0 0.040 0.0 16.0
0.0 75.0 0.041 0.0 16.0
0.0 80.0 0.041 0.0 16.0
0.0 70.0 0.042 0.0 15.0
0.0 75.0 0.042 0.0 15.0
0.0 75.0 0.043 0.0 16.0
0.0 80.0 0.043 0.0 16.0
0.0 75.0 0.044 0.0 16.0
0.0 80.0 0.044 0.0 16.0
0.0 60.0 0.045 2.0 13.0
0.0 65.0 0.045 2.0 13.0
0.0 65.0 0.046 0.0 14.0
0.0 70.0 0.046 0.0 14.0
0.0 65.0 0.047 1.0 14.0
0.0 70.0 0.047 1.0 14.0
0.0 70.0 0.048 0.0 15.0
0.0 75.0 0.048 0.0 15.0
0.0 75.0 0.049 0.0 16.0
0.0 80.0 0.049 0.0 16.0
0.0 75.0 0.050 0.0 16.0
0.0 80.0 0.050 0.0 16.0
0.0 70.0 0.051 0.0 15.0
0.0 75.0 0.051 0.0 15.0
0.0 75.0 0.052 0.0 16.0
0.0 80.0 0.052 0.0 16.0
0.0 75.0 0.053 0.0 16.0
0.0 80.0 0.053 0.0 16.0
0.0 40.0 0.054 22.0 9.0
0.0 45.0 0.054 22.0 9.0
0.0 45.0 0.055 0.0 10.0
0.0 50.0 0.055 0.0 10.0
0.0 45.0 0.056 21.0 10.0
0.0 50.0 0.056 21.0 10.0
0.0 50.0 0.057 0.0 11.0
0.0 55.0 0.057 0.0 11.0
0.0 55.0 0.058 0.0 12.0
0.0 60.0 0.058 0.0 12.0
0.0 55.0 0.059 0.0 12.0
0.0 60.0 0.059 0.0 12.0
0.0 50.0 0.060 20.0 11.0
0.0 55.0 0.060 20.0 11.0
0.0 55.0 0.061 0.0 12.0
0.0 60.0 0.061 0.0 12.0
0.0 55.0 0.062 19.0 12.0
0.0 60.0 0.062 19.0 12.0
0.0 60.0 0.063 2.0 13.0
0.0 65.0 0.063 2.0 13.0
0.0 65.0 0.064 0.0 14.0
0.0 70.0 0.064 0.0 14.0
0.0 65.0 0.065 1.0 14.0
0.0 70.0 0.065 1.0 14.0
0.0 70.0 0.066 0.0 15.0
0.0 75.0 0.066 0.0 15.0
0.0 75.0 0.067 0.0 16.0
0.0 80.0 0.067 0.0 16.0
0.0 75.0 0.068 0.0 16.0
0.0 80.0 0.068 0.0 16.0
0.0 70.0 0.069 0.0 15.0
0.0 75.0 0.069 0.0 15.0
0.0 75.0 0.070 0.0 16.0
0.0 80.0 0.070 0.0 16.0
0.0 75.0 0.071 0.0 16.0
0.0 80.0 0.071 0.0 16.0
0.0 60.0 0.072 18.0 13.0
0.0 65.0 0.072 18.0 13.0
0.0 65.0 0.073 0.0 14.0
0.0 70.0 0.073 0.0 14.0
0.0 65.0 0.074 17.0 14.0
0.0 70.0 0.074 17.0 14.0
0.0 70.0 0.075 0.0 15.0
0.0 75.0 0.075 0.0 15.0
0.0 75.0 0.076 0.0 16.0
0.0 80.0 0.076 0.0 16.0
0.0 75.0 0.077 0.0 16.0
0.0 80.0 0.077 0.0 16.0
0.0 70.0 0.078 16.0 15.0
0.0 75.0 0.078 16.0 15.0
0.0 75.0 0.079 0.0 16.0
0.0 80.0 0.079 0.0 16.0
0.0 75.0 0.080 15.0 16.0
0.0 80.0 0.080 15.0 16.0
0.0 80.0 0.081 14.0 17.0
0.0 85.0 0.081 14.0 17.0
0.0 85.0 0.082 0.0 18.0
0.0 90.0 0.082 0.0 18.0
0.0 85.0 0.083 13.0 18.0
0.0 90.0 0.083 13.0 18.0
0.0 90.0 0.084 0.0 19.0
0.0 95.0 0.084 0.0 19.0
0.0 95.0 0.085 0.0 20.0
0.0 100.0 0.085 0.0 20.0
0.0 95.0 0.086 0.0 20.0
0.0 100.0 0.086 0.0 20.0
0.0 90.0 0.087 12.0 19.0
0.0 95.0 0.087 12.0 19.0
0.0 95.0 0.088 0.0 20.0
0.0 100.0 0.088 0.0 20.0
0.0 95.0 0.089 11.0 20.0
0.0 100.0 0.089 11.0 20.0
0.0 100.0 0.090 2.0 21.0
0.0 105.0 0.090 2.0 21.0
0.0 105.0 0.091 0.0 22.0
0.0 110.0 0.091 0.0 22.0
0.0 105.0 0.092 1.0 22.0
0.0 110.0 0.092 1.0 22.0
0.0 110.0 0.093 0.0 23.0
0.0 115.0 0.093 0.0 23.0
0.0 115.0 0.094 0.0 24.0
0.0 120.0 0.094 0.0 24.0
0.0 115.0 0.095 0.0 24.0
0.0 120.0 0.095 0.0 24.0
0.0 110.0 0.096 0.0 23.0
0.0 115.0 0.096 0.0 23.0
0.0 115.0 0.097 0.0 24.0
0.0 120.0 0.097 0.0 24.0
0.0 115.0 0.098 0.0 24.0
0.0 120.0 0.098 0.0 24.0
0.0 100.0 0.099 10.0 21.0
0.0 105.0 0.099 10.0 21.0
0.0 105.0 0.0100 0.0 22.0
0.0 110.0 0.0100 0.0 22.0
0.0 105.0 0.0101 9.0 22.0
0.0 110.0 0.0101 9.0 22.0
0.0 110.0 0.0102 0.0 23.0
0.0 115.0 0.0102 0.0 23.0
0.0 115.0 0.0103 0.0 24.0
0.0 120.0 0.0103 0.0 24.0
0.0 115.0 0.0104 0.0 24.0
0.0 120.0 0.0104 0.0 24.0
0.0 110.0 0.0105 8.0 23.0
0.0 115.0 0.0105 8.0 23.0
0.0 115.0 0.0106 0.0 24.0
0.0 120.0 0.0106 0.0 24.0
0.0 115.0 0.0107 7.0 24.0
0.0 120.0 0.0107 7.0 24.0
0.0 120.0 0.0108 6.0 25.0
0.0 125.0 0.0108 6.0 25.0
0.0 125.0 0.0109 0.0 26.0
0.0 130.0 0.0109 0.0 26.0
0.0 125.0 0.0110 5.0 26.0
0.0 130.0 0.0110 5.0 26.0
0.0 130.0 0.0111 0.0 27.0
0.0 135.0 0.0111 0.0 27.0
0.0 135.0 0.0112 0.0 28.0
0.0 140.0 0.0112 0.0 28.0
0.0 135.0 0.0113 0.0 28.0
0.0 140.0 0.0113 0.0 28.0
0.0 130.0 0.0114 4.0 27.0
0.0 135.0 0.0114 4.0 27.0
0.0 135.0 0.0115 0.0 28.0
0.0 140.0 0.0115 0.0 28.0
0.0 135.0 0.0116 3.0 28.0
0.0 140.0 0.0116 3.0 28.0
0.0 140.0 0.0117 2.0 29.0
0.0 145.0 0.0117 2.0 29.0
0.0 145.0 0.0118 0.0 30.0
0.0 150.0 0.0118 0.0 30.0
0.0 145.0 0.0119 1.0 30.0
0.0 150.0 0.0119 1.0 30.0
0.0 150.0 0.0120 0.0 31.0
0.0 155.0 0.0120 0.0 31.0
0.0 155.0 0.0121 0.0 32.0
0.0 160.0 0.0121 0.0 32.0
0.0 155.0 0.0122 0.0 32.0
0.0 160.0 0.0122 0.0 32.0
0.0 150.0 0.0123 0.0 31.0
0.0 155.0 0.0123 0.0 31.0
0.0 155.0 0.0124 0.0 32.0
0.0 160.0 0.0124 0.0 32.0
0.0 155.0 0.0125 0.0 32.0
0.0 160.0 0.0125 0.0 32.0
0.0 140.0 0.0126 2.0 29.0
0.0 145.0 0.0126 2.0 29.0
0.0 145.0 0.0127 0.0 30.0
0.0 150.0 0.0127 0.0 30.0
0.0 145.0 0.0128 1.0 30.0
0.0 150.0 0.0128 1.0 30.0
0.0 150.0 0.0129 0.0 31.0
0.0 155.0 0.0129 0.0 31.0
0.0 155.0 0.0130 0.0 32.0
0.0 160.0 0.0130 0.0 32.0
0.0 155.0 0.0131 0.0 32.0
0.0 160.0 0.0131 0.0 32.0
0.0 150.0 0.0132 0.0 31.0
0.0 155.0 0.0132 0.0 31.0
0.0 155.0 0.0133 0.0 32.0
0.0 160.0 0.0133 0.0 32.0
0.0 155.0 0.0134 0.0 32.0
0.0 160.0 0.0134 0.0 32.0
0.0 120.0 0.0135 6.0 25.0
0.0 125.0 0.0135 6.0 25.0
0.0 125.0 0.0136 0.0 26.0
0.0 130.0 0.0136 0.0 26.0
0.0 125.0 0.0137 5.0 26.0
0.0 130.0 0.0137 5.0 26.0
0.0 130.0 0.0138 0.0 27.0
0.0 135.0 0.0138 0.0 27.0
0.0 135.0 0.0139 0.0 28.0
0.0 140.0 0.0139 0.0 28.0
0.0 135.0 0.0140 0.0 28.0
0.0 140.0 0.0140 0.0 28.0
0.0 130.0 0.0141 4.0 27.0
0.0 135.0 0.0141 4.0 27.0
0.0 135.0 0.0142 0.0 28.0
0.0 140.0 0.0142 0.0 28.0
0.0 135.0 0.0143 3.0 28.0
0.0 140.0 0.0143 3.0 28.0
0.0 140.0 0.0144 2.0 29.0
0.0 145.0 0.0144 2.0 29.0
0.0 145.0 0.0145 0.0 30.0
0.0 150.0 0.0145 0.0 30.0
0.0 145.0 0.0146 1.0 30.0
0.0 150.0 0.0146 1.0 30.0
0.0 150.0 0.0147 0.0 31.0
0.0 155.0 0.0147 0.0 31.0
0.0 155.0 0.0148 0.0 32.0
0.0 160.0 0.0148 0.0 32.0
0.0 155.0 0.0149 0.0 32.0
0.0 160.0 0.0149 0.0 32.0
0.0 150.0 0.0150 0.0 31.0
0.0 155.0 0.0150 0.0 31.0
0.0 155.0 0.0151 0.0 32.0
0.0 160.0 0.0151 0.0 32.0
0.0 155.0 0.0152 0.0 32.0
0.0 160.0 0.0152 0.0 32.0
0.0 140.0 0.0153 2.0 29.0
0.0 145.0 0.0153 2.0 29.0
0.0 145.0 0.0154 0.0 30.0
0.0 150.0 0.0154 0.0 30.0
0.0 145.0 0.0155 1.0 30.0
0.0 150.0 0.0155 1.0 30.0
0.0 150.0 0.0156 0.0 31.0
0.0 155.0 0.0156 0.0 31.0
0.0 155.0 0.0157 0.0 32.0
0.0 160.0 0.0157 0.0 32.0
0.0 155.0 0.0158 0.0 32.0
0.0 160.0 0.0158 0.0 32.0
0.0 150.0 0.0159 0.0 31.0
0.0 155.0 0.0159 0.0 31.0
0.0 155.0 0.0160 0.0 32.0
0.0 160.0 0.0160 0.0 32.0
0.0 155.0 0.0161 0.0 32.0
0.0 160.0 0.0161 0.0 32.0
0.0 80.0 0.0162 14.0 17.0
0.0 85.0 0.0162 14.0 17.0
0.0 85.0 0.0163 0.0 18.0
0.0 90.0 0.0163 0.0 18.0
0.0 85.0 0.0164 13.0 18.0
0.0 90.0 0.0164 13.0 18.0
0.0 90.0 0.0165 0.0 19.0
0.0 95.0 0.0165 0.0 19.0
0.0 95.0 0.0166 0.0 20.0
0.0 100.0 0.0166 0.0 20.0
0.0 95.0 0.0167 0.0 20.0
0.0 100.0 0.0167 0.0 20.0
0.0 90.0 0.0168 12.0 19.0
0.0 95.0 0.0168 12.0 19.0
0.0 95.0 0.0169 0.0 20.0
0.0 100.0 0.0169 0.0 20.0
0.0 95.0 0.0170 11.0 20.0
0.0 100.0 0.0170 11.0 20.0
0.0 100.0 0.0171 2.0 21.0
0.0 105.0 0.0171 2.0 21.0
0.0 105.0 0.0172 0.0 22.0
0.0 110.0 0.0172 0.0 22.0
0.0 105.0 0.0173 1.0 22.0
0.0 110.0 0.0173 1.0 22.0
0.0 110.0 0.0174 0.0 23.0
0.0 115.0 0.0174 0.0 23.0
0.0 115.0 0.0175 0.0 24.0
0.0 120.0 0.0175 0.0 24.0
0.0 115.0 0.0176 0.0 24.0
0.0 120.0 0.0176 0.0 24.0
0.0 110.0 0.0177 0.0 23.0
0.0 115.0 0.0177 0.0 23.0
0.0 115.0 0.0178 0.0 24.0
0.0 120.0 0.0178 0.0 24.0
0.0 115.0 0.0179 0.0 24.0
0.0 120.0 0.0179 0.0 24.0
0.0 100.0 0.0180 10.0 21.0
0.0 105.0 0.0180 10.0 21.0
0.0 105.0 0.0181 0.0 22.0
0.0 110.0 0.0181 0.0 22.0
0.0 105.0 0.0182 9.0 22.0
0.0 110.0 0.0182 9.0 22.0
0.0 110.0 0.0183 0.0 23.0
0.0 115.0 0.0183 0.0 23.0
0.0 115.0 0.0184 0.0 24.0
0.0 120.0 0.0184 0.0 24.0
0.0 115.0 0.0185 0.0 24.0
0.0 120.0 0.0185 0.0 24.0
0.0 110.0 0.0186 8.0 23.0
0.0 115.0 0.0186 8.0 23.0
0.0 115.0 0.0187 0.0 24.0
0.0 120.0 0.0187 0.0 24.0
0.0 115.0 0.0188 7.0 24.0
0.0 120.0 0.0188 7.0 24.0
0.0 120.0 0.0189 6.0 25.0
0.0 125.0 0.0189 6.0 25.0
0.0 125.0 0.0190 0.0 26.0
0.0 130.0 0.0190 0.0 26.0
0.0 125.0 0.0191 5.0 26.0
0.0 130.0 0.0191 5.0 26.0
0.0 130.0 0.0192 0.0 27.0
0.0 135.0 0.0192 0.0 27.0
0.0 135.0 0.0193 0.0 28.0
0.0 140.0 0.0193 0.0 28.0
0.0 135.0 0.0194 0.0 28.0
0.0 140.0 0.0194 0.0 28.0
0.0 130.0 0.0195 4.0 27.0
0.0 135.0 0.0195 4.0 27.0
0.0 135.0 0.0196 0.0 28.0
0.0 140.0 0.0196 0.0 28.0
0.0 135.0 0.0197 3.0 28.0
0.0 140.0 0.0197 3.0 28.0
0.0 140.0 0.0198 2.0 29.0
0.0 145.0 0.0198 2.0 29.0
0.0 145.0 0.0199 0.0 30.0
0.0 150.0 0.0199 0.0 30.0
0.0 145.0 0.0200 1.0 30.0
0.0 150.0 0.0200 1.0 30.0
0.0 150.0 0.0201 0.0 31.0
0.0 155.0 0.0201 0.0 31.0
0.0 155.0 0.0202 0.0 32.0
0.0 160.0 0.0202 0.0 32.0
0.0 155.0 0.0203 0.0 32.0
0.0 160.0 0.0203 0.0 32.0
0.0 150.0 0.0204 0.0 31.0
0.0 155.0 0.0204 0.0 31.0
0.0 155.0 0.0205 0.0 32.0
0.0 160.0 0.0205 0.0 32.0
0.0 155.0 0.0206 0.0 32.0
0.0 160.0 0.0206 0.0 32.0
0.0 140.0 0.0207 2.0 29.0
0.0 145.0 0.0207 2.0 29.0
0.0 145.0 0.0208 0.0 30.0
0.0 150.0 0.0208 0.0 30.0
0.0 145.0 0.0209 1.0 30.0
0.0 150.0 0.0209 1.0 30.0
0.0 150.0 0.0210 0.0 31.0
0.0 155.0 0.0210 0.0 31.0
0.0 155.0 0.0211 0.0 32.0
0.0 160.0 0.0211 0.0 32.0
0.0 155.0 0.0212 0.0 32.0
0.0 160.0 0.0212 0.0 32.0
0.0 150.0 0.0213 0.0 31.0
0.0 155.0 0.0213 0.0 31.0
0.0 155.0 0.0214 0.0 32.0
0.0 160.0 0.0214 0.0 32.0
0.0 155.0 0.0215 0.0 32.0
0.0 160.0 0.0215 0.0 32.0
0.0 120.0 0.0216 6.0 25.0
0.0 125.0 0.0216 6.0 25.0
0.0 125.0 0.0217 0.0 26.0
0.0 130.0 0.0217 0.0 26.0
0.0 125.0 0.0218 5.0 26.0
0.0 130.0 0.0218 5.0 26.0
0.0 130.0 0.0219 0.0 27.0
0.0 135.0 0.0219 0.0 27.0
0.0 135.0 0.0220 0.0 28.0
0.0 140.0 0.0220 0.0 28.0
0.0 135.0 0.0221 0.0 28.0
0.0 140.0 0.0221 0.0 28.0
0.0 130.0 0.0222 4.0 27.0
0.0 135.0 0.0222 4.0 27.0
0.0 135.0 0.0223 0.0 28.0
0.0 140.0 0.0223 0.0 28.0
0.0 135.0 0.0224 3.0 28.0
0.0 140.0 0.0224 3.0 28.0
0.0 140.0 0.0225 2.0 29.0
0.0 145.0 0.0225 2.0 29.0
0.0 145.0 0.0226 0.0 30.0
0.0 150.0 0.0226 0.0 30.0
0.0 145.0 0.0227 1.0 30.0
0.0 150.0 0.0227 1.0 30.0
0.0 150.0 0.0228 0.0 31.0
0.0 155.0 0.0228 0.0 31.0
0.0 155.0 0.0229 0.0 32.0
0.0 160.0 0.0229 0.0 32.0
0.0 155.0 0.0230 0.0 32.0
0.0 160.0 0.0230 0.0 32.0
0.0 150.0 0.0231 0.0 31.0
0.0 155.0 0.0231 0.0 31.0
0.0 155.0 0.0232 0.0 32.0
0.0 160.0 0.0232 0.0 32.0
0.0 155.0 0.0233 0.0 32.0
0.0 160.0 0.0233 0.0 32.0
0.0 140.0 0.0234 2.0 29.0
0.0 145.0 0.0234 2.0 29.0
0.0 145.0 0.0235 0.0 30.0
0.0 150.0 0.0235 0.0 30.0
0.0 145.0 0.0236 1.0 30.0
0.0 150.0 0.0236 1.0 30.0
0.0 150.0 0.0237 0.0 31.0
0.0 155.0 0.0237 0.0 31.0
0.0 155.0 0.0238 0.0 32.0
0.0 160.0 0.0238 0.0 32.0
0.0 155.0 0.0239 0.0 32.0
0.0 160.0 0.0239 0.0 32.0
0.0 150.0 0.0240 0.0 31.0
0.0 155.0 0.0240 0.0 31.0
0.0 155.0 0.0241 0.0 32.0
0.0 160.0 0.0241 0.0 32.0
0.0 155.0 0.0242 0.0 32.0
0.0 160.0 0.0242 0.0 32.0
