0.0 0.0 0.00 7.0 1.0
0.0 5.0 0.00 7.0 1.0
0.0 5.0 0.01 6.0 2.0
0.0 10.0 0.01 6.0 2.0
0.0 10.0 0.02 1.0 3.0
0.0 15.0 0.02 1.0 3.0
0.0 15.0 0.03 0.0 4.0
0.0 20.0 0.03 0.0 4.0
0.0 20.0 0.04 0.0 5.0
0.0 25.0 0.04 0.0 5.0
0.0 10.0 0.05 1.0 3.0
0.0 15.0 0.05 1.0 3.0
0.0 15.0 0.06 0.0 4.0
0.0 20.0 0.06 0.0 4.0
0.0 20.0 0.07 0.0 5.0
0.0 25.0 0.07 0.0 5.0
0.0 10.0 0.08 5.0 3.0
0.0 15.0 0.08 5.0 3.0
0.0 15.0 0.09 4.0 4.0
0.0 20.0 0.09 4.0 4.0
0.0 20.0 0.010 3.0 5.0
0.0 25.0 0.010 3.0 5.0
0.0 25.0 0.011 2.0 6.0
0.0 30.0 0.011 2.0 6.0
0.0 30.0 0.012 1.0 7.0
0.0 35.0 0.012 1.0 7.0
0.0 35.0 0.013 0.0 8.0
0.0 40.0 0.013 0.0 8.0
0.0 40.0 0.014 0.0 9.0
0.0 45.0 0.014 0.0 9.0
0.0 20.0 0.015 1.0 5.0
0.0 25.0 0.015 1.0 5.0
0.0 25.0 0.016 0.0 6.0
0.0 30.0 0.016 0.0 6.0
0.0 30.0 0.017 0.0 7.0
0.0 35.0 0.017 0.0 7.0
