0.0 0.0 0.00 79.0 1.0
0.0 3.0 0.00 79.0 1.0
0.0 3.0 0.01 0.0 2.0
1.5 5.598076 0.01 0.0 2.0
0.0 3.0 0.02 78.0 2.0
0.0 6.0 0.02 78.0 2.0
0.0 6.0 0.03 0.0 3.0
1.5 8.598076 0.03 0.0 3.0
0.0 6.0 0.04 77.0 3.0
0.0 9.0 0.04 77.0 3.0
0.0 9.0 0.05 1.0 4.0
-1.5 11.598076 0.05 1.0 4.0
-1.5 11.598076 0.06 0.0 5.0
-1.5 14.598076 0.06 0.0 5.0
-1.5 11.598076 0.07 0.0 5.0
-3.0 14.196152 0.07 0.0 5.0
-3.0 14.196152 0.08 0.0 6.0
-3.0 17.196152 0.08 0.0 6.0
-3.0 14.196152 0.09 0.0 6.0
-4.5 16.794228 0.09 0.0 6.0
0.0 9.0 0.010 76.0 4.0
0.0 12.0 0.010 76.0 4.0
0.0 12.0 0.011 0.0 5.0
1.5 14.598076 0.011 0.0 5.0
0.0 12.0 0.012 75.0 5.0
0.0 15.0 0.012 75.0 5.0
0.0 15.0 0.013 0.0 6.0
1.5 17.598076 0.013 0.0 6.0
0.0 15.0 0.014 74.0 6.0
0.0 18.0 0.014 74.0 6.0
0.0 18.0 0.015 1.0 7.0
1.5 20.598076 0.015 1.0 7.0
1.5 20.598076 0.016 0.0 8.0
4.0980763 22.098076 0.016 0.0 8.0
1.5 20.598076 0.017 0.0 8.0
3.0 23.196152 0.017 0.0 8.0
3.0 23.196152 0.018 0.0 9.0
5.5980763 24.696152 0.018 0.0 9.0
3.0 23.196152 0.019 0.0 9.0
4.5 25.794228 0.019 0.0 9.0
0.0 18.0 0.020 73.0 7.0
0.0 21.0 0.020 73.0 7.0
0.0 21.0 0.021 0.0 8.0
1.5 23.598076 0.021 0.0 8.0
0.0 21.0 0.022 72.0 8.0
0.0 24.0 0.022 72.0 8.0
0.0 24.0 0.023 0.0 9.0
1.5 26.598076 0.023 0.0 9.0
0.0 24.0 0.024 71.0 9.0
0.0 27.0 0.024 71.0 9.0
0.0 27.0 0.025 7.0 10.0
1.5 29.598076 0.025 7.0 10.0
1.5 29.598076 0.026 0.0 11.0
4.0980763 31.098076 0.026 0.0 11.0
1.5 29.598076 0.027 6.0 11.0
3.0 32.19615 0.027 6.0 11.0
3.0 32.19615 0.028 0.0 12.0
5.5980763 33.69615 0.028 0.0 12.0
3.0 32.19615 0.029 5.0 12.0
4.5 34.794228 0.029 5.0 12.0
4.5 34.794228 0.030 1.0 13.0
4.5 37.794228 0.030 1.0 13.0
4.5 37.794228 0.031 0.0 14.0
6.0 40.392303 0.031 0.0 14.0
4.5 37.794228 0.032 0.0 14.0
4.5 40.794228 0.032 0.0 14.0
4.5 40.794228 0.033 0.0 15.0
6.0 43.392303 0.033 0.0 15.0
4.5 40.794228 0.034 0.0 15.0
4.5 43.794228 0.034 0.0 15.0
4.5 34.794228 0.035 4.0 13.0
6.0 37.392303 0.035 4.0 13.0
6.0 37.392303 0.036 0.0 14.0
8.598076 38.892303 0.036 0.0 14.0
6.0 37.392303 0.037 3.0 14.0
7.5 39.99038 0.037 3.0 14.0
7.5 39.99038 0.038 0.0 15.0
10.098076 41.49038 0.038 0.0 15.0
7.5 39.99038 0.039 2.0 15.0
9.0 42.588455 0.039 2.0 15.0
9.0 42.588455 0.040 1.0 16.0
11.598076 44.088455 0.040 1.0 16.0
11.598076 44.088455 0.041 0.0 17.0
14.598076 44.088455 0.041 0.0 17.0
11.598076 44.088455 0.042 0.0 17.0
14.196152 45.588455 0.042 0.0 17.0
14.196152 45.588455 0.043 0.0 18.0
17.196152 45.588455 0.043 0.0 18.0
14.196152 45.588455 0.044 0.0 18.0
16.794228 47.088455 0.044 0.0 18.0
9.0 42.588455 0.045 1.0 16.0
10.5 45.18653 0.045 1.0 16.0
10.5 45.18653 0.046 0.0 17.0
13.098076 46.68653 0.046 0.0 17.0
10.5 45.18653 0.047 0.0 17.0
12.0 47.784607 0.047 0.0 17.0
12.0 47.784607 0.048 0.0 18.0
14.598076 49.284607 0.048 0.0 18.0
12.0 47.784607 0.049 0.0 18.0
13.5 50.382683 0.049 0.0 18.0
0.0 27.0 0.050 70.0 10.0
0.0 30.0 0.050 70.0 10.0
0.0 30.0 0.051 0.0 11.0
1.5 32.598076 0.051 0.0 11.0
0.0 30.0 0.052 69.0 11.0
0.0 33.0 0.052 69.0 11.0
0.0 33.0 0.053 0.0 12.0
1.5 35.598076 0.053 0.0 12.0
0.0 33.0 0.054 68.0 12.0
0.0 36.0 0.054 68.0 12.0
0.0 36.0 0.055 1.0 13.0
-1.5 38.598076 0.055 1.0 13.0
-1.5 38.598076 0.056 0.0 14.0
-1.5 41.598076 0.056 0.0 14.0
-1.5 38.598076 0.057 0.0 14.0
-3.0 41.19615 0.057 0.0 14.0
-3.0 41.19615 0.058 0.0 15.0
-3.0 44.19615 0.058 0.0 15.0
-3.0 41.19615 0.059 0.0 15.0
-4.5 43.794228 0.059 0.0 15.0
0.0 36.0 0.060 67.0 13.0
0.0 39.0 0.060 67.0 13.0
0.0 39.0 0.061 0.0 14.0
1.5 41.598076 0.061 0.0 14.0
0.0 39.0 0.062 66.0 14.0
0.0 42.0 0.062 66.0 14.0
0.0 42.0 0.063 0.0 15.0
1.5 44.598076 0.063 0.0 15.0
0.0 42.0 0.064 65.0 15.0
0.0 45.0 0.064 65.0 15.0
0.0 45.0 0.065 1.0 16.0
1.5 47.598076 0.065 1.0 16.0
1.5 47.598076 0.066 0.0 17.0
4.0980763 49.098076 0.066 0.0 17.0
1.5 47.598076 0.067 0.0 17.0
3.0 50.19615 0.067 0.0 17.0
3.0 50.19615 0.068 0.0 18.0
5.5980763 51.69615 0.068 0.0 18.0
3.0 50.19615 0.069 0.0 18.0
4.5 52.794228 0.069 0.0 18.0
0.0 45.0 0.070 64.0 16.0
0.0 48.0 0.070 64.0 16.0
0.0 48.0 0.071 0.0 17.0
1.5 50.598076 0.071 0.0 17.0
0.0 48.0 0.072 63.0 17.0
0.0 51.0 0.072 63.0 17.0
0.0 51.0 0.073 0.0 18.0
1.5 53.598076 0.073 0.0 18.0
0.0 51.0 0.074 62.0 18.0
0.0 54.0 0.074 62.0 18.0
0.0 54.0 0.075 7.0 19.0
1.5 56.598076 0.075 7.0 19.0
1.5 56.598076 0.076 0.0 20.0
4.0980763 58.098076 0.076 0.0 20.0
1.5 56.598076 0.077 6.0 20.0
3.0 59.19615 0.077 6.0 20.0
3.0 59.19615 0.078 0.0 21.0
5.5980763 60.69615 0.078 0.0 21.0
3.0 59.19615 0.079 5.0 21.0
4.5 61.794228 0.079 5.0 21.0
4.5 61.794228 0.080 1.0 22.0
4.5 64.79423 0.080 1.0 22.0
4.5 64.79423 0.081 0.0 23.0
6.0 67.3923 0.081 0.0 23.0
4.5 64.79423 0.082 0.0 23.0
4.5 67.79423 0.082 0.0 23.0
4.5 67.79423 0.083 0.0 24.0
6.0 70.3923 0.083 0.0 24.0
4.5 67.79423 0.084 0.0 24.0
4.5 70.79423 0.084 0.0 24.0
4.5 61.794228 0.085 4.0 22.0
6.0 64.3923 0.085 4.0 22.0
6.0 64.3923 0.086 0.0 23.0
8.598076 65.8923 0.086 0.0 23.0
6.0 64.3923 0.087 3.0 23.0
7.5 66.99038 0.087 3.0 23.0
7.5 66.99038 0.088 0.0 24.0
10.098076 68.49038 0.088 0.0 24.0
7.5 66.99038 0.089 2.0 24.0
9.0 69.588455 0.089 2.0 24.0
9.0 69.588455 0.090 1.0 25.0
11.598076 71.088455 0.090 1.0 25.0
11.598076 71.088455 0.091 0.0 26.0
14.598076 71.088455 0.091 0.0 26.0
11.598076 71.088455 0.092 0.0 26.0
14.196152 72.588455 0.092 0.0 26.0
14.196152 72.588455 0.093 0.0 27.0
17.196152 72.588455 0.093 0.0 27.0
14.196152 72.588455 0.094 0.0 27.0
16.794228 74.088455 0.094 0.0 27.0
9.0 69.588455 0.095 1.0 25.0
10.5 72.18653 0.095 1.0 25.0
10.5 72.18653 0.096 0.0 26.0
13.098076 73.68653 0.096 0.0 26.0
10.5 72.18653 0.097 0.0 26.0
12.0 74.78461 0.097 0.0 26.0
12.0 74.78461 0.098 0.0 27.0
14.598076 76.28461 0.098 0.0 27.0
12.0 74.78461 0.099 0.0 27.0
13.5 77.38268 0.099 0.0 27.0
0.0 54.0 0.0100 61.0 19.0
0.0 57.0 0.0100 61.0 19.0
0.0 57.0 0.0101 0.0 20.0
1.5 59.598076 0.0101 0.0 20.0
0.0 57.0 0.0102 60.0 20.0
0.0 60.0 0.0102 60.0 20.0
0.0 60.0 0.0103 0.0 21.0
1.5 62.598076 0.0103 0.0 21.0
0.0 60.0 0.0104 59.0 21.0
0.0 63.0 0.0104 59.0 21.0
0.0 63.0 0.0105 1.0 22.0
-1.5 65.598076 0.0105 1.0 22.0
-1.5 65.598076 0.0106 0.0 23.0
-1.5 68.598076 0.0106 0.0 23.0
-1.5 65.598076 0.0107 0.0 23.0
-3.0 68.19615 0.0107 0.0 23.0
-3.0 68.19615 0.0108 0.0 24.0
-3.0 71.19615 0.0108 0.0 24.0
-3.0 68.19615 0.0109 0.0 24.0
-4.5 70.79423 0.0109 0.0 24.0
0.0 63.0 0.0110 58.0 22.0
0.0 66.0 0.0110 58.0 22.0
0.0 66.0 0.0111 0.0 23.0
1.5 68.598076 0.0111 0.0 23.0
0.0 66.0 0.0112 57.0 23.0
0.0 69.0 0.0112 57.0 23.0
0.0 69.0 0.0113 0.0 24.0
1.5 71.598076 0.0113 0.0 24.0
0.0 69.0 0.0114 56.0 24.0
0.0 72.0 0.0114 56.0 24.0
0.0 72.0 0.0115 1.0 25.0
1.5 74.598076 0.0115 1.0 25.0
1.5 74.598076 0.0116 0.0 26.0
4.0980763 76.098076 0.0116 0.0 26.0
1.5 74.598076 0.0117 0.0 26.0
3.0 77.19615 0.0117 0.0 26.0
3.0 77.19615 0.0118 0.0 27.0
5.5980763 78.69615 0.0118 0.0 27.0
3.0 77.19615 0.0119 0.0 27.0
4.5 79.79423 0.0119 0.0 27.0
0.0 72.0 0.0120 55.0 25.0
0.0 75.0 0.0120 55.0 25.0
0.0 75.0 0.0121 0.0 26.0
1.5 77.598076 0.0121 0.0 26.0
0.0 75.0 0.0122 54.0 26.0
0.0 78.0 0.0122 54.0 26.0
0.0 78.0 0.0123 0.0 27.0
1.5 80.598076 0.0123 0.0 27.0
0.0 78.0 0.0124 53.0 27.0
0.0 81.0 0.0124 53.0 27.0
0.0 81.0 0.0125 25.0 28.0
1.5 83.598076 0.0125 25.0 28.0
1.5 83.598076 0.0126 0.0 29.0
4.0980763 85.098076 0.0126 0.0 29.0
1.5 83.598076 0.0127 24.0 29.0
3.0 86.19615 0.0127 24.0 29.0
3.0 86.19615 0.0128 0.0 30.0
5.5980763 87.69615 0.0128 0.0 30.0
3.0 86.19615 0.0129 23.0 30.0
4.5 88.79423 0.0129 23.0 30.0
4.5 88.79423 0.0130 1.0 31.0
4.5 91.79423 0.0130 1.0 31.0
4.5 91.79423 0.0131 0.0 32.0
6.0 94.3923 0.0131 0.0 32.0
4.5 91.79423 0.0132 0.0 32.0
4.5 94.79423 0.0132 0.0 32.0
4.5 94.79423 0.0133 0.0 33.0
6.0 97.3923 0.0133 0.0 33.0
4.5 94.79423 0.0134 0.0 33.0
4.5 97.79423 0.0134 0.0 33.0
4.5 88.79423 0.0135 22.0 31.0
6.0 91.3923 0.0135 22.0 31.0
6.0 91.3923 0.0136 0.0 32.0
8.598076 92.8923 0.0136 0.0 32.0
6.0 91.3923 0.0137 21.0 32.0
7.5 93.99038 0.0137 21.0 32.0
7.5 93.99038 0.0138 0.0 33.0
10.098076 95.49038 0.0138 0.0 33.0
7.5 93.99038 0.0139 20.0 33.0
9.0 96.588455 0.0139 20.0 33.0
9.0 96.588455 0.0140 1.0 34.0
11.598076 98.088455 0.0140 1.0 34.0
11.598076 98.088455 0.0141 0.0 35.0
14.598076 98.088455 0.0141 0.0 35.0
11.598076 98.088455 0.0142 0.0 35.0
14.196152 99.588455 0.0142 0.0 35.0
14.196152 99.588455 0.0143 0.0 36.0
17.196152 99.588455 0.0143 0.0 36.0
14.196152 99.588455 0.0144 0.0 36.0
16.794228 101.088455 0.0144 0.0 36.0
9.0 96.588455 0.0145 19.0 34.0
10.5 99.18653 0.0145 19.0 34.0
10.5 99.18653 0.0146 0.0 35.0
13.098076 100.68653 0.0146 0.0 35.0
10.5 99.18653 0.0147 18.0 35.0
12.0 101.78461 0.0147 18.0 35.0
12.0 101.78461 0.0148 0.0 36.0
14.598076 103.28461 0.0148 0.0 36.0
12.0 101.78461 0.0149 17.0 36.0
13.5 104.38268 0.0149 17.0 36.0
13.5 104.38268 0.0150 7.0 37.0
16.098076 105.88268 0.0150 7.0 37.0
16.098076 105.88268 0.0151 0.0 38.0
19.098076 105.88268 0.0151 0.0 38.0
16.098076 105.88268 0.0152 6.0 38.0
18.696152 107.38268 0.0152 6.0 38.0
18.696152 107.38268 0.0153 0.0 39.0
21.696152 107.38268 0.0153 0.0 39.0
18.696152 107.38268 0.0154 5.0 39.0
21.294228 108.88268 0.0154 5.0 39.0
21.294228 108.88268 0.0155 1.0 40.0
22.794228 111.48076 0.0155 1.0 40.0
22.794228 111.48076 0.0156 0.0 41.0
25.392303 112.98076 0.0156 0.0 41.0
22.794228 111.48076 0.0157 0.0 41.0
24.294228 114.078835 0.0157 0.0 41.0
24.294228 114.078835 0.0158 0.0 42.0
26.892303 115.578835 0.0158 0.0 42.0
24.294228 114.078835 0.0159 0.0 42.0
25.794228 116.67691 0.0159 0.0 42.0
21.294228 108.88268 0.0160 4.0 40.0
23.892303 110.38268 0.0160 4.0 40.0
23.892303 110.38268 0.0161 0.0 41.0
26.892303 110.38268 0.0161 0.0 41.0
23.892303 110.38268 0.0162 3.0 41.0
26.49038 111.88268 0.0162 3.0 41.0
26.49038 111.88268 0.0163 0.0 42.0
29.49038 111.88268 0.0163 0.0 42.0
26.49038 111.88268 0.0164 2.0 42.0
29.088455 113.38268 0.0164 2.0 42.0
29.088455 113.38268 0.0165 1.0 43.0
32.088455 113.38268 0.0165 1.0 43.0
32.088455 113.38268 0.0166 0.0 44.0
34.68653 111.88268 0.0166 0.0 44.0
32.088455 113.38268 0.0167 0.0 44.0
35.088455 113.38268 0.0167 0.0 44.0
35.088455 113.38268 0.0168 0.0 45.0
37.68653 111.88268 0.0168 0.0 45.0
35.088455 113.38268 0.0169 0.0 45.0
38.088455 113.38268 0.0169 0.0 45.0
29.088455 113.38268 0.0170 1.0 43.0
31.686531 114.88268 0.0170 1.0 43.0
31.686531 114.88268 0.0171 0.0 44.0
34.68653 114.88268 0.0171 0.0 44.0
31.686531 114.88268 0.0172 0.0 44.0
34.284607 116.38268 0.0172 0.0 44.0
34.284607 116.38268 0.0173 0.0 45.0
37.284607 116.38268 0.0173 0.0 45.0
34.284607 116.38268 0.0174 0.0 45.0
36.882683 117.88268 0.0174 0.0 45.0
13.5 104.38268 0.0175 16.0 37.0
15.0 106.98076 0.0175 16.0 37.0
15.0 106.98076 0.0176 0.0 38.0
17.598076 108.48076 0.0176 0.0 38.0
15.0 106.98076 0.0177 15.0 38.0
16.5 109.578835 0.0177 15.0 38.0
16.5 109.578835 0.0178 0.0 39.0
19.098076 111.078835 0.0178 0.0 39.0
16.5 109.578835 0.0179 14.0 39.0
18.0 112.17691 0.0179 14.0 39.0
18.0 112.17691 0.0180 1.0 40.0
18.0 115.17691 0.0180 1.0 40.0
18.0 115.17691 0.0181 0.0 41.0
19.5 117.77499 0.0181 0.0 41.0
18.0 115.17691 0.0182 0.0 41.0
18.0 118.17691 0.0182 0.0 41.0
18.0 118.17691 0.0183 0.0 42.0
19.5 120.77499 0.0183 0.0 42.0
18.0 118.17691 0.0184 0.0 42.0
18.0 121.17691 0.0184 0.0 42.0
18.0 112.17691 0.0185 13.0 40.0
19.5 114.77499 0.0185 13.0 40.0
19.5 114.77499 0.0186 0.0 41.0
22.098076 116.27499 0.0186 0.0 41.0
19.5 114.77499 0.0187 12.0 41.0
21.0 117.37306 0.0187 12.0 41.0
21.0 117.37306 0.0188 0.0 42.0
23.598076 118.87306 0.0188 0.0 42.0
21.0 117.37306 0.0189 11.0 42.0
22.5 119.97114 0.0189 11.0 42.0
22.5 119.97114 0.0190 1.0 43.0
25.098076 121.47114 0.0190 1.0 43.0
25.098076 121.47114 0.0191 0.0 44.0
28.098076 121.47114 0.0191 0.0 44.0
25.098076 121.47114 0.0192 0.0 44.0
27.696152 122.97114 0.0192 0.0 44.0
27.696152 122.97114 0.0193 0.0 45.0
30.696152 122.97114 0.0193 0.0 45.0
27.696152 122.97114 0.0194 0.0 45.0
30.294228 124.47114 0.0194 0.0 45.0
22.5 119.97114 0.0195 10.0 43.0
24.0 122.569214 0.0195 10.0 43.0
24.0 122.569214 0.0196 0.0 44.0
26.598076 124.069214 0.0196 0.0 44.0
24.0 122.569214 0.0197 9.0 44.0
25.5 125.16729 0.0197 9.0 44.0
25.5 125.16729 0.0198 0.0 45.0
28.098076 126.66729 0.0198 0.0 45.0
25.5 125.16729 0.0199 8.0 45.0
27.0 127.765366 0.0199 8.0 45.0
27.0 127.765366 0.0200 7.0 46.0
29.598076 129.26537 0.0200 7.0 46.0
29.598076 129.26537 0.0201 0.0 47.0
32.598076 129.26537 0.0201 0.0 47.0
29.598076 129.26537 0.0202 6.0 47.0
32.19615 130.76537 0.0202 6.0 47.0
32.19615 130.76537 0.0203 0.0 48.0
35.19615 130.76537 0.0203 0.0 48.0
32.19615 130.76537 0.0204 5.0 48.0
34.794228 132.26537 0.0204 5.0 48.0
34.794228 132.26537 0.0205 1.0 49.0
36.294228 134.86345 0.0205 1.0 49.0
36.294228 134.86345 0.0206 0.0 50.0
38.892303 136.36345 0.0206 0.0 50.0
36.294228 134.86345 0.0207 0.0 50.0
37.794228 137.46153 0.0207 0.0 50.0
37.794228 137.46153 0.0208 0.0 51.0
40.392303 138.96153 0.0208 0.0 51.0
37.794228 137.46153 0.0209 0.0 51.0
39.294228 140.05962 0.0209 0.0 51.0
34.794228 132.26537 0.0210 4.0 49.0
37.392303 133.76537 0.0210 4.0 49.0
37.392303 133.76537 0.0211 0.0 50.0
40.392303 133.76537 0.0211 0.0 50.0
37.392303 133.76537 0.0212 3.0 50.0
39.99038 135.26537 0.0212 3.0 50.0
39.99038 135.26537 0.0213 0.0 51.0
42.99038 135.26537 0.0213 0.0 51.0
39.99038 135.26537 0.0214 2.0 51.0
42.588455 136.76537 0.0214 2.0 51.0
42.588455 136.76537 0.0215 1.0 52.0
45.588455 136.76537 0.0215 1.0 52.0
45.588455 136.76537 0.0216 0.0 53.0
48.18653 135.26537 0.0216 0.0 53.0
45.588455 136.76537 0.0217 0.0 53.0
48.588455 136.76537 0.0217 0.0 53.0
48.588455 136.76537 0.0218 0.0 54.0
51.18653 135.26537 0.0218 0.0 54.0
48.588455 136.76537 0.0219 0.0 54.0
51.588455 136.76537 0.0219 0.0 54.0
42.588455 136.76537 0.0220 1.0 52.0
45.18653 138.26537 0.0220 1.0 52.0
45.18653 138.26537 0.0221 0.0 53.0
48.18653 138.26537 0.0221 0.0 53.0
45.18653 138.26537 0.0222 0.0 53.0
47.784607 139.76537 0.0222 0.0 53.0
47.784607 139.76537 0.0223 0.0 54.0
50.784607 139.76537 0.0223 0.0 54.0
47.784607 139.76537 0.0224 0.0 54.0
50.382683 141.26537 0.0224 0.0 54.0
27.0 127.765366 0.0225 7.0 46.0
28.5 130.36345 0.0225 7.0 46.0
28.5 130.36345 0.0226 0.0 47.0
31.098076 131.86345 0.0226 0.0 47.0
28.5 130.36345 0.0227 6.0 47.0
30.0 132.96153 0.0227 6.0 47.0
30.0 132.96153 0.0228 0.0 48.0
32.598076 134.46153 0.0228 0.0 48.0
30.0 132.96153 0.0229 5.0 48.0
31.5 135.55962 0.0229 5.0 48.0
31.5 135.55962 0.0230 1.0 49.0
31.5 138.55962 0.0230 1.0 49.0
31.5 138.55962 0.0231 0.0 50.0
33.0 141.1577 0.0231 0.0 50.0
31.5 138.55962 0.0232 0.0 50.0
31.5 141.55962 0.0232 0.0 50.0
31.5 141.55962 0.0233 0.0 51.0
33.0 144.1577 0.0233 0.0 51.0
31.5 141.55962 0.0234 0.0 51.0
31.5 144.55962 0.0234 0.0 51.0
31.5 135.55962 0.0235 4.0 49.0
33.0 138.1577 0.0235 4.0 49.0
33.0 138.1577 0.0236 0.0 50.0
35.598076 139.6577 0.0236 0.0 50.0
33.0 138.1577 0.0237 3.0 50.0
34.5 140.75578 0.0237 3.0 50.0
34.5 140.75578 0.0238 0.0 51.0
37.098076 142.25578 0.0238 0.0 51.0
34.5 140.75578 0.0239 2.0 51.0
36.0 143.35387 0.0239 2.0 51.0
36.0 143.35387 0.0240 1.0 52.0
38.598076 144.85387 0.0240 1.0 52.0
38.598076 144.85387 0.0241 0.0 53.0
41.598076 144.85387 0.0241 0.0 53.0
38.598076 144.85387 0.0242 0.0 53.0
41.19615 146.35387 0.0242 0.0 53.0
41.19615 146.35387 0.0243 0.0 54.0
44.19615 146.35387 0.0243 0.0 54.0
41.19615 146.35387 0.0244 0.0 54.0
43.794228 147.85387 0.0244 0.0 54.0
36.0 143.35387 0.0245 1.0 52.0
37.5 145.95195 0.0245 1.0 52.0
37.5 145.95195 0.0246 0.0 53.0
40.098076 147.45195 0.0246 0.0 53.0
37.5 145.95195 0.0247 0.0 53.0
39.0 148.55003 0.0247 0.0 53.0
39.0 148.55003 0.0248 0.0 54.0
41.598076 150.05003 0.0248 0.0 54.0
39.0 148.55003 0.0249 0.0 54.0
40.5 151.14812 0.0249 0.0 54.0
0.0 81.0 0.0250 52.0 28.0
0.0 84.0 0.0250 52.0 28.0
0.0 84.0 0.0251 0.0 29.0
1.5 86.598076 0.0251 0.0 29.0
0.0 84.0 0.0252 51.0 29.0
0.0 87.0 0.0252 51.0 29.0
0.0 87.0 0.0253 0.0 30.0
1.5 89.598076 0.0253 0.0 30.0
0.0 87.0 0.0254 50.0 30.0
0.0 90.0 0.0254 50.0 30.0
0.0 90.0 0.0255 1.0 31.0
-1.5 92.598076 0.0255 1.0 31.0
-1.5 92.598076 0.0256 0.0 32.0
-1.5 95.598076 0.0256 0.0 32.0
-1.5 92.598076 0.0257 0.0 32.0
-3.0 95.19615 0.0257 0.0 32.0
-3.0 95.19615 0.0258 0.0 33.0
-3.0 98.19615 0.0258 0.0 33.0
-3.0 95.19615 0.0259 0.0 33.0
-4.5 97.79423 0.0259 0.0 33.0
0.0 90.0 0.0260 49.0 31.0
0.0 93.0 0.0260 49.0 31.0
0.0 93.0 0.0261 0.0 32.0
1.5 95.598076 0.0261 0.0 32.0
0.0 93.0 0.0262 48.0 32.0
0.0 96.0 0.0262 48.0 32.0
0.0 96.0 0.0263 0.0 33.0
1.5 98.598076 0.0263 0.0 33.0
0.0 96.0 0.0264 47.0 33.0
0.0 99.0 0.0264 47.0 33.0
0.0 99.0 0.0265 1.0 34.0
1.5 101.598076 0.0265 1.0 34.0
1.5 101.598076 0.0266 0.0 35.0
4.0980763 103.098076 0.0266 0.0 35.0
1.5 101.598076 0.0267 0.0 35.0
3.0 104.19615 0.0267 0.0 35.0
3.0 104.19615 0.0268 0.0 36.0
5.5980763 105.69615 0.0268 0.0 36.0
3.0 104.19615 0.0269 0.0 36.0
4.5 106.79423 0.0269 0.0 36.0
0.0 99.0 0.0270 46.0 34.0
0.0 102.0 0.0270 46.0 34.0
0.0 102.0 0.0271 0.0 35.0
1.5 104.598076 0.0271 0.0 35.0
0.0 102.0 0.0272 45.0 35.0
0.0 105.0 0.0272 45.0 35.0
0.0 105.0 0.0273 0.0 36.0
1.5 107.598076 0.0273 0.0 36.0
0.0 105.0 0.0274 44.0 36.0
0.0 108.0 0.0274 44.0 36.0
0.0 108.0 0.0275 7.0 37.0
1.5 110.598076 0.0275 7.0 37.0
1.5 110.598076 0.0276 0.0 38.0
4.0980763 112.098076 0.0276 0.0 38.0
1.5 110.598076 0.0277 6.0 38.0
3.0 113.19615 0.0277 6.0 38.0
3.0 113.19615 0.0278 0.0 39.0
5.5980763 114.69615 0.0278 0.0 39.0
3.0 113.19615 0.0279 5.0 39.0
4.5 115.79423 0.0279 5.0 39.0
4.5 115.79423 0.0280 1.0 40.0
4.5 118.79423 0.0280 1.0 40.0
4.5 118.79423 0.0281 0.0 41.0
6.0 121.3923 0.0281 0.0 41.0
4.5 118.79423 0.0282 0.0 41.0
4.5 121.79423 0.0282 0.0 41.0
4.5 121.79423 0.0283 0.0 42.0
6.0 124.3923 0.0283 0.0 42.0
4.5 121.79423 0.0284 0.0 42.0
4.5 124.79423 0.0284 0.0 42.0
4.5 115.79423 0.0285 4.0 40.0
6.0 118.3923 0.0285 4.0 40.0
6.0 118.3923 0.0286 0.0 41.0
8.598076 119.8923 0.0286 0.0 41.0
6.0 118.3923 0.0287 3.0 41.0
7.5 120.99038 0.0287 3.0 41.0
7.5 120.99038 0.0288 0.0 42.0
10.098076 122.49038 0.0288 0.0 42.0
7.5 120.99038 0.0289 2.0 42.0
9.0 123.588455 0.0289 2.0 42.0
9.0 123.588455 0.0290 1.0 43.0
11.598076 125.088455 0.0290 1.0 43.0
11.598076 125.088455 0.0291 0.0 44.0
14.598076 125.088455 0.0291 0.0 44.0
11.598076 125.088455 0.0292 0.0 44.0
14.196152 126.588455 0.0292 0.0 44.0
14.196152 126.588455 0.0293 0.0 45.0
17.196152 126.588455 0.0293 0.0 45.0
14.196152 126.588455 0.0294 0.0 45.0
16.794228 128.08846 0.0294 0.0 45.0
9.0 123.588455 0.0295 1.0 43.0
10.5 126.18653 0.0295 1.0 43.0
10.5 126.18653 0.0296 0.0 44.0
13.098076 127.68653 0.0296 0.0 44.0
10.5 126.18653 0.0297 0.0 44.0
12.0 128.7846 0.0297 0.0 44.0
12.0 128.7846 0.0298 0.0 45.0
14.598076 130.2846 0.0298 0.0 45.0
12.0 128.7846 0.0299 0.0 45.0
13.5 131.38269 0.0299 0.0 45.0
0.0 108.0 0.0300 43.0 37.0
0.0 111.0 0.0300 43.0 37.0
0.0 111.0 0.0301 0.0 38.0
1.5 113.598076 0.0301 0.0 38.0
0.0 111.0 0.0302 42.0 38.0
0.0 114.0 0.0302 42.0 38.0
0.0 114.0 0.0303 0.0 39.0
1.5 116.598076 0.0303 0.0 39.0
0.0 114.0 0.0304 41.0 39.0
0.0 117.0 0.0304 41.0 39.0
0.0 117.0 0.0305 1.0 40.0
-1.5 119.598076 0.0305 1.0 40.0
-1.5 119.598076 0.0306 0.0 41.0
-1.5 122.598076 0.0306 0.0 41.0
-1.5 119.598076 0.0307 0.0 41.0
-3.0 122.19615 0.0307 0.0 41.0
-3.0 122.19615 0.0308 0.0 42.0
-3.0 125.19615 0.0308 0.0 42.0
-3.0 122.19615 0.0309 0.0 42.0
-4.5 124.79423 0.0309 0.0 42.0
0.0 117.0 0.0310 40.0 40.0
0.0 120.0 0.0310 40.0 40.0
0.0 120.0 0.0311 0.0 41.0
1.5 122.598076 0.0311 0.0 41.0
0.0 120.0 0.0312 39.0 41.0
0.0 123.0 0.0312 39.0 41.0
0.0 123.0 0.0313 0.0 42.0
1.5 125.598076 0.0313 0.0 42.0
0.0 123.0 0.0314 38.0 42.0
0.0 126.0 0.0314 38.0 42.0
0.0 126.0 0.0315 1.0 43.0
1.5 128.59808 0.0315 1.0 43.0
1.5 128.59808 0.0316 0.0 44.0
4.0980763 130.09808 0.0316 0.0 44.0
1.5 128.59808 0.0317 0.0 44.0
3.0 131.19617 0.0317 0.0 44.0
3.0 131.19617 0.0318 0.0 45.0
5.5980763 132.69617 0.0318 0.0 45.0
3.0 131.19617 0.0319 0.0 45.0
4.5 133.79425 0.0319 0.0 45.0
0.0 126.0 0.0320 37.0 43.0
0.0 129.0 0.0320 37.0 43.0
0.0 129.0 0.0321 0.0 44.0
1.5 131.59808 0.0321 0.0 44.0
0.0 129.0 0.0322 36.0 44.0
0.0 132.0 0.0322 36.0 44.0
0.0 132.0 0.0323 0.0 45.0
1.5 134.59808 0.0323 0.0 45.0
0.0 132.0 0.0324 35.0 45.0
0.0 135.0 0.0324 35.0 45.0
0.0 135.0 0.0325 7.0 46.0
1.5 137.59808 0.0325 7.0 46.0
1.5 137.59808 0.0326 0.0 47.0
4.0980763 139.09808 0.0326 0.0 47.0
1.5 137.59808 0.0327 6.0 47.0
3.0 140.19617 0.0327 6.0 47.0
3.0 140.19617 0.0328 0.0 48.0
5.5980763 141.69617 0.0328 0.0 48.0
3.0 140.19617 0.0329 5.0 48.0
4.5 142.79425 0.0329 5.0 48.0
4.5 142.79425 0.0330 1.0 49.0
4.5 145.79425 0.0330 1.0 49.0
4.5 145.79425 0.0331 0.0 50.0
6.0 148.39233 0.0331 0.0 50.0
4.5 145.79425 0.0332 0.0 50.0
4.5 148.79425 0.0332 0.0 50.0
4.5 148.79425 0.0333 0.0 51.0
6.0 151.39233 0.0333 0.0 51.0
4.5 148.79425 0.0334 0.0 51.0
4.5 151.79425 0.0334 0.0 51.0
4.5 142.79425 0.0335 4.0 49.0
6.0 145.39233 0.0335 4.0 49.0
6.0 145.39233 0.0336 0.0 50.0
8.598076 146.89233 0.0336 0.0 50.0
6.0 145.39233 0.0337 3.0 50.0
7.5 147.99042 0.0337 3.0 50.0
7.5 147.99042 0.0338 0.0 51.0
10.098076 149.49042 0.0338 0.0 51.0
7.5 147.99042 0.0339 2.0 51.0
9.0 150.5885 0.0339 2.0 51.0
9.0 150.5885 0.0340 1.0 52.0
11.598076 152.0885 0.0340 1.0 52.0
11.598076 152.0885 0.0341 0.0 53.0
14.598076 152.0885 0.0341 0.0 53.0
11.598076 152.0885 0.0342 0.0 53.0
14.196152 153.5885 0.0342 0.0 53.0
14.196152 153.5885 0.0343 0.0 54.0
17.196152 153.5885 0.0343 0.0 54.0
14.196152 153.5885 0.0344 0.0 54.0
16.794228 155.0885 0.0344 0.0 54.0
9.0 150.5885 0.0345 1.0 52.0
10.5 153.18658 0.0345 1.0 52.0
10.5 153.18658 0.0346 0.0 53.0
13.098076 154.68658 0.0346 0.0 53.0
10.5 153.18658 0.0347 0.0 53.0
12.0 155.78467 0.0347 0.0 53.0
12.0 155.78467 0.0348 0.0 54.0
14.598076 157.28467 0.0348 0.0 54.0
12.0 155.78467 0.0349 0.0 54.0
13.5 158.38275 0.0349 0.0 54.0
0.0 135.0 0.0350 34.0 46.0
0.0 138.0 0.0350 34.0 46.0
0.0 138.0 0.0351 0.0 47.0
1.5 140.59808 0.0351 0.0 47.0
0.0 138.0 0.0352 33.0 47.0
0.0 141.0 0.0352 33.0 47.0
0.0 141.0 0.0353 0.0 48.0
1.5 143.59808 0.0353 0.0 48.0
0.0 141.0 0.0354 32.0 48.0
0.0 144.0 0.0354 32.0 48.0
0.0 144.0 0.0355 1.0 49.0
-1.5 146.59808 0.0355 1.0 49.0
-1.5 146.59808 0.0356 0.0 50.0
-1.5 149.59808 0.0356 0.0 50.0
-1.5 146.59808 0.0357 0.0 50.0
-3.0 149.19617 0.0357 0.0 50.0
-3.0 149.19617 0.0358 0.0 51.0
-3.0 152.19617 0.0358 0.0 51.0
-3.0 149.19617 0.0359 0.0 51.0
-4.5 151.79425 0.0359 0.0 51.0
0.0 144.0 0.0360 31.0 49.0
0.0 147.0 0.0360 31.0 49.0
0.0 147.0 0.0361 0.0 50.0
1.5 149.59808 0.0361 0.0 50.0
0.0 147.0 0.0362 30.0 50.0
0.0 150.0 0.0362 30.0 50.0
0.0 150.0 0.0363 0.0 51.0
1.5 152.59808 0.0363 0.0 51.0
0.0 150.0 0.0364 29.0 51.0
0.0 153.0 0.0364 29.0 51.0
0.0 153.0 0.0365 1.0 52.0
1.5 155.59808 0.0365 1.0 52.0
1.5 155.59808 0.0366 0.0 53.0
4.0980763 157.09808 0.0366 0.0 53.0
1.5 155.59808 0.0367 0.0 53.0
3.0 158.19617 0.0367 0.0 53.0
3.0 158.19617 0.0368 0.0 54.0
5.5980763 159.69617 0.0368 0.0 54.0
3.0 158.19617 0.0369 0.0 54.0
4.5 160.79425 0.0369 0.0 54.0
0.0 153.0 0.0370 28.0 52.0
0.0 156.0 0.0370 28.0 52.0
0.0 156.0 0.0371 0.0 53.0
1.5 158.59808 0.0371 0.0 53.0
0.0 156.0 0.0372 27.0 53.0
0.0 159.0 0.0372 27.0 53.0
0.0 159.0 0.0373 0.0 54.0
1.5 161.59808 0.0373 0.0 54.0
0.0 159.0 0.0374 26.0 54.0
0.0 162.0 0.0374 26.0 54.0
0.0 162.0 0.0375 25.0 55.0
1.5 164.59808 0.0375 25.0 55.0
1.5 164.59808 0.0376 0.0 56.0
4.0980763 166.09808 0.0376 0.0 56.0
1.5 164.59808 0.0377 24.0 56.0
3.0 167.19617 0.0377 24.0 56.0
3.0 167.19617 0.0378 0.0 57.0
5.5980763 168.69617 0.0378 0.0 57.0
3.0 167.19617 0.0379 23.0 57.0
4.5 169.79425 0.0379 23.0 57.0
4.5 169.79425 0.0380 1.0 58.0
4.5 172.79425 0.0380 1.0 58.0
4.5 172.79425 0.0381 0.0 59.0
6.0 175.39233 0.0381 0.0 59.0
4.5 172.79425 0.0382 0.0 59.0
4.5 175.79425 0.0382 0.0 59.0
4.5 175.79425 0.0383 0.0 60.0
6.0 178.39233 0.0383 0.0 60.0
4.5 175.79425 0.0384 0.0 60.0
4.5 178.79425 0.0384 0.0 60.0
4.5 169.79425 0.0385 22.0 58.0
6.0 172.39233 0.0385 22.0 58.0
6.0 172.39233 0.0386 0.0 59.0
8.598076 173.89233 0.0386 0.0 59.0
6.0 172.39233 0.0387 21.0 59.0
7.5 174.99042 0.0387 21.0 59.0
7.5 174.99042 0.0388 0.0 60.0
10.098076 176.49042 0.0388 0.0 60.0
7.5 174.99042 0.0389 20.0 60.0
9.0 177.5885 0.0389 20.0 60.0
9.0 177.5885 0.0390 1.0 61.0
11.598076 179.0885 0.0390 1.0 61.0
11.598076 179.0885 0.0391 0.0 62.0
14.598076 179.0885 0.0391 0.0 62.0
11.598076 179.0885 0.0392 0.0 62.0
14.196152 180.5885 0.0392 0.0 62.0
14.196152 180.5885 0.0393 0.0 63.0
17.196152 180.5885 0.0393 0.0 63.0
14.196152 180.5885 0.0394 0.0 63.0
16.794228 182.0885 0.0394 0.0 63.0
9.0 177.5885 0.0395 19.0 61.0
10.5 180.18658 0.0395 19.0 61.0
10.5 180.18658 0.0396 0.0 62.0
13.098076 181.68658 0.0396 0.0 62.0
10.5 180.18658 0.0397 18.0 62.0
12.0 182.78467 0.0397 18.0 62.0
12.0 182.78467 0.0398 0.0 63.0
14.598076 184.28467 0.0398 0.0 63.0
12.0 182.78467 0.0399 17.0 63.0
13.5 185.38275 0.0399 17.0 63.0
13.5 185.38275 0.0400 7.0 64.0
16.098076 186.88275 0.0400 7.0 64.0
16.098076 186.88275 0.0401 0.0 65.0
19.098076 186.88275 0.0401 0.0 65.0
16.098076 186.88275 0.0402 6.0 65.0
18.696152 188.38275 0.0402 6.0 65.0
18.696152 188.38275 0.0403 0.0 66.0
21.696152 188.38275 0.0403 0.0 66.0
18.696152 188.38275 0.0404 5.0 66.0
21.294228 189.88275 0.0404 5.0 66.0
21.294228 189.88275 0.0405 1.0 67.0
22.794228 192.48083 0.0405 1.0 67.0
22.794228 192.48083 0.0406 0.0 68.0
25.392303 193.98083 0.0406 0.0 68.0
22.794228 192.48083 0.0407 0.0 68.0
24.294228 195.07892 0.0407 0.0 68.0
24.294228 195.07892 0.0408 0.0 69.0
26.892303 196.57892 0.0408 0.0 69.0
24.294228 195.07892 0.0409 0.0 69.0
25.794228 197.677 0.0409 0.0 69.0
21.294228 189.88275 0.0410 4.0 67.0
23.892303 191.38275 0.0410 4.0 67.0
23.892303 191.38275 0.0411 0.0 68.0
26.892303 191.38275 0.0411 0.0 68.0
23.892303 191.38275 0.0412 3.0 68.0
26.49038 192.88275 0.0412 3.0 68.0
26.49038 192.88275 0.0413 0.0 69.0
29.49038 192.88275 0.0413 0.0 69.0
26.49038 192.88275 0.0414 2.0 69.0
29.088455 194.38275 0.0414 2.0 69.0
29.088455 194.38275 0.0415 1.0 70.0
32.088455 194.38275 0.0415 1.0 70.0
32.088455 194.38275 0.0416 0.0 71.0
34.68653 192.88275 0.0416 0.0 71.0
32.088455 194.38275 0.0417 0.0 71.0
35.088455 194.38275 0.0417 0.0 71.0
35.088455 194.38275 0.0418 0.0 72.0
37.68653 192.88275 0.0418 0.0 72.0
35.088455 194.38275 0.0419 0.0 72.0
38.088455 194.38275 0.0419 0.0 72.0
29.088455 194.38275 0.0420 1.0 70.0
31.686531 195.88275 0.0420 1.0 70.0
31.686531 195.88275 0.0421 0.0 71.0
34.68653 195.88275 0.0421 0.0 71.0
31.686531 195.88275 0.0422 0.0 71.0
34.284607 197.38275 0.0422 0.0 71.0
34.284607 197.38275 0.0423 0.0 72.0
37.284607 197.38275 0.0423 0.0 72.0
34.284607 197.38275 0.0424 0.0 72.0
36.882683 198.88275 0.0424 0.0 72.0
13.5 185.38275 0.0425 16.0 64.0
15.0 187.98083 0.0425 16.0 64.0
15.0 187.98083 0.0426 0.0 65.0
17.598076 189.48083 0.0426 0.0 65.0
15.0 187.98083 0.0427 15.0 65.0
16.5 190.57892 0.0427 15.0 65.0
16.5 190.57892 0.0428 0.0 66.0
19.098076 192.07892 0.0428 0.0 66.0
16.5 190.57892 0.0429 14.0 66.0
18.0 193.177 0.0429 14.0 66.0
18.0 193.177 0.0430 1.0 67.0
18.0 196.177 0.0430 1.0 67.0
18.0 196.177 0.0431 0.0 68.0
19.5 198.77509 0.0431 0.0 68.0
18.0 196.177 0.0432 0.0 68.0
18.0 199.177 0.0432 0.0 68.0
18.0 199.177 0.0433 0.0 69.0
19.5 201.77509 0.0433 0.0 69.0
18.0 199.177 0.0434 0.0 69.0
18.0 202.177 0.0434 0.0 69.0
18.0 193.177 0.0435 13.0 67.0
19.5 195.77509 0.0435 13.0 67.0
19.5 195.77509 0.0436 0.0 68.0
22.098076 197.27509 0.0436 0.0 68.0
19.5 195.77509 0.0437 12.0 68.0
21.0 198.37317 0.0437 12.0 68.0
21.0 198.37317 0.0438 0.0 69.0
23.598076 199.87317 0.0438 0.0 69.0
21.0 198.37317 0.0439 11.0 69.0
22.5 200.97125 0.0439 11.0 69.0
22.5 200.97125 0.0440 1.0 70.0
25.098076 202.47125 0.0440 1.0 70.0
25.098076 202.47125 0.0441 0.0 71.0
28.098076 202.47125 0.0441 0.0 71.0
25.098076 202.47125 0.0442 0.0 71.0
27.696152 203.97125 0.0442 0.0 71.0
27.696152 203.97125 0.0443 0.0 72.0
30.696152 203.97125 0.0443 0.0 72.0
27.696152 203.97125 0.0444 0.0 72.0
30.294228 205.47125 0.0444 0.0 72.0
22.5 200.97125 0.0445 10.0 70.0
24.0 203.56934 0.0445 10.0 70.0
24.0 203.56934 0.0446 0.0 71.0
26.598076 205.06934 0.0446 0.0 71.0
24.0 203.56934 0.0447 9.0 71.0
25.5 206.16742 0.0447 9.0 71.0
25.5 206.16742 0.0448 0.0 72.0
28.098076 207.66742 0.0448 0.0 72.0
25.5 206.16742 0.0449 8.0 72.0
27.0 208.7655 0.0449 8.0 72.0
27.0 208.7655 0.0450 7.0 73.0
29.598076 210.2655 0.0450 7.0 73.0
29.598076 210.2655 0.0451 0.0 74.0
32.598076 210.2655 0.0451 0.0 74.0
29.598076 210.2655 0.0452 6.0 74.0
32.19615 211.7655 0.0452 6.0 74.0
32.19615 211.7655 0.0453 0.0 75.0
35.19615 211.7655 0.0453 0.0 75.0
32.19615 211.7655 0.0454 5.0 75.0
34.794228 213.2655 0.0454 5.0 75.0
34.794228 213.2655 0.0455 1.0 76.0
36.294228 215.86359 0.0455 1.0 76.0
36.294228 215.86359 0.0456 0.0 77.0
38.892303 217.36359 0.0456 0.0 77.0
36.294228 215.86359 0.0457 0.0 77.0
37.794228 218.46167 0.0457 0.0 77.0
37.794228 218.46167 0.0458 0.0 78.0
40.392303 219.96167 0.0458 0.0 78.0
37.794228 218.46167 0.0459 0.0 78.0
39.294228 221.05975 0.0459 0.0 78.0
34.794228 213.2655 0.0460 4.0 76.0
37.392303 214.7655 0.0460 4.0 76.0
37.392303 214.7655 0.0461 0.0 77.0
40.392303 214.7655 0.0461 0.0 77.0
37.392303 214.7655 0.0462 3.0 77.0
39.99038 216.2655 0.0462 3.0 77.0
39.99038 216.2655 0.0463 0.0 78.0
42.99038 216.2655 0.0463 0.0 78.0
39.99038 216.2655 0.0464 2.0 78.0
42.588455 217.7655 0.0464 2.0 78.0
42.588455 217.7655 0.0465 1.0 79.0
45.588455 217.7655 0.0465 1.0 79.0
45.588455 217.7655 0.0466 0.0 80.0
48.18653 216.2655 0.0466 0.0 80.0
45.588455 217.7655 0.0467 0.0 80.0
48.588455 217.7655 0.0467 0.0 80.0
48.588455 217.7655 0.0468 0.0 81.0
51.18653 216.2655 0.0468 0.0 81.0
48.588455 217.7655 0.0469 0.0 81.0
51.588455 217.7655 0.0469 0.0 81.0
42.588455 217.7655 0.0470 1.0 79.0
45.18653 219.2655 0.0470 1.0 79.0
45.18653 219.2655 0.0471 0.0 80.0
48.18653 219.2655 0.0471 0.0 80.0
45.18653 219.2655 0.0472 0.0 80.0
47.784607 220.7655 0.0472 0.0 80.0
47.784607 220.7655 0.0473 0.0 81.0
50.784607 220.7655 0.0473 0.0 81.0
47.784607 220.7655 0.0474 0.0 81.0
50.382683 222.2655 0.0474 0.0 81.0
27.0 208.7655 0.0475 7.0 73.0
28.5 211.36359 0.0475 7.0 73.0
28.5 211.36359 0.0476 0.0 74.0
31.098076 212.86359 0.0476 0.0 74.0
28.5 211.36359 0.0477 6.0 74.0
30.0 213.96167 0.0477 6.0 74.0
30.0 213.96167 0.0478 0.0 75.0
32.598076 215.46167 0.0478 0.0 75.0
30.0 213.96167 0.0479 5.0 75.0
31.5 216.55975 0.0479 5.0 75.0
31.5 216.55975 0.0480 1.0 76.0
31.5 219.55975 0.0480 1.0 76.0
31.5 219.55975 0.0481 0.0 77.0
33.0 222.15784 0.0481 0.0 77.0
31.5 219.55975 0.0482 0.0 77.0
31.5 222.55975 0.0482 0.0 77.0
31.5 222.55975 0.0483 0.0 78.0
33.0 225.15784 0.0483 0.0 78.0
31.5 222.55975 0.0484 0.0 78.0
31.5 225.55975 0.0484 0.0 78.0
31.5 216.55975 0.0485 4.0 76.0
33.0 219.15784 0.0485 4.0 76.0
33.0 219.15784 0.0486 0.0 77.0
35.598076 220.65784 0.0486 0.0 77.0
33.0 219.15784 0.0487 3.0 77.0
34.5 221.75592 0.0487 3.0 77.0
34.5 221.75592 0.0488 0.0 78.0
37.098076 223.25592 0.0488 0.0 78.0
34.5 221.75592 0.0489 2.0 78.0
36.0 224.354 0.0489 2.0 78.0
36.0 224.354 0.0490 1.0 79.0
38.598076 225.854 0.0490 1.0 79.0
38.598076 225.854 0.0491 0.0 80.0
41.598076 225.854 0.0491 0.0 80.0
38.598076 225.854 0.0492 0.0 80.0
41.19615 227.354 0.0492 0.0 80.0
41.19615 227.354 0.0493 0.0 81.0
44.19615 227.354 0.0493 0.0 81.0
41.19615 227.354 0.0494 0.0 81.0
43.794228 228.854 0.0494 0.0 81.0
36.0 224.354 0.0495 1.0 79.0
37.5 226.95209 0.0495 1.0 79.0
37.5 226.95209 0.0496 0.0 80.0
40.098076 228.45209 0.0496 0.0 80.0
37.5 226.95209 0.0497 0.0 80.0
39.0 229.55017 0.0497 0.0 80.0
39.0 229.55017 0.0498 0.0 81.0
41.598076 231.05017 0.0498 0.0 81.0
39.0 229.55017 0.0499 0.0 81.0
40.5 232.14825 0.0499 0.0 81.0
0.0 162.0 0.0500 25.0 55.0
0.0 165.0 0.0500 25.0 55.0
0.0 165.0 0.0501 0.0 56.0
1.5 167.59808 0.0501 0.0 56.0
0.0 165.0 0.0502 24.0 56.0
0.0 168.0 0.0502 24.0 56.0
0.0 168.0 0.0503 0.0 57.0
1.5 170.59808 0.0503 0.0 57.0
0.0 168.0 0.0504 23.0 57.0
0.0 171.0 0.0504 23.0 57.0
0.0 171.0 0.0505 1.0 58.0
-1.5 173.59808 0.0505 1.0 58.0
-1.5 173.59808 0.0506 0.0 59.0
-1.5 176.59808 0.0506 0.0 59.0
-1.5 173.59808 0.0507 0.0 59.0
-3.0 176.19617 0.0507 0.0 59.0
-3.0 176.19617 0.0508 0.0 60.0
-3.0 179.19617 0.0508 0.0 60.0
-3.0 176.19617 0.0509 0.0 60.0
-4.5 178.79425 0.0509 0.0 60.0
0.0 171.0 0.0510 22.0 58.0
0.0 174.0 0.0510 22.0 58.0
0.0 174.0 0.0511 0.0 59.0
1.5 176.59808 0.0511 0.0 59.0
0.0 174.0 0.0512 21.0 59.0
0.0 177.0 0.0512 21.0 59.0
0.0 177.0 0.0513 0.0 60.0
1.5 179.59808 0.0513 0.0 60.0
0.0 177.0 0.0514 20.0 60.0
0.0 180.0 0.0514 20.0 60.0
0.0 180.0 0.0515 1.0 61.0
1.5 182.59808 0.0515 1.0 61.0
1.5 182.59808 0.0516 0.0 62.0
4.0980763 184.09808 0.0516 0.0 62.0
1.5 182.59808 0.0517 0.0 62.0
3.0 185.19617 0.0517 0.0 62.0
3.0 185.19617 0.0518 0.0 63.0
5.5980763 186.69617 0.0518 0.0 63.0
3.0 185.19617 0.0519 0.0 63.0
4.5 187.79425 0.0519 0.0 63.0
0.0 180.0 0.0520 19.0 61.0
0.0 183.0 0.0520 19.0 61.0
0.0 183.0 0.0521 0.0 62.0
1.5 185.59808 0.0521 0.0 62.0
0.0 183.0 0.0522 18.0 62.0
0.0 186.0 0.0522 18.0 62.0
0.0 186.0 0.0523 0.0 63.0
1.5 188.59808 0.0523 0.0 63.0
0.0 186.0 0.0524 17.0 63.0
0.0 189.0 0.0524 17.0 63.0
0.0 189.0 0.0525 7.0 64.0
1.5 191.59808 0.0525 7.0 64.0
1.5 191.59808 0.0526 0.0 65.0
4.0980763 193.09808 0.0526 0.0 65.0
1.5 191.59808 0.0527 6.0 65.0
3.0 194.19617 0.0527 6.0 65.0
3.0 194.19617 0.0528 0.0 66.0
5.5980763 195.69617 0.0528 0.0 66.0
3.0 194.19617 0.0529 5.0 66.0
4.5 196.79425 0.0529 5.0 66.0
4.5 196.79425 0.0530 1.0 67.0
4.5 199.79425 0.0530 1.0 67.0
4.5 199.79425 0.0531 0.0 68.0
6.0 202.39233 0.0531 0.0 68.0
4.5 199.79425 0.0532 0.0 68.0
4.5 202.79425 0.0532 0.0 68.0
4.5 202.79425 0.0533 0.0 69.0
6.0 205.39233 0.0533 0.0 69.0
4.5 202.79425 0.0534 0.0 69.0
4.5 205.79425 0.0534 0.0 69.0
4.5 196.79425 0.0535 4.0 67.0
6.0 199.39233 0.0535 4.0 67.0
6.0 199.39233 0.0536 0.0 68.0
8.598076 200.89233 0.0536 0.0 68.0
6.0 199.39233 0.0537 3.0 68.0
7.5 201.99042 0.0537 3.0 68.0
7.5 201.99042 0.0538 0.0 69.0
10.098076 203.49042 0.0538 0.0 69.0
7.5 201.99042 0.0539 2.0 69.0
9.0 204.5885 0.0539 2.0 69.0
9.0 204.5885 0.0540 1.0 70.0
11.598076 206.0885 0.0540 1.0 70.0
11.598076 206.0885 0.0541 0.0 71.0
14.598076 206.0885 0.0541 0.0 71.0
11.598076 206.0885 0.0542 0.0 71.0
14.196152 207.5885 0.0542 0.0 71.0
14.196152 207.5885 0.0543 0.0 72.0
17.196152 207.5885 0.0543 0.0 72.0
14.196152 207.5885 0.0544 0.0 72.0
16.794228 209.0885 0.0544 0.0 72.0
9.0 204.5885 0.0545 1.0 70.0
10.5 207.18658 0.0545 1.0 70.0
10.5 207.18658 0.0546 0.0 71.0
13.098076 208.68658 0.0546 0.0 71.0
10.5 207.18658 0.0547 0.0 71.0
12.0 209.78467 0.0547 0.0 71.0
12.0 209.78467 0.0548 0.0 72.0
14.598076 211.28467 0.0548 0.0 72.0
12.0 209.78467 0.0549 0.0 72.0
13.5 212.38275 0.0549 0.0 72.0
0.0 189.0 0.0550 16.0 64.0
0.0 192.0 0.0550 16.0 64.0
0.0 192.0 0.0551 0.0 65.0
1.5 194.59808 0.0551 0.0 65.0
0.0 192.0 0.0552 15.0 65.0
0.0 195.0 0.0552 15.0 65.0
0.0 195.0 0.0553 0.0 66.0
1.5 197.59808 0.0553 0.0 66.0
0.0 195.0 0.0554 14.0 66.0
0.0 198.0 0.0554 14.0 66.0
0.0 198.0 0.0555 1.0 67.0
-1.5 200.59808 0.0555 1.0 67.0
-1.5 200.59808 0.0556 0.0 68.0
-1.5 203.59808 0.0556 0.0 68.0
-1.5 200.59808 0.0557 0.0 68.0
-3.0 203.19617 0.0557 0.0 68.0
-3.0 203.19617 0.0558 0.0 69.0
-3.0 206.19617 0.0558 0.0 69.0
-3.0 203.19617 0.0559 0.0 69.0
-4.5 205.79425 0.0559 0.0 69.0
0.0 198.0 0.0560 13.0 67.0
0.0 201.0 0.0560 13.0 67.0
0.0 201.0 0.0561 0.0 68.0
1.5 203.59808 0.0561 0.0 68.0
0.0 201.0 0.0562 12.0 68.0
0.0 204.0 0.0562 12.0 68.0
0.0 204.0 0.0563 0.0 69.0
1.5 206.59808 0.0563 0.0 69.0
0.0 204.0 0.0564 11.0 69.0
0.0 207.0 0.0564 11.0 69.0
0.0 207.0 0.0565 1.0 70.0
1.5 209.59808 0.0565 1.0 70.0
1.5 209.59808 0.0566 0.0 71.0
4.0980763 211.09808 0.0566 0.0 71.0
1.5 209.59808 0.0567 0.0 71.0
3.0 212.19617 0.0567 0.0 71.0
3.0 212.19617 0.0568 0.0 72.0
5.5980763 213.69617 0.0568 0.0 72.0
3.0 212.19617 0.0569 0.0 72.0
4.5 214.79425 0.0569 0.0 72.0
0.0 207.0 0.0570 10.0 70.0
0.0 210.0 0.0570 10.0 70.0
0.0 210.0 0.0571 0.0 71.0
1.5 212.59808 0.0571 0.0 71.0
0.0 210.0 0.0572 9.0 71.0
0.0 213.0 0.0572 9.0 71.0
0.0 213.0 0.0573 0.0 72.0
1.5 215.59808 0.0573 0.0 72.0
0.0 213.0 0.0574 8.0 72.0
0.0 216.0 0.0574 8.0 72.0
0.0 216.0 0.0575 7.0 73.0
1.5 218.59808 0.0575 7.0 73.0
1.5 218.59808 0.0576 0.0 74.0
4.0980763 220.09808 0.0576 0.0 74.0
1.5 218.59808 0.0577 6.0 74.0
3.0 221.19617 0.0577 6.0 74.0
3.0 221.19617 0.0578 0.0 75.0
5.5980763 222.69617 0.0578 0.0 75.0
3.0 221.19617 0.0579 5.0 75.0
4.5 223.79425 0.0579 5.0 75.0
4.5 223.79425 0.0580 1.0 76.0
4.5 226.79425 0.0580 1.0 76.0
4.5 226.79425 0.0581 0.0 77.0
6.0 229.39233 0.0581 0.0 77.0
4.5 226.79425 0.0582 0.0 77.0
4.5 229.79425 0.0582 0.0 77.0
4.5 229.79425 0.0583 0.0 78.0
6.0 232.39233 0.0583 0.0 78.0
4.5 229.79425 0.0584 0.0 78.0
4.5 232.79425 0.0584 0.0 78.0
4.5 223.79425 0.0585 4.0 76.0
6.0 226.39233 0.0585 4.0 76.0
6.0 226.39233 0.0586 0.0 77.0
8.598076 227.89233 0.0586 0.0 77.0
6.0 226.39233 0.0587 3.0 77.0
7.5 228.99042 0.0587 3.0 77.0
7.5 228.99042 0.0588 0.0 78.0
10.098076 230.49042 0.0588 0.0 78.0
7.5 228.99042 0.0589 2.0 78.0
9.0 231.5885 0.0589 2.0 78.0
9.0 231.5885 0.0590 1.0 79.0
11.598076 233.0885 0.0590 1.0 79.0
11.598076 233.0885 0.0591 0.0 80.0
14.598076 233.0885 0.0591 0.0 80.0
11.598076 233.0885 0.0592 0.0 80.0
14.196152 234.5885 0.0592 0.0 80.0
14.196152 234.5885 0.0593 0.0 81.0
17.196152 234.5885 0.0593 0.0 81.0
14.196152 234.5885 0.0594 0.0 81.0
16.794228 236.0885 0.0594 0.0 81.0
9.0 231.5885 0.0595 1.0 79.0
10.5 234.18658 0.0595 1.0 79.0
10.5 234.18658 0.0596 0.0 80.0
13.098076 235.68658 0.0596 0.0 80.0
10.5 234.18658 0.0597 0.0 80.0
12.0 236.78467 0.0597 0.0 80.0
12.0 236.78467 0.0598 0.0 81.0
14.598076 238.28467 0.0598 0.0 81.0
12.0 236.78467 0.0599 0.0 81.0
13.5 239.38275 0.0599 0.0 81.0
0.0 216.0 0.0600 7.0 73.0
0.0 219.0 0.0600 7.0 73.0
0.0 219.0 0.0601 0.0 74.0
1.5 221.59808 0.0601 0.0 74.0
0.0 219.0 0.0602 6.0 74.0
0.0 222.0 0.0602 6.0 74.0
0.0 222.0 0.0603 0.0 75.0
1.5 224.59808 0.0603 0.0 75.0
0.0 222.0 0.0604 5.0 75.0
0.0 225.0 0.0604 5.0 75.0
0.0 225.0 0.0605 1.0 76.0
-1.5 227.59808 0.0605 1.0 76.0
-1.5 227.59808 0.0606 0.0 77.0
-1.5 230.59808 0.0606 0.0 77.0
-1.5 227.59808 0.0607 0.0 77.0
-3.0 230.19617 0.0607 0.0 77.0
-3.0 230.19617 0.0608 0.0 78.0
-3.0 233.19617 0.0608 0.0 78.0
-3.0 230.19617 0.0609 0.0 78.0
-4.5 232.79425 0.0609 0.0 78.0
0.0 225.0 0.0610 4.0 76.0
0.0 228.0 0.0610 4.0 76.0
0.0 228.0 0.0611 0.0 77.0
1.5 230.59808 0.0611 0.0 77.0
0.0 228.0 0.0612 3.0 77.0
0.0 231.0 0.0612 3.0 77.0
0.0 231.0 0.0613 0.0 78.0
1.5 233.59808 0.0613 0.0 78.0
0.0 231.0 0.0614 2.0 78.0
0.0 234.0 0.0614 2.0 78.0
0.0 234.0 0.0615 1.0 79.0
1.5 236.59808 0.0615 1.0 79.0
1.5 236.59808 0.0616 0.0 80.0
4.0980763 238.09808 0.0616 0.0 80.0
1.5 236.59808 0.0617 0.0 80.0
3.0 239.19617 0.0617 0.0 80.0
3.0 239.19617 0.0618 0.0 81.0
5.5980763 240.69617 0.0618 0.0 81.0
3.0 239.19617 0.0619 0.0 81.0
4.5 241.79425 0.0619 0.0 81.0
0.0 234.0 0.0620 1.0 79.0
0.0 237.0 0.0620 1.0 79.0
0.0 237.0 0.0621 0.0 80.0
1.5 239.59808 0.0621 0.0 80.0
0.0 237.0 0.0622 0.0 80.0
0.0 240.0 0.0622 0.0 80.0
0.0 240.0 0.0623 0.0 81.0
1.5 242.59808 0.0623 0.0 81.0
0.0 240.0 0.0624 0.0 81.0
0.0 243.0 0.0624 0.0 81.0
