0.0 0.0 0.0
0.0 3.0 0.0
0.0 3.0 0.0
-1.5919214 5.7849617 0.0
0.0 3.0 0.0
0.0 6.0 0.0
0.0 6.0 0.0
2.3878822 8.677443 0.0
0.0 6.0 0.0
0.0 9.0 0.0
0.0 6.0 0.0
-2.3878822 8.677443 0.0
-2.3878822 8.677443 0.0
-7.737279 8.983686 1.2216944
-2.3878822 8.677443 0.0
-5.3180494 10.648079 0.6335535
-5.3180494 10.648079 0.6335535
-5.3180494 13.648079 0.6335535
-5.3180494 10.648079 0.6335535
-8.402727 11.843119 2.0218334
0.0 6.0 0.0
0.0 9.0 0.0
0.0 9.0 0.0
-3.183843 11.569923 0.0
0.0 9.0 0.0
0.0 12.0 0.0
0.0 12.0 0.0
3.9798036 14.462405 0.0
0.0 12.0 0.0
0.0 15.0 0.0
0.0 12.0 0.0
3.9798036 14.462405 0.0
3.9798036 14.462405 0.0
3.9798036 17.462406 0.0
3.9798036 14.462405 0.0
8.332775 15.8184805 1.0559224
8.332775 15.8184805 1.0559224
15.3153925 12.782413 5.170495
8.332775 15.8184805 1.0559224
12.468998 16.086748 3.2289324
0.0 12.0 0.0
0.0 15.0 0.0
0.0 15.0 0.0
-4.7757645 17.354885 0.0
0.0 15.0 0.0
0.0 18.0 0.0
0.0 18.0 0.0
5.571725 20.247366 0.0
0.0 18.0 0.0
0.0 21.0 0.0
