0.0 0.0 0.0
0.0 3.0 0.0
0.0 3.0 0.0
0.0 6.0 0.0
0.0 6.0 0.0
8.999248 -0.11637391 0.0
8.999248 -0.11637391 0.0
6.4936132 -2.4734418 6.404438
6.4936132 -2.4734418 6.404438
6.4936132 0.52655816 6.404438
0.0 6.0 0.0
-6.4049735 6.322683 0.0
-6.4049735 6.322683 0.0
-6.4049735 9.322683 0.0
-6.4049735 9.322683 0.0
5.6085296 11.859155 -4.5581875
0.0 6.0 0.0
0.0 9.0 0.0
0.0 9.0 0.0
0.0 12.0 0.0
0.0 12.0 0.0
14.998746 -0.19395651 0.0
14.998746 -0.19395651 0.0
9.399363 -5.5274434 10.674064
9.399363 -5.5274434 10.674064
9.399363 -2.5274434 10.674064
0.0 12.0 0.0
-10.674955 10.537805 0.0
-10.674955 10.537805 0.0
-10.674955 13.537805 0.0
-10.674955 13.537805 0.0
6.500893 16.955175 -7.5969787
0.0 12.0 0.0
14.998746 -0.19395651 0.0
14.998746 -0.19395651 0.0
2.8083165 0.15764073 14.997492
2.8083165 0.15764073 14.997492
2.3371003 -3.2191515 -15.065097
2.3371003 -3.2191515 -15.065097
-6.46494 -5.9148035 12.477453
-6.46494 -5.9148035 12.477453
-2.754314 12.429468 -6.6257396
2.8083165 0.15764073 14.997492
-3.8649392 8.409975 12.534618
-3.8649392 8.409975 12.534618
11.57044 12.335013 -4.0266953
11.57044 12.335013 -4.0266953
14.628897 -7.206159 10.923307
2.8083165 0.15764073 14.997492
-3.8649392 8.409975 12.534618
-3.8649392 8.409975 12.534618
-0.054201126 16.296396 6.0552864
-0.054201126 16.296396 6.0552864
16.37462 -11.023541 -4.4015484
16.37462 -11.023541 -4.4015484
-8.077042 -4.085348 16.430166
-8.077042 -4.085348 16.430166
-12.973099 11.597013 5.7943864
-0.054201126 16.296396 6.0552864
-0.05419955 19.296396 6.0552864
-0.05419955 19.296396 6.0552864
12.813398 18.75756 4.2153897
12.813398 18.75756 4.2153897
21.812386 4.099018 12.757819
-0.054201126 16.296396 6.0552864
-0.05419955 19.296396 6.0552864
-0.05419955 19.296396 6.0552864
-0.054197617 22.296396 6.0552864
-0.054197617 22.296396 6.0552864
25.372564 5.726476 -0.13249129
25.372564 5.726476 -0.13249129
18.798798 -6.6217976 17.963657
18.798798 -6.6217976 17.963657
18.798796 -3.6217997 17.96366
-0.054197617 22.296396 6.0552864
-15.0018835 20.810928 4.2925324
-15.0018835 20.810928 4.2925324
-15.001882 23.81093 4.2925305
-15.001882 23.81093 4.2925305
9.5303335 28.509554 -7.6607065
0.0 12.0 0.0
-10.674955 10.537805 0.0
-10.674955 10.537805 0.0
-14.902826 4.173551 7.5969787
-14.902826 4.173551 7.5969787
-6.0480785 16.337961 -5.268769
-6.0480785 16.337961 -5.268769
-6.0480785 19.337961 -5.268769
-6.0480785 19.337961 -5.268769
-21.516218 10.000637 0.6027813
-14.902826 4.173551 7.5969787
-7.273667 7.695635 14.803348
-7.273667 7.695635 14.803348
-3.8004475 11.374752 15.576057
-3.8004475 11.374752 15.576057
-3.8004475 14.374752 15.576057
-14.902826 4.173551 7.5969787
-14.902826 7.173551 7.5969787
-14.902826 7.173551 7.5969787
-14.902826 10.173552 7.5969787
-14.902826 10.173552 7.5969787
13.268183 7.232685 -14.999812
13.268183 7.232685 -14.999812
21.32982 -7.041752 -1.0951891
21.32982 -7.041752 -1.0951891
21.32982 -4.041752 -1.0951891
-14.902826 10.173552 7.5969787
-12.93203 5.6515026 15.942833
-12.93203 5.6515026 15.942833
-12.93203 8.651503 15.942833
-12.93203 8.651503 15.942833
-6.061205 22.725384 1.9969072
-14.902826 10.173552 7.5969787
-1.7780962 20.553083 -5.268769
-1.7780962 20.553083 -5.268769
18.518488 14.767046 -4.9668236
18.518488 14.767046 -4.9668236
19.453972 -5.93932 16.417646
19.453972 -5.93932 16.417646
-2.72355 16.704437 19.240055
-2.72355 16.704437 19.240055
3.0595436 24.948849 11.578276
18.518488 14.767046 -4.9668236
18.518488 17.767046 -4.9668236
18.518488 17.767046 -4.9668236
26.401875 2.815277 9.689642
26.401875 2.815277 9.689642
5.9444857 9.9541855 26.274374
