0.0 0.0 0.0
0.0 3.0 0.0
0.0 3.0 0.0
-1.8312742 6.756214 0.0
0.0 3.0 0.0
0.0 6.0 0.0
0.0 6.0 0.0
2.616106 9.651735 0.0
0.0 6.0 0.0
0.0 10.0 0.0
0.0 6.0 0.0
-2.616106 9.651735 0.0
-2.616106 9.651735 0.0
-8.843051 10.642788 1.3211315
-2.616106 9.651735 0.0
-6.008498 12.515728 0.68440104
-6.008498 12.515728 0.68440104
-6.008498 16.515728 0.68440104
-6.008498 12.515728 0.68440104
-9.745154 14.470241 2.2324524
0.0 6.0 0.0
0.0 9.0 0.0
0.0 9.0 0.0
-3.4009378 12.5472555 0.0
0.0 9.0 0.0
0.0 12.0 0.0
0.0 12.0 0.0
4.1857696 15.442776 0.0
0.0 12.0 0.0
0.0 16.0 0.0
0.0 12.0 0.0
4.1857696 15.442776 0.0
4.1857696 15.442776 0.0
4.1857696 19.442776 0.0
4.1857696 15.442776 0.0
8.985731 17.708746 1.0950416
8.985731 17.708746 1.0950416
17.17975 15.099855 5.4829397
8.985731 17.708746 1.0950416
13.773487 18.758757 3.4076676
0.0 12.0 0.0
0.0 16.0 0.0
0.0 16.0 0.0
-5.232212 19.30347 0.0
0.0 16.0 0.0
0.0 20.0 0.0
0.0 20.0 0.0
6.278654 23.164164 0.0
0.0 20.0 0.0
0.0 24.0 0.0
