0.0 0.0 0.0
0.0 3.0 0.0
0.0 3.0 0.0
-3.4840932 4.884782 0.0
0.0 3.0 0.0
0.0 6.0 0.0
0.0 6.0 0.0
5.22614 7.3271728 0.0
0.0 6.0 0.0
0.0 9.0 0.0
0.0 6.0 0.0
-5.22614 7.3271728 0.0
-5.22614 7.3271728 0.0
-10.318469 1.7537197 4.9413257
-5.22614 7.3271728 0.0
-9.460733 5.937001 3.0347266
-9.460733 5.937001 3.0347266
-9.460733 8.937001 3.0347266
-9.460733 5.937001 3.0347266
-10.025538 3.8265977 7.964342
0.0 6.0 0.0
0.0 9.0 0.0
0.0 9.0 0.0
-6.9681864 9.769564 0.0
0.0 9.0 0.0
0.0 12.0 0.0
0.0 12.0 0.0
8.710234 12.211954 0.0
0.0 12.0 0.0
0.0 15.0 0.0
0.0 12.0 0.0
8.710234 12.211954 0.0
8.710234 12.211954 0.0
8.710234 15.211954 0.0
8.710234 12.211954 0.0
14.606525 8.266741 5.057878
14.606525 8.266741 5.057878
10.644224 3.6933227 15.457426
14.606525 8.266741 5.057878
13.832603 3.9728208 12.599522
0.0 12.0 0.0
0.0 15.0 0.0
0.0 15.0 0.0
-10.45228 14.6543455 0.0
0.0 15.0 0.0
0.0 18.0 0.0
0.0 18.0 0.0
12.194326 17.096737 0.0
0.0 18.0 0.0
0.0 21.0 0.0
