0.0 0.0 0.0
0.0 3.0 0.0
0.0 3.0 0.0
-2.86482 5.2718883 0.0
0.0 3.0 0.0
0.0 6.0 0.0
0.0 6.0 0.0
4.29723 7.907832 0.0
0.0 6.0 0.0
0.0 9.0 0.0
0.0 6.0 0.0
-4.29723 7.907832 0.0
-4.29723 7.907832 0.0
-10.424198 3.9727328 3.605617
-4.29723 7.907832 0.0
-8.52572 7.781337 2.051798
-8.52572 7.781337 2.051798
-8.52572 10.781337 2.051798
-8.52572 7.781337 2.051798
-10.869024 6.363986 5.8735833
0.0 6.0 0.0
0.0 9.0 0.0
0.0 9.0 0.0
-5.72964 10.5437765 0.0
0.0 9.0 0.0
0.0 12.0 0.0
0.0 12.0 0.0
7.16205 13.179721 0.0
0.0 12.0 0.0
0.0 15.0 0.0
0.0 12.0 0.0
7.16205 13.179721 0.0
7.16205 13.179721 0.0
7.16205 16.179722 0.0
7.16205 13.179721 0.0
13.254594 11.2116 3.4196637
13.254594 11.2116 3.4196637
14.286467 4.0887313 12.981799
13.254594 11.2116 3.4196637
15.583811 7.7059274 9.333351
0.0 12.0 0.0
0.0 15.0 0.0
0.0 15.0 0.0
-8.59446 15.815664 0.0
0.0 15.0 0.0
0.0 18.0 0.0
0.0 18.0 0.0
10.02687 18.451609 0.0
0.0 18.0 0.0
0.0 21.0 0.0
