0.0 0.0 0.0
0.0 3.0 0.0
0.0 3.0 0.0
0.0 6.0 0.0
0.0 6.0 0.0
8.986736 0.48843443 0.0
8.986736 0.48843443 0.0
7.1360526 -1.9540002 6.179744
7.1360526 -1.9540002 6.179744
7.1360526 1.0459998 6.179744
0.0 6.0 0.0
-6.1888647 6.534367 0.0
-6.1888647 6.534367 0.0
-6.1888647 9.534367 0.0
-6.1888647 9.534367 0.0
5.3569098 12.190332 -4.255783
0.0 6.0 0.0
0.0 9.0 0.0
0.0 9.0 0.0
0.0 12.0 0.0
0.0 12.0 0.0
14.977894 0.81405735 0.0
14.977894 0.81405735 0.0
10.518118 -4.708749 10.299573
10.518118 -4.708749 10.299573
10.518118 -1.7087488 10.299573
0.0 12.0 0.0
-10.3147745 10.890612 0.0
-10.3147745 10.890612 0.0
-10.3147745 13.890612 0.0
-10.3147745 13.890612 0.0
6.177576 17.41306 -7.0929713
0.0 12.0 0.0
14.977894 0.81405735 0.0
14.977894 0.81405735 0.0
3.8525505 -0.6046689 14.95582
3.8525505 -0.6046689 14.95582
5.6782837 -1.7904599 -14.450179
5.6782837 -1.7904599 -14.450179
-3.8287146 -6.3780947 13.6811695
-3.8287146 -6.3780947 13.6811695
-4.1257806 13.665023 -3.08059
3.8525505 -0.6046689 14.95582
-3.7889214 6.8877535 13.507748
-3.7889214 6.8877535 13.507748
9.130032 14.209898 -3.0502672
9.130032 14.209898 -3.0502672
15.438685 -8.406742 8.933973
3.8525505 -0.6046689 14.95582
-3.7889214 6.8877535 13.507748
-3.7889214 6.8877535 13.507748
-1.9418645 15.45792 7.2017164
-1.9418645 15.45792 7.2017164
16.810005 -8.719888 -6.1414714
16.810005 -8.719888 -6.1414714
-5.329139 -7.344744 16.451933
-5.329139 -7.344744 16.451933
-14.010692 7.2857227 8.280182
-1.9418645 15.45792 7.2017164
-1.9418632 18.45792 7.2017164
-1.9418632 18.45792 7.2017164
10.1364 19.954262 3.8934138
10.1364 19.954262 3.8934138
22.739302 4.5783873 10.332759
-1.9418645 15.45792 7.2017164
-1.9418632 18.45792 7.2017164
-1.9418632 18.45792 7.2017164
-1.9418615 21.45792 7.2017164
-1.9418615 21.45792 7.2017164
24.025892 8.613076 -1.54816
24.025892 8.613076 -1.54816
21.423582 -4.295747 15.397419
21.423582 -4.295747 15.397419
21.42358 -1.2957493 15.397422
-1.9418615 21.45792 7.2017164
-14.246598 20.193386 6.564065
-14.246598 20.193386 6.564065
-14.246596 23.193388 6.564063
-14.246596 23.193388 6.564063
7.2248526 29.23418 -5.0309186
0.0 12.0 0.0
-10.3147745 10.890612 0.0
-10.3147745 10.890612 0.0
-14.989182 4.9353642 7.0929713
-14.989182 4.9353642 7.0929713
-5.98582 16.59896 -5.1575494
-5.98582 16.59896 -5.1575494
-5.98582 19.59896 -5.1575494
-5.98582 19.59896 -5.1575494
-21.270523 10.980444 0.37156773
-14.989182 4.9353642 7.0929713
-7.5834455 6.690465 15.352032
-7.5834455 6.690465 15.352032
-2.9964619 10.508972 16.36097
-2.9964619 10.508972 16.36097
-2.9964619 13.508972 16.36097
-14.989182 4.9353642 7.0929713
-14.989182 7.9353642 7.0929713
-14.989182 7.9353642 7.0929713
-14.989182 10.935364 7.0929713
-14.989182 10.935364 7.0929713
13.486308 8.640631 -14.582153
13.486308 8.640631 -14.582153
22.394138 -5.1770306 -1.3133564
22.394138 -5.1770306 -1.3133564
22.394138 -2.1770306 -1.3133564
-14.989182 10.935364 7.0929713
-13.942743 5.9881124 15.457123
-13.942743 5.9881124 15.457123
-13.942743 8.988112 15.457123
-13.942743 8.988112 15.457123
-6.8232384 22.974087 1.6347513
-14.989182 10.935364 7.0929713
-1.85991 20.955206 -5.1575494
-1.85991 20.955206 -5.1575494
18.067387 15.882217 -5.0235615
18.067387 15.882217 -5.0235615
19.483875 -6.2262564 17.024015
19.483875 -6.2262564 17.024015
-4.0866547 15.742946 20.379063
-4.0866547 15.742946 20.379063
0.559886 25.285 11.985834
18.067387 15.882217 -5.0235615
18.067387 18.882217 -5.0235615
18.067387 18.882217 -5.0235615
27.079378 4.491537 8.776757
27.079378 4.491537 8.776757
7.0846357 7.690031 27.515789
