0.0 0.0 0.0
0.0 3.0 0.0
0.0 3.0 0.0
-2.6018107 6.498506 0.0
0.0 3.0 0.0
0.0 6.0 0.0
0.0 6.0 0.0
3.7168722 9.28358 0.0
0.0 6.0 0.0
0.0 9.0 0.0
0.0 9.0 0.0
-4.831934 12.068654 0.0
-4.831934 12.068654 0.0
-13.619926 9.215597 3.3346026
-4.831934 12.068654 0.0
-10.136909 13.250162 1.7959682
-10.136909 13.250162 1.7959682
-10.136909 17.250162 1.7959682
-10.136909 13.250162 1.7959682
-14.528431 12.764612 5.435061
0.0 9.0 0.0
0.0 12.0 0.0
0.0 12.0 0.0
-5.9469957 14.853728 0.0
0.0 12.0 0.0
0.0 15.0 0.0
0.0 15.0 0.0
7.0620575 17.638802 0.0
0.0 15.0 0.0
0.0 18.0 0.0
0.0 18.0 0.0
8.177119 20.423876 0.0
8.177119 20.423876 0.0
8.177119 24.423876 0.0
8.177119 20.423876 0.0
16.125483 19.852514 3.0393307
16.125483 19.852514 3.0393307
23.38861 10.655869 13.328034
16.125483 19.852514 3.0393307
21.714651 16.999321 8.815224
0.0 18.0 0.0
0.0 21.0 0.0
0.0 21.0 0.0
-9.292181 23.20895 0.0
0.0 21.0 0.0
0.0 24.0 0.0
0.0 24.0 0.0
10.407243 25.994024 0.0
0.0 24.0 0.0
0.0 27.0 0.0
