0.0 0.0 0.0
0.0 3.0 0.0
0.0 3.0 0.0
-5.5268474 5.78394 0.0
0.0 3.0 0.0
0.0 6.0 0.0
0.0 6.0 0.0
7.5994153 7.952917 0.0
0.0 6.0 0.0
0.0 9.0 0.0
0.0 9.0 0.0
-9.671983 10.121895 0.0
-9.671983 10.121895 0.0
-15.126245 0.2480771 9.661994
-9.671983 10.121895 0.0
-15.502771 6.102019 6.6819468
-15.502771 6.102019 6.6819468
-15.502771 11.102018 6.6819468
-15.502771 6.102019 6.6819468
-12.435951 3.4724674 15.541179
0.0 9.0 0.0
0.0 12.0 0.0
0.0 12.0 0.0
-11.744551 12.290873 0.0
0.0 12.0 0.0
0.0 15.0 0.0
0.0 15.0 0.0
13.817119 14.459849 0.0
0.0 15.0 0.0
0.0 18.0 0.0
0.0 18.0 0.0
15.889687 16.628826 0.0
15.889687 16.628826 0.0
15.889687 21.628826 0.0
15.889687 16.628826 0.0
23.24823 7.7008405 10.977484
23.24823 7.7008405 10.977484
12.237458 10.476679 23.722996
23.24823 7.7008405 10.977484
15.443649 2.8098545 23.997816
0.0 18.0 0.0
0.0 21.0 0.0
0.0 21.0 0.0
-17.962254 18.797804 0.0
0.0 21.0 0.0
0.0 24.0 0.0
0.0 24.0 0.0
20.034822 20.966782 0.0
0.0 24.0 0.0
0.0 27.0 0.0
