0.0 0.0 0.0
0.0 3.0 0.0
0.0 3.0 0.0
0.0 6.0 0.0
0.0 6.0 0.0
9.98583 -0.53214717 0.0
9.98583 -0.53214717 0.0
7.243761 -2.5998354 7.2464895
7.243761 -2.5998354 7.2464895
7.243761 1.4001646 7.2464895
0.0 6.0 0.0
-7.256772 6.880354 0.0
-7.256772 6.880354 0.0
-7.256772 10.880354 0.0
-7.256772 10.880354 0.0
7.3630304 13.861455 -5.266074
0.0 6.0 0.0
0.0 9.0 0.0
0.0 9.0 0.0
0.0 12.0 0.0
0.0 12.0 0.0
15.977329 -0.8514355 0.0
15.977329 -0.8514355 0.0
9.8483925 -5.811022 11.594383
9.8483925 -5.811022 11.594383
9.8483925 -1.8110218 11.594383
0.0 12.0 0.0
-11.610835 11.008566 0.0
-11.610835 11.008566 0.0
-11.610835 15.008566 0.0
-11.610835 15.008566 0.0
8.297598 18.875757 -8.425718
0.0 12.0 0.0
15.977329 -0.8514355 0.0
15.977329 -0.8514355 0.0
3.189348 0.6814744 15.954691
3.189348 0.6814744 15.954691
0.9697436 -4.8117895 -16.203289
0.9697436 -4.8117895 -16.203289
-7.96294 -5.7164636 12.963781
-7.96294 -5.7164636 12.963781
-1.0476959 12.595266 -8.64152
3.189348 0.6814744 15.954691
-3.0589893 10.03046 13.291829
-3.0589893 10.03046 13.291829
14.708235 12.345013 -3.761974
14.708235 12.345013 -3.761974
17.265503 -6.7641644 12.401314
3.189348 0.6814744 15.954691
-3.0589893 10.03046 13.291829
-3.0589893 10.03046 13.291829
2.096982 18.180355 6.925411
2.096982 18.180355 6.925411
19.01659 -12.937934 -3.912281
19.01659 -12.937934 -3.912281
-9.079313 -2.415047 19.197836
-9.079313 -2.415047 19.197836
-12.733234 15.733446 6.6201425
2.096982 18.180355 6.925411
2.09698 22.180355 6.9254107
2.09698 22.180355 6.9254107
16.53338 20.612978 6.2866583
16.53338 20.612978 6.2866583
24.958992 5.837656 16.175413
2.096982 18.180355 6.925411
2.09698 22.180355 6.9254107
2.09698 22.180355 6.9254107
2.0969777 26.180355 6.9254103
2.0969777 26.180355 6.9254103
30.511541 5.411195 1.7254736
30.511541 5.411195 1.7254736
20.411917 -7.8502717 23.328712
20.411917 -7.8502717 23.328712
20.411919 -3.8502693 23.32871
2.0969777 26.180355 6.9254103
-17.450705 25.459126 3.2431974
-17.450705 25.459126 3.2431974
-17.450708 29.459124 3.2431996
-17.450708 29.459124 3.2431996
14.400177 33.441944 -10.432142
0.0 12.0 0.0
-11.610835 11.008566 0.0
-11.610835 11.008566 0.0
-16.387857 4.5292325 8.425718
-16.387857 4.5292325 8.425718
-5.7753134 18.48778 -6.095102
-5.7753134 18.48778 -6.095102
-5.7753134 22.48778 -6.095102
-5.7753134 22.48778 -6.095102
-24.9988 12.131239 -0.002632141
-16.387857 4.5292325 8.425718
-9.0112915 8.818817 15.9162655
-9.0112915 8.818817 15.9162655
-5.6213455 12.702161 17.490242
-5.6213455 12.702161 17.490242
-5.6213455 16.70216 17.490242
-16.387857 4.5292325 8.425718
-16.387857 8.529232 8.425718
-16.387857 8.529232 8.425718
-16.387857 12.529232 8.425718
-16.387857 12.529232 8.425718
16.90714 6.6514196 -16.81301
16.90714 6.6514196 -16.81301
24.127802 -9.966892 0.70118046
24.127802 -9.966892 0.70118046
24.127802 -5.9668922 0.70118046
-16.387857 12.529232 8.425718
-15.545888 7.6274223 17.689486
-15.545888 7.6274223 17.689486
-15.545888 11.627422 17.689486
-15.545888 11.627422 17.689486
-4.851057 27.829563 0.88969517
-16.387857 12.529232 8.425718
0.030103683 23.992062 -6.095102
0.030103683 23.992062 -6.095102
23.370684 16.034773 -4.1718
23.370684 16.034773 -4.1718
24.475868 -5.469268 18.33041
24.475868 -5.469268 18.33041
-0.42381215 19.657316 23.465742
-0.42381215 19.657316 23.465742
5.250696 28.845905 15.837711
23.370684 16.034773 -4.1718
23.370684 20.034773 -4.1718
23.370684 20.034773 -4.1718
30.58794 2.6710873 14.089226
30.58794 2.6710873 14.089226
7.496946 15.31975 29.794846
