0.0 0.0 0.0
0.0 3.0 0.0
0.0 3.0 0.0
-2.1284394 6.668564 0.0
0.0 3.0 0.0
0.0 6.0 0.0
0.0 6.0 0.0
3.040628 9.52652 0.0
0.0 6.0 0.0
0.0 9.0 0.0
0.0 9.0 0.0
-3.9528162 12.384476 0.0
-3.9528162 12.384476 0.0
-12.118202 11.488296 2.289993
-3.9528162 12.384476 0.0
-8.569271 14.463707 1.2019043
-8.569271 14.463707 1.2019043
-8.569271 18.463707 1.2019043
-8.569271 14.463707 1.2019043
-13.042982 15.218382 3.7505927
0.0 9.0 0.0
0.0 12.0 0.0
0.0 12.0 0.0
-4.8650045 15.242432 0.0
0.0 12.0 0.0
0.0 15.0 0.0
0.0 15.0 0.0
5.777193 18.100388 0.0
0.0 15.0 0.0
0.0 18.0 0.0
0.0 18.0 0.0
6.689381 20.958344 0.0
6.689381 20.958344 0.0
6.689381 24.958344 0.0
6.689381 20.958344 0.0
13.659822 21.838928 2.0339918
13.659822 21.838928 2.0339918
23.084087 15.293467 9.571463
13.659822 21.838928 2.0339918
19.664392 20.84677 6.0911303
0.0 18.0 0.0
0.0 21.0 0.0
0.0 21.0 0.0
-7.6015697 23.8163 0.0
0.0 21.0 0.0
0.0 24.0 0.0
0.0 24.0 0.0
8.513758 26.674255 0.0
0.0 24.0 0.0
0.0 27.0 0.0
