0.0 0.0 0.0
0.0 3.0 0.0
0.0 3.0 0.0
-4.6059895 5.2711344 0.0
0.0 3.0 0.0
0.0 6.0 0.0
0.0 6.0 0.0
6.579985 7.5301924 0.0
0.0 6.0 0.0
0.0 10.0 0.0
0.0 6.0 0.0
-6.579985 7.5301924 0.0
-6.579985 7.5301924 0.0
-11.544372 0.67166907 6.520575
-6.579985 7.5301924 0.0
-11.31795 5.4221687 4.3296204
-11.31795 5.4221687 4.3296204
-11.31795 9.422169 4.3296204
-11.31795 5.4221687 4.3296204
-10.472216 3.3617551 10.707481
0.0 6.0 0.0
0.0 9.0 0.0
0.0 9.0 0.0
-8.553981 9.789249 0.0
0.0 9.0 0.0
0.0 12.0 0.0
0.0 12.0 0.0
10.527976 12.048307 0.0
0.0 12.0 0.0
0.0 16.0 0.0
0.0 12.0 0.0
10.527976 12.048307 0.0
10.527976 12.048307 0.0
10.527976 16.048307 0.0
10.527976 12.048307 0.0
16.529524 6.8682237 6.9273925
16.529524 6.8682237 6.9273925
10.146825 6.06383 17.309076
16.529524 6.8682237 6.9273925
13.091719 2.9931393 16.092861
0.0 12.0 0.0
0.0 16.0 0.0
0.0 16.0 0.0
-13.15997 15.060385 0.0
0.0 16.0 0.0
0.0 20.0 0.0
0.0 20.0 0.0
15.791964 18.07246 0.0
0.0 20.0 0.0
0.0 24.0 0.0
