0.0 0.0 0.0
0.0 3.0 0.0
0.0 3.0 0.0
-2.2044313 7.690285 0.0
0.0 3.0 0.0
0.0 6.0 0.0
0.0 6.0 0.0
3.0310931 10.574142 0.0
0.0 6.0 0.0
0.0 9.0 0.0
0.0 9.0 0.0
-3.8577547 13.457999 0.0
-3.8577547 13.457999 0.0
-12.553575 13.9216 2.0437303
-3.8577547 13.457999 0.0
-8.65101 16.721544 1.0630194
-8.65101 16.721544 1.0630194
-8.65101 21.721544 1.0630194
-8.65101 16.721544 1.0630194
-13.698017 18.669792 3.405685
0.0 9.0 0.0
0.0 12.0 0.0
0.0 12.0 0.0
-4.6844163 16.341856 0.0
0.0 12.0 0.0
0.0 15.0 0.0
0.0 15.0 0.0
5.5110784 19.225714 0.0
0.0 15.0 0.0
0.0 18.0 0.0
0.0 18.0 0.0
6.33774 22.10957 0.0
6.33774 22.10957 0.0
6.33774 27.10957 0.0
6.33774 22.10957 0.0
13.326664 24.38126 1.746389
13.326664 24.38126 1.746389
24.367104 19.421616 8.541276
13.326664 24.38126 1.746389
19.9483 24.84634 5.350993
0.0 18.0 0.0
0.0 21.0 0.0
0.0 21.0 0.0
-7.1644015 24.993427 0.0
0.0 21.0 0.0
0.0 24.0 0.0
0.0 24.0 0.0
7.9910636 27.877283 0.0
0.0 24.0 0.0
0.0 27.0 0.0
