0.0 0.0 0.0
0.0 3.0 0.0
0.0 3.0 0.0
-4.6450853 3.7977862 0.0
0.0 3.0 0.0
0.0 6.0 0.0
0.0 6.0 0.0
6.967628 5.696679 0.0
0.0 6.0 0.0
0.0 9.0 0.0
0.0 6.0 0.0
-6.967628 5.696679 0.0
-6.967628 5.696679 0.0
-8.798376 -0.37119436 6.8286786
-6.967628 5.696679 0.0
-9.524341 2.0903492 5.3942046
-9.524341 2.0903492 5.3942046
-9.524341 5.090349 5.3942046
-9.524341 2.0903492 5.3942046
-5.1134033 1.7878566 10.787902
0.0 6.0 0.0
0.0 9.0 0.0
0.0 9.0 0.0
-9.290171 7.5955725 0.0
0.0 9.0 0.0
0.0 12.0 0.0
0.0 12.0 0.0
11.612713 9.494466 0.0
0.0 12.0 0.0
0.0 15.0 0.0
0.0 12.0 0.0
11.612713 9.494466 0.0
11.612713 9.494466 0.0
11.612713 12.494466 0.0
11.612713 9.494466 0.0
14.325539 2.2179866 8.99034
14.325539 2.2179866 8.99034
7.430458 10.388356 12.253366
14.325539 2.2179866 8.99034
5.3735785 1.6712865 16.781124
0.0 12.0 0.0
0.0 15.0 0.0
0.0 15.0 0.0
-13.935256 11.393358 0.0
0.0 15.0 0.0
0.0 18.0 0.0
0.0 18.0 0.0
16.2578 13.292252 0.0
0.0 18.0 0.0
0.0 21.0 0.0
