0.0 0.0 0.0
0.0 3.0 0.0
0.0 3.0 0.0
-3.498651 4.874366 0.0
0.0 3.0 0.0
0.0 6.0 0.0
0.0 6.0 0.0
5.2479763 7.3115487 0.0
0.0 6.0 0.0
0.0 9.0 0.0
0.0 9.0 0.0
-6.997302 9.748732 0.0
-6.997302 9.748732 0.0
-12.79489 1.957984 6.62944
-6.997302 9.748732 0.0
-12.052005 7.0422773 4.0801864
-12.052005 7.0422773 4.0801864
-12.052005 10.042277 4.0801864
-12.052005 7.0422773 4.0801864
-11.877032 3.836412 10.342346
0.0 9.0 0.0
0.0 12.0 0.0
0.0 12.0 0.0
-8.746627 12.185915 0.0
0.0 12.0 0.0
0.0 15.0 0.0
0.0 15.0 0.0
10.495953 14.623097 0.0
0.0 15.0 0.0
0.0 18.0 0.0
0.0 18.0 0.0
12.245278 17.06028 0.0
12.245278 17.06028 0.0
12.245278 20.06028 0.0
12.245278 17.06028 0.0
19.779013 10.496098 7.1403255
19.779013 10.496098 7.1403255
12.646986 4.73167 21.023874
19.779013 10.496098 7.1403255
17.54106 4.022379 17.33407
0.0 18.0 0.0
0.0 21.0 0.0
0.0 21.0 0.0
-13.994604 19.497463 0.0
0.0 21.0 0.0
0.0 24.0 0.0
0.0 24.0 0.0
15.743929 21.934647 0.0
0.0 24.0 0.0
0.0 27.0 0.0
