0.0 0.0 0.0
0.0 3.0 0.0
0.0 3.0 0.0
-3.9438882 5.78323 0.0
0.0 3.0 0.0
0.0 6.0 0.0
0.0 6.0 0.0
5.634126 8.261757 0.0
0.0 6.0 0.0
0.0 10.0 0.0
0.0 6.0 0.0
-5.634126 8.261757 0.0
-5.634126 8.261757 0.0
-12.166302 2.5620012 5.2451215
-5.634126 8.261757 0.0
-10.754093 7.507805 3.1743376
-10.754093 7.507805 3.1743376
-10.754093 11.507805 3.1743376
-10.754093 7.507805 3.1743376
-12.34644 5.5093184 8.681552
0.0 6.0 0.0
0.0 9.0 0.0
0.0 9.0 0.0
-7.3243637 10.740284 0.0
0.0 9.0 0.0
0.0 12.0 0.0
0.0 12.0 0.0
9.014602 13.218811 0.0
0.0 12.0 0.0
0.0 16.0 0.0
0.0 12.0 0.0
9.014602 13.218811 0.0
9.014602 13.218811 0.0
9.014602 17.218811 0.0
9.014602 13.218811 0.0
15.854358 10.029667 5.0789404
15.854358 10.029667 5.0789404
13.448283 4.135248 16.61419
15.854358 10.029667 5.0789404
16.362007 5.8233457 13.128641
0.0 12.0 0.0
0.0 16.0 0.0
0.0 16.0 0.0
-11.268252 16.523514 0.0
0.0 16.0 0.0
0.0 20.0 0.0
0.0 20.0 0.0
13.521902 19.828217 0.0
0.0 20.0 0.0
0.0 24.0 0.0
