0.0 0.0 0.0
0.0 3.0 0.0
0.0 3.0 0.0
0.0 6.0 0.0
0.0 6.0 0.0
10.865937 1.7121363 0.0
10.865937 1.7121363 0.0
10.639816 -0.2645402 7.0601473
10.639816 -0.2645402 7.0601473
10.639816 4.73546 7.0601473
0.0 6.0 0.0
-7.1472545 8.361624 0.0
-7.1472545 8.361624 0.0
-7.1472545 13.361624 0.0
-7.1472545 13.361624 0.0
7.800615 17.487617 -4.6439314
0.0 6.0 0.0
0.0 9.0 0.0
0.0 9.0 0.0
0.0 12.0 0.0
0.0 12.0 0.0
16.792812 2.6460288 0.0
16.792812 2.6460288 0.0
14.671306 -2.481964 10.911137
14.671306 -2.481964 10.911137
14.671306 2.518036 10.911137
0.0 12.0 0.0
-11.045757 12.922508 0.0
-11.045757 12.922508 0.0
-11.045757 17.922508 0.0
-11.045757 17.922508 0.0
8.511402 22.880056 -7.1769853
0.0 12.0 0.0
16.792812 2.6460288 0.0
16.792812 2.6460288 0.0
7.959674 -1.3918298 16.58815
7.959674 -1.3918298 16.58815
13.170304 0.46423936 -13.336775
13.170304 0.46423936 -13.336775
2.3164015 -6.6676674 18.203321
2.3164015 -6.6676674 18.203321
-4.3900175 17.146597 5.1214943
7.959674 -1.3918298 16.58815
-1.2492869 5.814522 17.781242
-1.2492869 5.814522 17.781242
7.9185553 19.225813 1.5335671
7.9185553 19.225813 1.5335671
23.495049 -8.037304 5.94389
7.959674 -1.3918298 16.58815
-1.2492869 5.814522 17.781242
-1.2492869 5.814522 17.781242
-2.477394 16.344471 12.704643
-2.477394 16.344471 12.704643
23.173683 -3.056489 -8.761858
23.173683 -3.056489 -8.761858
3.8283935 -11.810078 21.527481
3.8283935 -11.810078 21.527481
-12.845268 2.0208464 18.851562
-2.477394 16.344471 12.704643
-2.477394 21.344471 12.704643
-2.477394 21.344471 12.704643
9.41093 26.612877 8.047716
9.41093 26.612877 8.047716
30.218239 11.326305 10.54885
-2.477394 16.344471 12.704643
-2.477394 21.344471 12.704643
-2.477394 21.344471 12.704643
-2.477394 26.344471 12.704643
-2.477394 26.344471 12.704643
28.94908 17.656485 -0.46973884
28.94908 17.656485 -0.46973884
31.68055 2.7258282 18.452606
31.68055 2.7258282 18.452606
31.68055 7.725828 18.452606
-2.477394 26.344471 12.704643
-15.52268 27.966413 11.267092
-15.52268 27.966413 11.267092
-15.52268 32.966415 11.267092
-15.52268 32.966415 11.267092
10.134425 41.283516 -1.5212154
0.0 12.0 0.0
-11.045757 12.922508 0.0
-11.045757 12.922508 0.0
-18.027664 8.168182 7.1769853
-18.027664 8.168182 7.1769853
-5.405548 21.943684 -6.257914
-5.405548 21.943684 -6.257914
-5.405548 26.943684 -6.257914
-5.405548 26.943684 -6.257914
-26.9697 18.970142 -1.2446809
-18.027664 8.168182 7.1769853
-12.340968 6.2809377 18.92504
-12.340968 6.2809377 18.92504
-5.113511 10.469586 22.404371
-5.113511 10.469586 22.404371
-5.113511 15.469586 22.404371
-18.027664 8.168182 7.1769853
-18.027664 13.168182 7.1769853
-18.027664 13.168182 7.1769853
-18.027664 18.168182 7.1769853
-18.027664 18.168182 7.1769853
21.345596 13.380997 -16.690863
21.345596 13.380997 -16.690863
32.520782 -3.6169271 1.1817913
32.520782 -3.6169271 1.1817913
32.520782 1.3830729 1.1817913
-18.027664 18.168182 7.1769853
-21.925602 11.737211 17.16905
-21.925602 11.737211 17.16905
-21.925602 16.737211 17.16905
-21.925602 16.737211 17.16905
-7.025284 34.601036 -1.195157
-18.027664 18.168182 7.1769853
1.0919561 29.545162 -6.257914
1.0919561 29.545162 -6.257914
26.167515 23.078157 -4.047439
26.167515 23.078157 -4.047439
29.2894 -5.965662 24.41404
29.2894 -5.965662 24.41404
-3.9980145 19.16897 32.73245
-3.9980145 19.16897 32.73245
-2.7731113 34.16547 22.28378
26.167515 23.078157 -4.047439
26.167515 28.078157 -4.047439
26.167515 28.078157 -4.047439
38.611828 10.511251 13.925703
38.611828 10.511251 13.925703
14.116537 10.066001 40.30876
