0.0 0.0 0.0
0.0 3.0 0.0
0.0 3.0 0.0
-4.331352 6.726023 0.0
0.0 3.0 0.0
0.0 6.0 0.0
0.0 6.0 0.0
5.9556093 9.2482815 0.0
0.0 6.0 0.0
0.0 9.0 0.0
0.0 9.0 0.0
-7.5798664 11.77054 0.0
-7.5798664 11.77054 0.0
-16.565357 4.083455 6.900705
-7.5798664 11.77054 0.0
-14.437835 10.6495285 4.1038837
-14.437835 10.6495285 4.1038837
-14.437835 15.6495285 4.1038837
-14.437835 10.6495285 4.1038837
-16.810474 7.78828 11.267271
0.0 9.0 0.0
0.0 12.0 0.0
0.0 12.0 0.0
-9.2041235 14.292799 0.0
0.0 12.0 0.0
0.0 15.0 0.0
0.0 15.0 0.0
10.828381 16.815058 0.0
0.0 15.0 0.0
0.0 18.0 0.0
0.0 18.0 0.0
12.452638 19.337317 0.0
12.452638 19.337317 0.0
12.452638 24.337317 0.0
12.452638 19.337317 0.0
21.979027 14.793234 6.742095
21.979027 14.793234 6.742095
19.242487 5.498474 22.799103
21.979027 14.793234 6.742095
23.18365 8.612715 17.568298
0.0 18.0 0.0
0.0 21.0 0.0
0.0 21.0 0.0
-14.076895 21.859575 0.0
0.0 21.0 0.0
0.0 24.0 0.0
0.0 24.0 0.0
15.701152 24.381834 0.0
0.0 24.0 0.0
0.0 27.0 0.0
