0.0 0.0 0.0
0.0 3.0 0.0
0.0 3.0 0.0
0.0 6.0 0.0
0.0 6.0 0.0
8.810163 -1.8387591 0.0
8.810163 -1.8387591 0.0
4.4062 -3.5797105 6.8365574
4.4062 -3.5797105 6.8365574
4.4062 -0.5797105 6.8365574
0.0 6.0 0.0
-6.983868 5.676758 0.0
-6.983868 5.676758 0.0
-6.983868 8.676758 0.0
-6.983868 8.676758 0.0
6.282484 10.783404 -5.419379
0.0 6.0 0.0
0.0 9.0 0.0
0.0 9.0 0.0
0.0 12.0 0.0
0.0 12.0 0.0
14.683604 -3.0645983 0.0
14.683604 -3.0645983 0.0
5.791696 -7.2276864 11.394262
5.791696 -7.2276864 11.394262
5.791696 -4.2276864 11.394262
0.0 12.0 0.0
-11.63978 9.461264 0.0
-11.63978 9.461264 0.0
-11.63978 12.461264 0.0
-11.63978 12.461264 0.0
7.366866 15.449337 -9.032299
0.0 12.0 0.0
14.683604 -3.0645983 0.0
14.683604 -3.0645983 0.0
0.54967505 2.9498763 14.373882
0.54967505 2.9498763 14.373882
-7.187677 -3.3549242 -13.393784
-7.187677 -3.3549242 -13.393784
-11.297932 -5.4359818 8.601683
-11.297932 -5.4359818 8.601683
-1.135877 6.480773 -12.817004
0.54967505 2.9498763 14.373882
-2.1996436 12.139129 9.49288
-2.1996436 12.139129 9.49288
16.62653 5.563692 -4.092703
16.62653 5.563692 -4.092703
15.386263 -1.691442 11.266342
0.54967505 2.9498763 14.373882
-2.1996436 12.139129 9.49288
-2.1996436 12.139129 9.49288
6.226297 16.341812 4.2807527
6.226297 16.341812 4.2807527
15.536568 -13.7447195 -0.9460852
15.536568 -13.7447195 -0.9460852
-10.058781 4.3958883 15.402146
-10.058781 4.3958883 15.402146
-5.801388 18.86272 1.9094529
6.226297 16.341812 4.2807527
6.226295 19.341812 4.2807517
6.226295 19.341812 4.2807517
17.718801 13.622308 7.531602
17.718801 13.622308 7.531602
18.517593 7.364887 15.806304
6.226297 16.341812 4.2807527
6.226295 19.341812 4.2807517
6.226295 19.341812 4.2807517
6.2262926 22.341812 4.2807508
6.2262926 22.341812 4.2807508
25.923307 0.16981173 5.220376
25.923307 0.16981173 5.220376
10.2181015 -7.5454254 23.408863
10.2181015 -7.5454254 23.408863
10.218105 -4.545424 23.408861
6.2262926 22.341812 4.2807508
-15.092539 21.609518 -2.1314254
-15.092539 21.609518 -2.1314254
-15.092542 24.609516 -2.1314235
-15.092542 24.609516 -2.1314235
16.463291 23.518383 -13.055988
0.0 12.0 0.0
-11.63978 9.461264 0.0
-11.63978 9.461264 0.0
-14.300606 2.1628227 9.032299
-14.300606 2.1628227 9.032299
-6.1040635 15.694763 -5.3999305
-6.1040635 15.694763 -5.3999305
-6.1040635 18.694763 -5.3999305
-6.1040635 18.694763 -5.3999305
-21.906315 7.4447503 1.330653
-14.300606 2.1628227 9.032299
-7.4572806 10.460561 12.1536045
-7.4572806 10.460561 12.1536045
-7.4634285 12.158602 13.452638
-7.4634285 12.158602 13.452638
-7.4634285 15.158602 13.452638
-14.300606 2.1628227 9.032299
-14.300606 5.1628227 9.032299
-14.300606 5.1628227 9.032299
-14.300606 8.162823 9.032299
-14.300606 8.162823 9.032299
12.136874 3.5145614 -15.84432
12.136874 3.5145614 -15.84432
17.638878 -11.37208 -0.5757828
17.638878 -11.37208 -0.5757828
17.638878 -8.37208 -0.5757828
-14.300606 8.162823 9.032299
-9.930745 5.4803076 16.794191
-9.930745 5.4803076 16.794191
-9.930745 8.480308 16.794191
-9.930745 8.480308 16.794191
-3.2623377 22.214529 2.886838
-14.300606 8.162823 9.032299
-1.4481516 19.479269 -5.3999305
-1.4481516 19.479269 -5.3999305
19.510456 11.636036 -4.5297556
19.510456 11.636036 -4.5297556
20.27129 -6.002794 12.978112
20.27129 -6.002794 12.978112
0.5022745 17.10408 17.192196
0.5022745 17.10408 17.192196
7.385519 22.787163 11.233753
19.510456 11.636036 -4.5297556
19.510456 14.636036 -4.5297556
19.510456 14.636036 -4.5297556
23.664581 -1.153122 12.282681
23.664581 -1.153122 12.282681
5.2522097 16.125505 20.65599
0.0 12.0 0.0
0.0 15.0 0.0
0.0 15.0 0.0
0.0 18.0 0.0
0.0 18.0 0.0
20.557045 -4.2904377 0.0
20.557045 -4.2904377 0.0
7.1771917 -10.875662 15.951966
7.1771917 -10.875662 15.951966
7.1771917 -7.875662 15.951966
0.0 18.0 0.0
-16.295692 13.245769 0.0
-16.295692 13.245769 0.0
-16.295692 16.24577 0.0
-16.295692 16.24577 0.0
8.451248 20.115269 -12.645219
0.0 18.0 0.0
0.0 21.0 0.0
0.0 21.0 0.0
0.0 24.0 0.0
0.0 24.0 0.0
26.430487 -5.516277 0.0
26.430487 -5.516277 0.0
8.562688 -14.523637 20.50967
8.562688 -14.523637 20.50967
8.562688 -11.523637 20.50967
0.0 24.0 0.0
-20.951605 17.030273 0.0
-20.951605 17.030273 0.0
-20.951605 20.030273 0.0
-20.951605 20.030273 0.0
9.535628 24.7812 -16.258139
0.0 24.0 0.0
26.430487 -5.516277 0.0
26.430487 -5.516277 0.0
-1.3599614 5.8001127 25.872986
-1.3599614 5.8001127 25.872986
-14.147451 -3.4273367 -23.169073
-14.147451 -3.4273367 -23.169073
-20.810934 -10.268006 14.092978
-20.810934 -10.268006 14.092978
-5.1648207 10.827497 -23.251255
-1.3599614 5.8001127 25.872986
-6.375922 21.79582 15.264102
-6.375922 21.79582 15.264102
27.059439 8.285851 -9.359989
27.059439 8.285851 -9.359989
22.72362 -0.9654751 20.733982
-1.3599614 5.8001127 25.872986
-6.375922 21.79582 15.264102
-6.375922 21.79582 15.264102
9.233482 27.952034 4.680226
9.233482 27.952034 4.680226
23.401348 -22.749962 0.07900953
23.401348 -22.749962 0.07900953
-18.340776 8.7909565 22.891602
-18.340776 8.7909565 22.891602
-9.351585 30.198364 0.20672798
9.233482 27.952034 4.680226
9.2334795 30.952036 4.680225
9.2334795 30.952036 4.680225
27.729038 19.714132 10.117101
27.729038 19.714132 10.117101
25.415855 10.599882 25.07716
9.233482 27.952034 4.680226
9.2334795 30.952036 4.680225
9.2334795 30.952036 4.680225
9.233477 33.952034 4.680224
9.233477 33.952034 4.680224
37.49405 -1.2180052 8.082515
37.49405 -1.2180052 8.082515
12.343677 -12.360688 34.192886
12.343677 -12.360688 34.192886
12.343681 -9.360686 34.192886
9.233477 33.952034 4.680224
-22.70998 30.645096 -4.212988
-22.70998 30.645096 -4.212988
-22.709984 33.645092 -4.212985
-22.709984 33.645092 -4.212985
21.463017 31.692549 -20.279959
0.0 24.0 0.0
-20.951605 17.030273 0.0
-20.951605 17.030273 0.0
-23.878725 2.3792782 16.258139
-23.878725 2.3792782 16.258139
-13.283433 24.8704 -8.274706
-13.283433 24.8704 -8.274706
-13.283433 27.8704 -8.274706
-13.283433 27.8704 -8.274706
-33.289833 7.9872694 5.0884714
-23.878725 2.3792782 16.258139
-9.51412 19.256159 20.053406
-9.51412 19.256159 20.053406
-11.240404 21.456596 20.03152
-11.240404 21.456596 20.03152
-11.240404 24.456596 20.03152
-23.878725 2.3792782 16.258139
-23.878725 5.379278 16.258139
-23.878725 5.379278 16.258139
-23.878725 8.379278 16.258139
-23.878725 8.379278 16.258139
13.39411 8.478968 -26.696693
13.39411 8.478968 -26.696693
27.303102 -15.390926 -6.4453297
27.303102 -15.390926 -6.4453297
27.303102 -12.390926 -6.4453297
-23.878725 8.379278 16.258139
-10.372623 5.2798567 28.784376
-10.372623 5.2798567 28.784376
-10.372623 8.279857 28.784376
-10.372623 8.279857 28.784376
-9.462322 29.524303 10.106768
-23.878725 8.379278 16.258139
-8.627521 28.654905 -8.274706
-8.627521 28.654905 -8.274706
25.181396 19.20649 -11.914108
25.181396 19.20649 -11.914108
25.211254 -11.971913 22.14143
25.211254 -11.971913 22.14143
-3.302103 28.092417 20.155834
-3.302103 28.092417 20.155834
12.948183 33.3647 10.150929
25.181396 19.20649 -11.914108
25.181396 22.20649 -11.914108
25.181396 22.20649 -11.914108
35.409603 -3.6002254 12.025561
35.409603 -3.6002254 12.025561
3.2955508 18.728046 32.205803
0.0 24.0 0.0
26.430487 -5.516277 0.0
26.430487 -5.516277 0.0
-1.3599614 5.8001127 25.872986
-1.3599614 5.8001127 25.872986
-14.147451 -3.4273367 -23.169073
-14.147451 -3.4273367 -23.169073
-20.810934 -10.268006 14.092978
-20.810934 -10.268006 14.092978
-5.1648207 10.827497 -23.251255
-1.3599614 5.8001127 25.872986
-6.375922 21.79582 15.264102
-6.375922 21.79582 15.264102
27.059439 8.285851 -9.359989
27.059439 8.285851 -9.359989
22.72362 -0.9654751 20.733982
-1.3599614 5.8001127 25.872986
13.732245 22.72311 -6.6172934
13.732245 22.72311 -6.6172934
24.430292 -8.850069 14.794546
24.430292 -8.850069 14.794546
17.437845 -1.2274375 -23.331438
17.437845 -1.2274375 -23.331438
5.0659685 0.6215632 28.731968
5.0659685 0.6215632 28.731968
9.50294 27.805935 -0.9110141
24.430292 -8.850069 14.794546
-2.0612957 -6.738846 28.289223
-2.0612957 -6.738846 28.289223
1.911737 27.460016 -7.7974873
1.911737 27.460016 -7.7974873
12.30818 -27.92588 7.8052535
24.430292 -8.850069 14.794546
17.437845 -1.2274375 -23.331438
17.437845 -1.2274375 -23.331438
22.492203 -11.750252 14.408637
22.492203 -11.750252 14.408637
21.471645 15.133017 -10.001757
21.471645 15.133017 -10.001757
-13.352608 -19.677526 -18.010435
-13.352608 -19.677526 -18.010435
2.0573196 17.298752 21.847847
22.492203 -11.750252 14.408637
19.614738 19.979656 -2.4800005
19.614738 19.979656 -2.4800005
8.193913 -28.648846 -5.572818
8.193913 -28.648846 -5.572818
26.73733 -0.420609 -6.402975
22.492203 -11.750252 14.408637
19.614738 19.979656 -2.4800005
19.614738 19.979656 -2.4800005
25.018314 -12.941777 11.204793
25.018314 -12.941777 11.204793
8.481776 6.6101866 -27.104746
8.481776 6.6101866 -27.104746
13.217361 -16.253975 21.449316
13.217361 -16.253975 21.449316
13.097059 21.682232 -12.991827
25.018314 -12.941777 11.204793
-6.446857 17.77185 22.201391
-6.446857 17.77185 22.201391
13.495405 -16.40852 -22.684092
13.495405 -16.40852 -22.684092
25.015562 3.7123556 15.392286
25.018314 -12.941777 11.204793
-6.446857 17.77185 22.201391
-6.446857 17.77185 22.201391
24.504822 15.741506 -10.846762
24.504822 15.741506 -10.846762
17.064112 -27.895863 0.13946152
17.064112 -27.895863 0.13946152
2.102437 29.106531 7.706941
2.102437 29.106531 7.706941
33.05843 1.2461553 0.4835124
24.504822 15.741506 -10.846762
29.601282 -6.7041597 12.173775
29.601282 -6.7041597 12.173775
0.044281483 18.342579 26.489721
0.044281483 18.342579 26.489721
20.629936 -13.36585 -23.515373
24.430292 -8.850069 14.794546
-2.0612957 -6.738846 28.289223
-2.0612957 -6.738846 28.289223
-17.567629 15.685073 16.243921
-17.567629 15.685073 16.243921
1.329937 -20.343367 -22.494383
1.329937 -20.343367 -22.494383
-21.42084 -17.746098 5.897632
-21.42084 -17.746098 5.897632
-22.851585 4.734668 -12.90232
-17.567629 15.685073 16.243921
-17.567629 18.685072 16.243923
-17.567629 18.685072 16.243923
1.8874264 32.057747 -3.3863516
1.8874264 32.057747 -3.3863516
33.719795 -10.0300455 2.5394683
-17.567629 15.685073 16.243921
20.806393 8.234927 -20.515812
20.806393 8.234927 -20.515812
7.76333 -17.79361 24.559036
7.76333 -17.79361 24.559036
3.435205 14.641886 -25.614079
3.435205 14.641886 -25.614079
0.364079 -19.668118 24.334139
0.364079 -19.668118 24.334139
-11.434584 26.796623 -4.615222
7.76333 -17.79361 24.559036
-20.411514 1.6574287 21.514866
-20.411514 1.6574287 21.514866
8.010098 15.583026 -24.3766
8.010098 15.583026 -24.3766
4.9119725 -18.378366 25.334116
7.76333 -17.79361 24.559036
9.353008 21.481283 -18.25766
9.353008 21.481283 -18.25766
11.173714 -21.7827 20.513805
11.173714 -21.7827 20.513805
13.606722 21.189806 -16.257524
13.606722 21.189806 -16.257524
7.7139645 -29.759762 9.457699
7.7139645 -29.759762 9.457699
-2.3346176 28.912605 -4.863017
11.173714 -21.7827 20.513805
-13.817413 25.729673 6.7469234
-13.817413 25.729673 6.7469234
5.0276833 -29.738781 -12.335449
5.0276833 -29.738781 -12.335449
19.440834 20.689793 9.294613
24.430292 -8.850069 14.794546
-2.0612957 -6.738846 28.289223
-2.0612957 -6.738846 28.289223
-17.567629 15.685073 16.243921
-17.567629 15.685073 16.243921
1.329937 -20.343367 -22.494383
1.329937 -20.343367 -22.494383
-21.42084 -17.746098 5.897632
-21.42084 -17.746098 5.897632
-22.851585 4.734668 -12.90232
-17.567629 15.685073 16.243921
-17.567629 18.685072 16.243923
-17.567629 18.685072 16.243923
1.8874264 32.057747 -3.3863516
1.8874264 32.057747 -3.3863516
33.719795 -10.0300455 2.5394683
-17.567629 15.685073 16.243921
-0.44052792 30.165497 -3.3863525
-0.44052792 30.165497 -3.3863525
27.218136 19.095686 -2.4777884
27.218136 19.095686 -2.4777884
30.615707 -9.05577 14.692084
30.615707 -9.05577 14.692084
-1.7117286 21.439102 26.968243
-1.7117286 21.439102 26.968243
5.0836773 32.491814 15.681971
27.218136 19.095686 -2.4777884
27.218134 22.09569 -2.4777918
27.218134 22.09569 -2.4777918
31.515299 1.015111 19.558002
31.515299 1.015111 19.558002
9.157446 24.224283 26.85472
27.218136 19.095686 -2.4777884
30.615707 -9.05577 14.692084
30.615707 -9.05577 14.692084
27.379549 20.957556 0.9960985
27.379549 20.957556 0.9960985
-21.37788 -12.550945 -26.646885
-21.37788 -12.550945 -26.646885
-4.3683996 12.327401 32.97337
-4.3683996 12.327401 32.97337
17.02973 -8.455221 -31.301003
27.379549 20.957556 0.9960985
24.794289 1.535665 26.598522
24.794289 1.535665 26.598522
32.49923 11.68111 -12.254075
32.49923 11.68111 -12.254075
25.91951 -27.330368 -1.7684278
27.379549 20.957556 0.9960985
24.794289 1.535665 26.598522
24.794289 1.535665 26.598522
10.794561 29.52039 18.837053
10.794561 29.52039 18.837053
-10.846184 -30.748976 -21.582254
-10.846184 -30.748976 -21.582254
-30.096012 15.687045 14.1980915
-30.096012 15.687045 14.1980915
19.876213 3.768451 -32.361958
10.794561 29.52039 18.837053
20.310064 26.571623 20.257912
20.310064 26.571623 20.257912
33.847157 17.432604 15.742842
33.847157 17.432604 15.742842
42.514614 -1.0380878 1.545455
10.794561 29.52039 18.837053
20.310064 26.571623 20.257912
20.310064 26.571623 20.257912
21.112135 20.909864 28.53801
21.112135 20.909864 28.53801
39.27428 -6.6254425 -15.667045
39.27428 -6.6254425 -15.667045
-5.04298 -6.417645 41.646748
-5.04298 -6.417645 41.646748
-25.042524 25.390345 22.35545
21.112135 20.909864 28.53801
21.112137 23.909866 28.538008
21.112137 23.909866 28.538008
15.313028 23.824268 34.383087
15.313028 23.824268 34.383087
33.774162 30.530088 7.9653435
27.218136 19.095686 -2.4777884
27.218134 22.09569 -2.4777918
27.218134 22.09569 -2.4777918
27.21813 25.095694 -2.4777951
27.21813 25.095694 -2.4777951
28.143635 -2.6709557 27.150248
28.143635 -2.6709557 27.150248
-1.8365942 2.7811518 38.964092
-1.8365942 2.7811518 38.964092
-1.8365903 5.781152 38.964092
27.21813 25.095694 -2.4777951
-12.185974 29.551376 -22.683744
-12.185974 29.551376 -22.683744
-12.185981 32.551376 -22.683743
-12.185981 32.551376 -22.683743
33.841827 14.729449 -23.763935
27.21813 25.095694 -2.4777951
33.843258 2.9073648 19.557997
33.843258 2.9073648 19.557997
8.475732 -1.0617158 38.5981
8.475732 -1.0617158 38.5981
23.317951 9.862306 -30.404215
23.317951 9.862306 -30.404215
7.483566 -27.09944 29.037882
7.483566 -27.09944 29.037882
-29.936192 -1.3783493 24.12281
8.475732 -1.0617158 38.5981
8.475737 1.9382851 38.5981
8.475737 1.9382851 38.5981
-11.687895 22.208317 30.922838
-11.687895 22.208317 30.922838
30.373207 22.144318 -17.759098
8.475732 -1.0617158 38.5981
9.970691 38.286087 0.4111123
9.970691 38.286087 0.4111123
40.913647 -6.046953 9.676386
40.913647 -6.046953 9.676386
32.03904 -10.658253 -25.233803
32.03904 -10.658253 -25.233803
11.488678 14.553435 37.122787
11.488678 14.553435 37.122787
25.08718 34.28466 3.6619225
40.913647 -6.046953 9.676386
9.176832 -16.12053 37.85178
9.176832 -16.12053 37.85178
-4.8904834 40.78775 1.2499018
-4.8904834 40.78775 1.2499018
16.743591 -40.635498 -3.3547978
27.218136 19.095686 -2.4777884
27.218134 22.09569 -2.4777918
27.218134 22.09569 -2.4777918
27.21813 25.095694 -2.4777951
27.21813 25.095694 -2.4777951
28.143635 -2.6709557 27.150248
28.143635 -2.6709557 27.150248
-1.8365942 2.7811518 38.964092
-1.8365942 2.7811518 38.964092
-1.8365903 5.781152 38.964092
27.21813 25.095694 -2.4777951
-12.185974 29.551376 -22.683744
-12.185974 29.551376 -22.683744
-12.185981 32.551376 -22.683743
-12.185981 32.551376 -22.683743
33.841827 14.729449 -23.763935
27.21813 25.095694 -2.4777951
27.218126 28.095697 -2.4777985
27.218126 28.095697 -2.4777985
27.218122 31.095701 -2.4778018
27.218122 31.095701 -2.4778018
34.017086 -3.8968043 27.150242
34.017086 -3.8968043 27.150242
-0.4510971 -0.8668391 43.5218
-0.4510971 -0.8668391 43.5218
-0.45109218 2.1331608 43.5218
27.218122 31.095701 -2.4778018
-16.8419 33.33588 -22.683743
-16.8419 33.33588 -22.683743
-16.841906 36.335876 -22.68374
-16.841906 36.335876 -22.68374
34.9262 19.395388 -27.376863
27.218122 31.095701 -2.4778018
34.017086 -3.8968043 27.150242
34.017086 -3.8968043 27.150242
5.971991 33.0035 27.752594
5.971991 33.0035 27.752594
-19.558844 -30.7469 -27.824505
-19.558844 -30.7469 -27.824505
-39.518032 10.818175 15.745926
-39.518032 10.818175 15.745926
15.0263195 4.3620434 -41.901474
5.971991 33.0035 27.752594
16.730522 36.497547 22.139153
16.730522 36.497547 22.139153
43.79054 16.49149 11.854452
43.79054 16.49149 11.854452
48.346653 3.033432 9.563321
5.971991 33.0035 27.752594
16.730522 36.497547 22.139153
16.730522 36.497547 22.139153
26.469614 30.055468 26.946932
26.469614 30.055468 26.946932
47.051746 -12.901821 -11.79481
47.051746 -12.901821 -11.79481
-10.087895 0.13073242 48.46904
-10.087895 0.13073242 48.46904
-25.307377 36.098057 22.743837
26.469614 30.055468 26.946932
26.469614 33.05547 26.946928
26.469614 33.05547 26.946928
25.320099 26.012556 37.536835
25.320099 26.012556 37.536835
36.964737 35.1065 17.117004
26.469614 30.055468 26.946932
26.469614 33.05547 26.946928
26.469614 33.05547 26.946928
26.469614 36.055473 26.946924
26.469614 36.055473 26.946924
44.72585 23.136688 20.40586
44.72585 23.136688 20.40586
28.088005 6.8819723 47.577618
28.088005 6.8819723 47.577618
28.088009 9.881976 47.577614
26.469614 36.055473 26.946924
-6.5863686 53.816093 -3.5432396
-6.5863686 53.816093 -3.5432396
-6.5863757 56.816093 -3.5432389
-6.5863757 56.816093 -3.5432389
45.53029 38.819214 -7.3458323
27.218122 31.095701 -2.4778018
-16.8419 33.33588 -22.683743
-16.8419 33.33588 -22.683743
-45.999245 1.016468 -1.2387209
-45.999245 1.016468 -1.2387209
-14.577639 24.301985 -36.476063
-14.577639 24.301985 -36.476063
-14.577646 27.301983 -36.476063
-14.577646 27.301983 -36.476063
-47.1669 -9.986263 -11.695266
-45.999245 1.016468 -1.2387209
-5.6040726 7.192116 45.28206
-5.6040726 7.192116 45.28206
12.024965 30.9525 32.910378
12.024965 30.9525 32.910378
12.024965 33.9525 32.910378
-45.999245 1.016468 -1.2387209
-45.999245 4.016463 -1.2387154
-45.999245 4.016463 -1.2387154
-45.999245 7.0164576 -1.2387099
-45.999245 7.0164576 -1.2387099
7.637382 -12.433143 -44.775906
7.637382 -12.433143 -44.775906
17.634253 -36.650063 -22.315952
17.634253 -36.650063 -22.315952
17.634254 -33.65006 -22.315954
-45.999245 7.0164576 -1.2387099
-26.679562 -16.942495 34.913425
-26.679562 -16.942495 34.913425
-26.679556 -13.942498 34.91343
-26.679556 -13.942498 34.91343
-36.194096 27.179642 1.318737
-45.999245 7.0164576 -1.2387099
-9.921741 28.08649 -36.476055
-9.921741 28.08649 -36.476055
38.02866 2.499895 -30.706434
38.02866 2.499895 -30.706434
20.023916 4.152278 44.733818
20.023916 4.152278 44.733818
16.783867 45.410046 10.462143
16.783867 45.410046 10.462143
39.122158 28.619576 19.623041
38.02866 2.499895 -30.706434
38.028656 5.4999 -30.706438
38.028656 5.4999 -30.706438
36.754753 -31.74192 10.1415615
36.754753 -31.74192 10.1415615
-24.573198 22.941242 33.907497
0.0 24.0 0.0
-20.951605 17.030273 0.0
-20.951605 17.030273 0.0
-23.878725 2.3792782 16.258139
-23.878725 2.3792782 16.258139
-13.283433 24.8704 -8.274706
-13.283433 24.8704 -8.274706
-13.283433 27.8704 -8.274706
-13.283433 27.8704 -8.274706
-33.289833 7.9872694 5.0884714
-23.878725 2.3792782 16.258139
-9.51412 19.256159 20.053406
-9.51412 19.256159 20.053406
-11.240404 21.456596 20.03152
-11.240404 21.456596 20.03152
-11.240404 24.456596 20.03152
-23.878725 2.3792782 16.258139
-5.7167106 1.4953513 28.784376
-5.7167106 1.4953513 28.784376
8.3259115 17.36999 22.591854
8.3259115 17.36999 22.591854
8.061588 22.377003 20.710617
8.061588 22.377003 20.710617
8.061588 25.377003 20.710617
8.061588 25.377003 20.710617
-8.675978 34.31556 6.8075657
8.3259115 17.36999 22.591854
-24.111095 15.821962 -12.765957
-24.111095 15.821962 -12.765957
-30.446428 -7.616352 10.65772
-30.446428 -7.616352 10.65772
-30.446428 -4.616352 10.65772
8.3259115 17.36999 22.591854
8.061588 22.377003 20.710617
8.061588 22.377003 20.710617
12.762575 24.531761 19.318914
12.762575 24.531761 19.318914
30.586302 -15.189328 -11.307704
30.586302 -15.189328 -11.307704
-12.917019 -2.2281804 32.25138
-12.917019 -2.2281804 32.25138
-20.325624 26.229378 10.319174
12.762575 24.531761 19.318914
12.762575 27.531761 19.318914
12.762575 27.531761 19.318914
19.31404 24.644197 22.088993
19.31404 24.644197 22.088993
32.285023 19.381832 14.393721
12.762575 24.531761 19.318914
12.762575 27.531761 19.318914
12.762575 27.531761 19.318914
12.762575 30.531761 19.318914
12.762575 30.531761 19.318914
37.220924 14.214238 8.546392
37.220924 14.214238 8.546392
23.983154 -2.2137756 34.273537
23.983154 -2.2137756 34.273537
23.983154 0.78622437 34.273537
12.762575 30.531761 19.318914
-11.486897 39.029823 2.2818518
-11.486897 39.029823 2.2818518
-11.486897 42.029823 2.2818518
-11.486897 42.029823 2.2818518
29.255598 35.398926 -7.474384
12.762575 30.531761 19.318914
-11.486897 39.029823 2.2818518
-11.486897 39.029823 2.2818518
-36.06769 22.262072 10.352943
-36.06769 22.262072 10.352943
0.18630028 39.82159 -21.457872
0.18630028 39.82159 -21.457872
0.18630028 42.82159 -21.457872
0.18630028 42.82159 -21.457872
-45.985397 16.072268 -13.679139
-36.06769 22.262072 10.352943
-28.305285 11.973024 33.191742
-28.305285 11.973024 33.191742
-6.634199 15.576645 42.900208
-6.634199 15.576645 42.900208
-6.634199 18.576645 42.900208
8.3259115 17.36999 22.591854
-24.111095 15.821962 -12.765957
-24.111095 15.821962 -12.765957
-16.87822 -11.256392 26.210686
-16.87822 -11.256392 26.210686
-16.87822 -8.256392 26.210686
-16.87822 -8.256392 26.210686
10.192849 4.206273 29.629665
10.192849 4.206273 29.629665
-12.554657 24.882057 -16.031385
-16.87822 -11.256392 26.210686
-20.221746 19.737333 -15.542232
-20.221746 19.737333 -15.542232
-19.993412 -15.494576 22.970587
-19.993412 -15.494576 22.970587
12.984326 -3.835001 30.003315
-16.87822 -11.256392 26.210686
12.520805 2.3140202 29.629665
12.520805 2.3140202 29.629665
15.360102 27.321774 8.972977
15.360102 27.321774 8.972977
25.248363 17.010538 17.578928
25.248363 17.010538 17.578928
25.248363 20.010538 17.578928
25.248363 20.010538 17.578928
0.79320335 37.457024 -8.504435
15.360102 27.321774 8.972977
-30.835615 -0.66847897 -16.869349
-30.835615 -0.66847897 -16.869349
-22.333836 -23.779922 13.287629
-22.333836 -23.779922 13.287629
-22.333836 -20.779922 13.287629
15.360102 27.321774 8.972977
15.360102 30.321774 8.972977
15.360102 30.321774 8.972977
15.360102 33.321774 8.972977
15.360102 33.321774 8.972977
37.991356 4.249634 13.202872
37.991356 4.249634 13.202872
14.278154 -6.072135 37.80846
14.278154 -6.072135 37.80846
14.278154 -3.072135 37.80846
15.360102 33.321774 8.972977
-17.682346 35.831154 -6.259501
-17.682346 35.831154 -6.259501
-17.682346 38.831154 -6.259501
-17.682346 38.831154 -6.259501
28.489233 31.270544 -17.669428
8.3259115 17.36999 22.591854
8.3259115 20.36999 22.591854
8.3259115 20.36999 22.591854
8.3259115 23.36999 22.591854
8.3259115 23.36999 22.591854
30.679604 17.92644 3.5346284
30.679604 17.92644 3.5346284
26.714355 0.31151962 26.036392
26.714355 0.31151962 26.036392
26.714355 3.3115196 26.036392
8.3259115 23.36999 22.591854
-6.0926294 34.3118 7.789047
-6.0926294 34.3118 7.789047
-6.0926294 37.3118 7.789047
-6.0926294 37.3118 7.789047
25.045055 33.09896 0.18515682
8.3259115 23.36999 22.591854
8.3259115 26.36999 22.591854
8.3259115 26.36999 22.591854
8.3259115 29.36999 22.591854
8.3259115 29.36999 22.591854
36.553043 16.7006 3.5346284
36.553043 16.7006 3.5346284
28.09985 -3.3364544 30.594095
28.09985 -3.3364544 30.594095
28.09985 -0.3364544 30.594095
8.3259115 29.36999 22.591854
-10.74854 38.096306 7.789047
-10.74854 38.096306 7.789047
-10.74854 41.096306 7.789047
-10.74854 41.096306 7.789047
26.12944 37.764893 -3.4277616
8.3259115 29.36999 22.591854
36.553043 16.7006 3.5346284
36.553043 16.7006 3.5346284
21.517735 6.6726303 35.05988
21.517735 6.6726303 35.05988
1.3529868 -11.144158 -40.739967
1.3529868 -11.144158 -40.739967
-19.280354 -0.7920723 36.817703
-19.280354 -0.7920723 36.817703
8.720003 30.973783 -26.395767
21.517735 6.6726303 35.05988
-1.0935998 16.68051 38.8115
-1.0935998 16.68051 38.8115
26.981924 32.951893 -8.999972
26.981924 32.951893 -8.999972
34.128654 -22.836647 20.37854
21.517735 6.6726303 35.05988
-1.0935998 16.68051 38.8115
-1.0935998 16.68051 38.8115
-4.1597233 36.319237 23.631775
-4.1597233 36.319237 23.631775
24.395628 -31.653805 -22.905382
24.395628 -31.653805 -22.905382
-31.612118 -11.216077 28.560768
-31.612118 -11.216077 28.560768
-32.931503 27.488321 -6.5158043
-4.1597233 36.319237 23.631775
-4.159725 39.319237 23.631775
-4.159725 39.319237 23.631775
19.61752 42.95884 11.67788
19.61752 42.95884 11.67788
48.14383 5.7241907 16.817862
-4.1597233 36.319237 23.631775
-4.159725 39.319237 23.631775
-4.159725 39.319237 23.631775
-4.1597276 42.319237 23.631775
-4.1597276 42.319237 23.631775
48.915974 12.554413 -8.90011
48.915974 12.554413 -8.90011
35.887253 -19.490364 32.344322
35.887253 -19.490364 32.344322
35.88726 -16.49036 32.34432
-4.1597276 42.319237 23.631775
-25.255348 40.779106 18.13365
-25.255348 40.779106 18.13365
-25.255352 43.779102 18.133654
-25.255352 43.779102 18.133654
17.376554 52.786522 -8.159962
8.3259115 29.36999 22.591854
-10.74854 38.096306 7.789047
-10.74854 38.096306 7.789047
-32.354027 25.350822 13.253658
-32.354027 25.350822 13.253658
2.640831 41.69883 -16.746494
2.640831 41.69883 -16.746494
2.640831 44.69883 -16.746494
2.640831 44.69883 -16.746494
-44.159576 21.294685 -12.612112
-32.354027 25.350822 13.253658
-31.754005 13.378887 28.963772
-31.754005 13.378887 28.963772
-11.166585 12.229519 42.90957
-11.166585 12.229519 42.90957
-11.166585 15.229519 42.90957
-32.354027 25.350822 13.253658
-32.354027 28.350822 13.253658
-32.354027 28.350822 13.253658
-32.354027 31.350822 13.253658
-32.354027 31.350822 13.253658
34.926456 -0.7883754 -34.37939
34.926456 -0.7883754 -34.37939
32.438675 -36.401554 5.4175873
32.438675 -36.401554 5.4175873
32.438675 -33.401554 5.4175873
-32.354027 31.350822 13.253658
-33.040627 13.811756 33.466007
-33.040627 13.811756 33.466007
-33.040627 16.811756 33.466007
-33.040627 16.811756 33.466007
-14.151524 48.819794 -4.5303288
-32.354027 31.350822 13.253658
7.2967434 45.483337 -16.746494
7.2967434 45.483337 -16.746494
48.721977 16.925535 -4.9007
48.721977 16.925535 -4.9007
45.607117 1.1299229 26.713081
45.607117 1.1299229 26.713081
11.28904 33.875565 39.18747
11.28904 33.875565 39.18747
13.92576 41.3307 33.477665
48.721977 16.925535 -4.9007
48.721977 19.925535 -4.9007
48.721977 19.925535 -4.9007
39.57242 -12.337811 34.71642
39.57242 -12.337811 34.71642
-0.545866 43.089455 31.64492
8.3259115 29.36999 22.591854
17.373411 29.946012 20.710617
17.373411 29.946012 20.710617
22.340694 24.748219 26.544754
22.340694 24.748219 26.544754
41.192844 -9.954608 -13.332274
41.192844 -9.954608 -13.332274
-7.754894 -3.1164536 43.047832
-7.754894 -3.1164536 43.047832
-24.245539 29.643595 21.13478
22.340694 24.748219 26.544754
22.340694 27.748219 26.544754
22.340694 27.748219 26.544754
19.755917 24.443748 34.079178
19.755917 24.443748 34.079178
34.50525 31.000858 12.376603
22.340694 24.748219 26.544754
17.42796 22.551495 34.079178
17.42796 22.551495 34.079178
10.08107 28.107342 35.019314
10.08107 28.107342 35.019314
36.51193 -16.153067 -26.48782
36.51193 -16.153067 -26.48782
-16.649063 -15.392654 41.153416
-16.649063 -15.392654 41.153416
-36.38298 25.112925 13.038132
10.08107 28.107342 35.019314
10.08107 31.107342 35.019314
10.08107 31.107342 35.019314
13.337195 37.666016 29.911224
13.337195 37.666016 29.911224
46.34711 23.021759 6.9448137
10.08107 28.107342 35.019314
36.51193 -16.153067 -26.48782
36.51193 -16.153067 -26.48782
11.986682 20.99514 40.289604
11.986682 20.99514 40.289604
-32.652355 27.88684 -22.334894
-32.652355 27.88684 -22.334894
-31.594677 -19.911404 33.53108
-31.594677 -19.911404 33.53108
-19.030035 9.204866 -44.290863
11.986682 20.99514 40.289604
32.04715 36.102806 3.5024204
32.04715 36.102806 3.5024204
44.670765 -20.937973 11.594835
44.670765 -20.937973 11.594835
40.44805 1.9192076 -28.494919
11.986682 20.99514 40.289604
32.04715 36.102806 3.5024204
32.04715 36.102806 3.5024204
40.31617 1.7766047 30.655613
40.31617 1.7766047 30.655613
20.716753 -14.253065 -44.22265
20.716753 -14.253065 -44.22265
-6.8412247 9.131931 48.79819
-6.8412247 9.131931 48.79819
21.349964 42.914444 -16.666708
40.31617 1.7766047 30.655613
4.7417374 1.7393328 50.620815
4.7417374 1.7393328 50.620815
14.961304 48.487904 -5.7004395
14.961304 48.487904 -5.7004395
33.11445 -40.846466 11.930605
40.31617 1.7766047 30.655613
4.7417374 1.7393328 50.620815
4.7417374 1.7393328 50.620815
-19.212399 31.149963 35.60865
-19.212399 31.149963 35.60865
15.024125 -30.67616 -40.454433
15.024125 -30.67616 -40.454433
-34.55603 -30.10662 22.972322
-34.55603 -30.10662 22.972322
-46.02623 13.648899 -12.325156
-19.212399 31.149963 35.60865
-19.212399 34.14996 35.608654
-19.212399 34.14996 35.608654
3.7554493 54.277817 7.5516567
3.7554493 54.277817 7.5516567
57.73672 -3.714706 2.1333835
10.08107 28.107342 35.019314
10.08107 31.107342 35.019314
10.08107 31.107342 35.019314
10.08107 34.10734 35.019314
10.08107 34.10734 35.019314
43.74919 27.992474 2.7137537
43.74919 27.992474 2.7137537
40.126923 -0.23056602 35.660435
40.126923 -0.23056602 35.660435
40.126923 2.769434 35.660435
10.08107 34.10734 35.019314
-7.643709 49.426697 14.2657
-7.643709 49.426697 14.2657
-7.643709 52.426697 14.2657
-7.643709 52.426697 14.2657
32.986885 47.291817 3.0666966
10.08107 34.10734 35.019314
15.665151 39.558266 29.911224
15.665151 39.558266 29.911224
24.616766 37.187443 31.022459
24.616766 37.187443 31.022459
50.523743 -19.135641 -16.266136
50.523743 -19.135641 -16.266136
-16.939552 -2.1859565 52.781322
-16.939552 -2.1859565 52.781322
-31.941668 40.587025 20.14703
24.616766 37.187443 31.022459
24.616766 40.187443 31.022459
24.616766 40.187443 31.022459
28.122475 33.872032 38.669693
28.122475 33.872032 38.669693
45.00198 35.146786 19.628815
24.616766 37.187443 31.022459
46.5717 26.440264 17.75943
46.5717 26.440264 17.75943
34.31507 20.317495 41.96099
34.31507 20.317495 41.96099
4.1149807 -27.237297 -52.18382
4.1149807 -27.237297 -52.18382
-29.151314 12.222546 48.252884
-29.151314 12.222546 48.252884
23.33508 37.29851 -38.3948
34.31507 20.317495 41.96099
11.208223 23.178844 53.09493
11.208223 23.178844 53.09493
36.713326 47.771793 0.12417221
36.713326 47.771793 0.12417221
52.331833 -30.114574 16.7377
