0.0 0.0 0.0
0.0 3.0 0.0
0.0 3.0 0.0
-2.9832413 7.4229555 0.0
0.0 3.0 0.0
0.0 6.0 0.0
0.0 6.0 0.0
4.101957 10.206564 0.0
0.0 6.0 0.0
0.0 11.0 0.0
0.0 6.0 0.0
-4.101957 10.206564 0.0
-4.101957 10.206564 0.0
-12.660759 8.928219 2.8386142
-4.101957 10.206564 0.0
-9.202152 12.690399 1.5296409
-9.202152 12.690399 1.5296409
-9.202152 17.6904 1.5296409
-9.202152 12.690399 1.5296409
-13.990091 13.443078 4.850837
0.0 6.0 0.0
0.0 9.0 0.0
0.0 9.0 0.0
-5.220672 12.990172 0.0
0.0 9.0 0.0
0.0 12.0 0.0
0.0 12.0 0.0
6.339388 15.773781 0.0
0.0 12.0 0.0
0.0 17.0 0.0
0.0 12.0 0.0
6.339388 15.773781 0.0
6.339388 15.773781 0.0
6.339388 20.77378 0.0
6.339388 15.773781 0.0
13.2044935 17.081882 2.3639905
13.2044935 17.081882 2.3639905
20.981115 10.476267 10.844229
13.2044935 17.081882 2.3639905
18.78479 16.248985 7.1174984
0.0 12.0 0.0
0.0 17.0 0.0
0.0 17.0 0.0
-8.203914 20.413128 0.0
0.0 17.0 0.0
0.0 22.0 0.0
0.0 22.0 0.0
10.0684395 25.052475 0.0
0.0 22.0 0.0
0.0 27.0 0.0
