0.0 0.0 0.0
0.0 3.0 0.0
0.0 3.0 0.0
-3.0875123 5.144635 0.0
0.0 3.0 0.0
0.0 6.0 0.0
0.0 6.0 0.0
4.6312685 7.7169523 0.0
0.0 6.0 0.0
0.0 9.0 0.0
0.0 6.0 0.0
-4.6312685 7.7169523 0.0
-4.6312685 7.7169523 0.0
-10.481995 3.1188164 4.086869
-4.6312685 7.7169523 0.0
-8.919704 7.1457005 2.383183
-8.919704 7.1457005 2.383183
-8.919704 10.1457 2.383183
-8.919704 7.1457005 2.383183
-10.727091 5.394781 6.6333838
0.0 6.0 0.0
0.0 9.0 0.0
0.0 9.0 0.0
-6.1750245 10.28927 0.0
0.0 9.0 0.0
0.0 12.0 0.0
0.0 12.0 0.0
7.7187805 12.861588 0.0
0.0 12.0 0.0
0.0 15.0 0.0
0.0 12.0 0.0
7.7187805 12.861588 0.0
7.7187805 12.861588 0.0
7.7187805 15.861588 0.0
7.7187805 12.861588 0.0
13.837004 10.194622 3.9719715
13.837004 10.194622 3.9719715
13.056661 3.555998 14.078912
13.837004 10.194622 3.9719715
15.210215 6.260115 10.526044
0.0 12.0 0.0
0.0 15.0 0.0
0.0 15.0 0.0
-9.262537 15.433905 0.0
0.0 15.0 0.0
0.0 18.0 0.0
0.0 18.0 0.0
10.806293 18.006222 0.0
0.0 18.0 0.0
0.0 21.0 0.0
