0.0 0.0 0.0
0.0 3.0 0.0
0.0 3.0 0.0
0.0 6.0 0.0
0.0 6.0 0.0
10.950716 -1.040106 0.0
10.950716 -1.040106 0.0
7.887094 -2.7864256 8.101144
7.887094 -2.7864256 8.101144
7.887094 2.2135744 8.101144
0.0 6.0 0.0
-8.137603 7.401312 0.0
-8.137603 7.401312 0.0
-8.137603 12.401312 0.0
-8.137603 12.401312 0.0
9.189102 15.7589855 -6.020053
0.0 6.0 0.0
0.0 9.0 0.0
0.0 9.0 0.0
0.0 12.0 0.0
0.0 12.0 0.0
16.923834 -1.6074367 0.0
16.923834 -1.6074367 0.0
10.171557 -6.14133 12.519949
10.171557 -6.14133 12.519949
10.171557 -1.1413298 12.519949
0.0 12.0 0.0
-12.576296 11.438392 0.0
-12.576296 11.438392 0.0
-12.576296 16.438393 0.0
-12.576296 16.438393 0.0
10.166168 20.684723 -9.303719
0.0 12.0 0.0
16.923834 -1.6074367 0.0
16.923834 -1.6074367 0.0
3.528674 1.2722809 16.84801
3.528674 1.2722809 16.84801
-0.8923688 -6.2154207 -17.211061
-0.8923688 -6.2154207 -17.211061
-9.560949 -5.649398 13.23506
-9.560949 -5.649398 13.23506
0.5138645 12.278149 -10.769554
3.528674 1.2722809 16.84801
-2.1486316 11.684387 13.946576
-2.1486316 11.684387 13.946576
17.903234 12.042039 -3.4577231
17.903234 12.042039 -3.4577231
20.024254 -6.286619 13.50631
3.528674 1.2722809 16.84801
-2.1486316 11.684387 13.946576
-2.1486316 11.684387 13.946576
4.42803 19.928183 7.7943873
4.42803 19.928183 7.7943873
21.529514 -15.01461 -3.579906
21.529514 -15.01461 -3.579906
-10.114235 -0.574366 21.771551
-10.114235 -0.574366 21.771551
-12.141941 19.92731 7.166585
4.42803 19.928183 7.7943873
4.428028 24.928183 7.794387
4.428028 24.928183 7.794387
20.265266 22.198673 8.520203
20.265266 22.198673 8.520203
28.060015 7.779853 19.368843
4.42803 19.928183 7.7943873
4.428028 24.928183 7.794387
4.428028 24.928183 7.794387
4.4280257 29.928183 7.7943864
4.4280257 29.928183 7.7943864
35.54498 4.8388824 3.6711884
35.54498 4.8388824 3.6711884
21.543272 -9.063646 28.765682
21.543272 -9.063646 28.765682
21.543276 -4.063644 28.76568
4.4280257 29.928183 7.7943864
-19.95485 29.971092 1.9686508
-19.95485 29.971092 1.9686508
-19.954853 34.97109 1.9686532
-19.954853 34.97109 1.9686532
19.555964 37.904533 -13.437639
0.0 12.0 0.0
-12.576296 11.438392 0.0
-12.576296 11.438392 0.0
-17.8544 4.800541 9.303719
-17.8544 4.800541 9.303719
-5.463841 20.573181 -6.9483905
-5.463841 20.573181 -6.9483905
-5.463841 25.573181 -6.9483905
-5.463841 25.573181 -6.9483905
-28.549726 14.048681 -0.63314867
-17.8544 4.800541 9.303719
-10.792034 9.974507 16.894691
-10.792034 9.974507 16.894691
-7.55417 13.949789 19.351288
-7.55417 13.949789 19.351288
-7.55417 18.94979 19.351288
-17.8544 4.800541 9.303719
-17.8544 9.800541 9.303719
-17.8544 9.800541 9.303719
-17.8544 14.800541 9.303719
-17.8544 14.800541 9.303719
20.42797 5.667634 -18.654121
20.42797 5.667634 -18.654121
26.425201 -13.199526 2.5608864
26.425201 -13.199526 2.5608864
26.425201 -8.199526 2.5608864
-17.8544 14.800541 9.303719
-18.100157 9.527238 19.46834
-18.100157 9.527238 19.46834
-18.100157 14.527238 19.46834
-18.100157 14.527238 19.46834
-3.439005 32.802948 -0.290967
-17.8544 14.800541 9.303719
1.93398 27.301645 -6.9483905
1.93398 27.301645 -6.9483905
28.230364 16.968693 -3.2444768
28.230364 16.968693 -3.2444768
29.692842 -5.1950464 19.530752
29.692842 -5.1950464 19.530752
1.9097563 22.169603 27.71308
1.9097563 22.169603 27.71308
7.169717 32.49712 20.059456
28.230364 16.968693 -3.2444768
28.230364 21.968693 -3.2444768
28.230364 21.968693 -3.2444768
34.346447 2.318221 18.701283
34.346447 2.318221 18.701283
9.352892 21.075188 32.42426
