0.0 0.0 0.0
0.0 3.0 0.0
0.0 3.0 0.0
-3.1798437 7.340885 0.0
0.0 3.0 0.0
0.0 6.0 0.0
0.0 6.0 0.0
4.372285 10.093718 0.0
0.0 6.0 0.0
0.0 9.0 0.0
0.0 9.0 0.0
-5.5647264 12.846549 0.0
-5.5647264 12.846549 0.0
-15.622059 9.430756 4.059271
-5.5647264 12.846549 0.0
-11.779205 14.346549 2.21187
-11.779205 14.346549 2.21187
-11.779205 19.34655 2.21187
-11.779205 14.346549 2.21187
-16.801334 13.805798 6.7116394
0.0 9.0 0.0
0.0 12.0 0.0
0.0 12.0 0.0
-6.757168 15.5993805 0.0
0.0 12.0 0.0
0.0 15.0 0.0
0.0 15.0 0.0
7.9496093 18.352213 0.0
0.0 15.0 0.0
0.0 18.0 0.0
0.0 18.0 0.0
9.142051 21.105045 0.0
9.142051 21.105045 0.0
9.142051 26.105045 0.0
9.142051 21.105045 0.0
18.073936 20.619865 3.6337864
18.073936 20.619865 3.6337864
25.332104 10.439766 15.669874
18.073936 20.619865 3.6337864
24.076458 17.491018 10.518438
0.0 18.0 0.0
0.0 21.0 0.0
0.0 21.0 0.0
-10.334492 23.857876 0.0
0.0 21.0 0.0
0.0 24.0 0.0
0.0 24.0 0.0
11.526934 26.610708 0.0
0.0 24.0 0.0
0.0 27.0 0.0
