0.0 0.0 0.0
0.0 3.0 0.0
0.0 3.0 0.0
-3.98474 6.936991 0.0
0.0 3.0 0.0
0.0 6.0 0.0
0.0 6.0 0.0
5.4790177 9.5383625 0.0
0.0 6.0 0.0
0.0 11.0 0.0
0.0 6.0 0.0
-5.4790177 9.5383625 0.0
-5.4790177 9.5383625 0.0
-13.949164 4.9400864 4.7328625
-5.4790177 9.5383625 0.0
-11.361143 10.24013 2.7290576
-11.361143 10.24013 2.7290576
-11.361143 15.24013 2.7290576
-11.361143 10.24013 2.7290576
-14.954781 8.985182 8.0253315
0.0 6.0 0.0
0.0 9.0 0.0
0.0 9.0 0.0
-6.973295 12.139734 0.0
0.0 9.0 0.0
0.0 12.0 0.0
0.0 12.0 0.0
8.467572 14.741106 0.0
0.0 12.0 0.0
0.0 17.0 0.0
0.0 12.0 0.0
8.467572 14.741106 0.0
8.467572 14.741106 0.0
8.467572 19.741106 0.0
8.467572 14.741106 0.0
16.199697 13.460773 4.217634
16.199697 13.460773 4.217634
18.22305 5.397724 16.118431
16.199697 13.460773 4.217634
19.55416 10.057379 11.726159
0.0 12.0 0.0
0.0 17.0 0.0
0.0 17.0 0.0
-10.958035 19.076725 0.0
0.0 17.0 0.0
0.0 22.0 0.0
0.0 22.0 0.0
13.448498 23.412346 0.0
0.0 22.0 0.0
0.0 27.0 0.0
