0.0 0.0 0.0
0.0 3.0 0.0
0.0 3.0 0.0
0.0 6.0 0.0
0.0 6.0 0.0
8.725851 2.204432 0.0
8.725851 2.204432 0.0
8.629357 -0.123903275 5.361477
8.629357 -0.123903275 5.361477
8.629357 2.8760967 5.361477
0.0 6.0 0.0
-5.529924 7.1007004 0.0
-5.529924 7.1007004 0.0
-5.529924 10.1007 0.0
-5.529924 10.1007 0.0
4.607338 13.016755 -3.3977842
0.0 6.0 0.0
0.0 9.0 0.0
0.0 9.0 0.0
0.0 12.0 0.0
0.0 12.0 0.0
14.543086 3.6740532 0.0
14.543086 3.6740532 0.0
13.153391 -1.7844386 8.935795
13.153391 -1.7844386 8.935795
13.153391 1.2155614 8.935795
0.0 12.0 0.0
-9.216539 11.8345 0.0
-9.216539 11.8345 0.0
-9.216539 14.8345 0.0
-9.216539 14.8345 0.0
5.2211523 18.538723 -5.6629734
0.0 12.0 0.0
14.543086 3.6740532 0.0
14.543086 3.6740532 0.0
7.343254 -1.8189101 14.10009
7.343254 -1.8189101 14.10009
12.141048 5.210523 -8.920555
12.141048 5.210523 -8.920555
6.196178 -6.3068733 14.704583
6.196178 -6.3068733 14.704583
-6.3263936 11.540976 9.609133
7.343254 -1.8189101 14.10009
-1.5386446 2.6952825 15.636461
-1.5386446 2.6952825 15.636461
1.7162049 16.458742 2.338172
1.7162049 16.458742 2.338172
18.952621 -5.2398725 0.63001883
7.343254 -1.8189101 14.10009
-1.5386446 2.6952825 15.636461
-1.5386446 2.6952825 15.636461
-5.038451 11.142532 11.39125
-5.038451 11.142532 11.39125
16.327328 1.9977174 -9.197025
16.327328 1.9977174 -9.197025
8.009098 -11.29848 13.57729
8.009098 -11.29848 13.57729
-6.6953278 -5.3039374 15.633107
-5.038451 11.142532 11.39125
-5.0384517 14.142531 11.391251
-5.0384517 14.142531 11.391251
1.8745785 20.267931 5.891513
1.8745785 20.267931 5.891513
21.272537 10.792067 3.2605264
-5.038451 11.142532 11.39125
-5.0384517 14.142531 11.391251
-5.0384517 14.142531 11.391251
-5.038452 17.142532 11.391252
-5.038452 17.142532 11.391252
16.521545 16.838007 -2.094837
16.521545 16.838007 -2.094837
23.488838 6.8515205 8.498673
23.488838 6.8515205 8.498673
23.488838 9.851523 8.498671
-5.038452 17.142532 11.391252
-9.990443 17.749855 12.083124
-9.990443 17.749855 12.083124
-9.990444 20.749853 12.083125
-9.990444 20.749853 12.083125
2.5164928 28.142666 3.3946972
0.0 12.0 0.0
-9.216539 11.8345 0.0
-9.216539 11.8345 0.0
-14.851856 7.2360296 5.6629734
-14.851856 7.2360296 5.6629734
-5.7006645 17.413567 -4.6576176
-5.7006645 17.413567 -4.6576176
-5.7006645 20.413567 -4.6576176
-5.7006645 20.413567 -4.6576176
-20.192493 13.950619 -0.17201185
-14.851856 7.2360296 5.6629734
-9.470434 4.3034525 15.786525
-9.470434 4.3034525 15.786525
-2.7297244 7.1311145 18.274017
-2.7297244 7.1311145 18.274017
-2.7297244 10.131115 18.274017
-14.851856 7.2360296 5.6629734
-14.851856 10.23603 5.6629734
-14.851856 10.23603 5.6629734
-14.851856 13.23603 5.6629734
-14.851856 13.23603 5.6629734
13.505623 12.826988 -13.012383
13.505623 12.826988 -13.012383
24.439503 1.0272665 -1.9679966
24.439503 1.0272665 -1.9679966
24.439503 4.0272665 -1.9679966
-14.851856 13.23603 5.6629734
-16.475574 7.747912 13.593412
-16.475574 7.747912 13.593412
-16.475574 10.747911 13.593412
-16.475574 10.747911 13.593412
-8.397986 23.965443 0.6015644
-14.851856 13.23603 5.6629734
-2.0140486 22.147366 -4.6576176
-2.0140486 22.147366 -4.6576176
16.455635 19.058386 -4.912209
16.455635 19.058386 -4.912209
21.04867 -6.9315515 17.041044
21.04867 -6.9315515 17.041044
-6.5958347 10.057147 24.58149
-6.5958347 10.057147 24.58149
-7.999277 22.7794 15.341261
16.455635 19.058386 -4.912209
16.455635 22.058386 -4.912209
16.455635 22.058386 -4.912209
28.021175 9.938529 6.235365
28.021175 9.938529 6.235365
12.744764 2.37605 28.694895
