0.0 0.0 0.0
0.0 3.0 0.0
0.0 3.0 0.0
-1.9083734 6.734843 0.0
0.0 3.0 0.0
0.0 6.0 0.0
0.0 6.0 0.0
2.7262475 9.621204 0.0
0.0 6.0 0.0
0.0 10.0 0.0
0.0 6.0 0.0
-2.7262475 9.621204 0.0
-2.7262475 9.621204 0.0
-9.121608 10.378849 1.4301777
-2.7262475 9.621204 0.0
-6.2370987 12.39015 0.74324256
-6.2370987 12.39015 0.74324256
-6.2370987 16.39015 0.74324256
-6.2370987 12.39015 0.74324256
-10.046941 14.1885605 2.4154763
0.0 6.0 0.0
0.0 9.0 0.0
0.0 9.0 0.0
-3.544122 12.5075655 0.0
0.0 9.0 0.0
0.0 12.0 0.0
0.0 12.0 0.0
4.361996 15.393927 0.0
0.0 12.0 0.0
0.0 16.0 0.0
0.0 12.0 0.0
4.361996 15.393927 0.0
4.361996 15.393927 0.0
4.361996 19.393927 0.0
4.361996 15.393927 0.0
9.325058 17.51515 1.1891881
9.325058 17.51515 1.1891881
17.51444 14.479507 5.9043026
9.325058 17.51515 1.1891881
14.18562 18.342607 3.686384
0.0 12.0 0.0
0.0 16.0 0.0
0.0 16.0 0.0
-5.452495 19.242409 0.0
0.0 16.0 0.0
0.0 20.0 0.0
0.0 20.0 0.0
6.5429945 23.090889 0.0
0.0 20.0 0.0
0.0 24.0 0.0
