0.0 0.0 0.0
0.0 3.0 0.0
0.0 3.0 0.0
-6.3794594 4.827266 0.0
0.0 3.0 0.0
0.0 6.0 0.0
0.0 6.0 0.0
8.771757 6.637491 0.0
0.0 6.0 0.0
0.0 11.0 0.0
0.0 6.0 0.0
-8.771757 6.637491 0.0
-8.771757 6.637491 0.0
-11.847394 -0.8686495 8.441541
-8.771757 6.637491 0.0
-12.473924 2.8013883 6.9948835
-12.473924 2.8013883 6.9948835
-12.473924 7.8013883 6.9948835
-12.473924 2.8013883 6.9948835
-7.397075 3.1532888 14.167882
0.0 6.0 0.0
0.0 9.0 0.0
0.0 9.0 0.0
-11.164054 8.447716 0.0
0.0 9.0 0.0
0.0 12.0 0.0
0.0 12.0 0.0
13.556351 10.25794 0.0
0.0 12.0 0.0
0.0 17.0 0.0
0.0 12.0 0.0
13.556351 10.25794 0.0
13.556351 10.25794 0.0
13.556351 15.25794 0.0
13.556351 10.25794 0.0
17.103065 2.6837583 10.810273
17.103065 2.6837583 10.810273
11.485555 12.396822 13.521014
17.103065 2.6837583 10.810273
7.152872 3.2810721 20.161549
0.0 12.0 0.0
0.0 17.0 0.0
0.0 17.0 0.0
-17.543514 13.274982 0.0
0.0 17.0 0.0
0.0 22.0 0.0
0.0 22.0 0.0
21.530676 16.292023 0.0
0.0 22.0 0.0
0.0 27.0 0.0
