0.0 0.0 0.0
0.0 3.0 0.0
0.0 3.0 0.0
-5.1269655 3.116765 0.0
0.0 3.0 0.0
0.0 6.0 0.0
0.0 6.0 0.0
7.690448 4.6751475 0.0
0.0 6.0 0.0
0.0 9.0 0.0
0.0 9.0 0.0
-10.253931 6.23353 0.0
-10.253931 6.23353 0.0
-10.36985 -0.060106754 9.102955
-10.253931 6.23353 0.0
-10.656915 0.24498034 8.761925
-10.656915 0.24498034 8.761925
-10.656915 3.2449803 8.761925
-10.656915 0.24498034 8.761925
-1.7592636 3.3528984 13.657749
0.0 9.0 0.0
0.0 12.0 0.0
0.0 12.0 0.0
-12.817413 7.791913 0.0
0.0 12.0 0.0
0.0 15.0 0.0
0.0 15.0 0.0
15.380896 9.350295 0.0
0.0 15.0 0.0
0.0 18.0 0.0
0.0 18.0 0.0
17.944378 10.908678 0.0
17.944378 10.908678 0.0
17.944378 13.908678 0.0
17.944378 10.908678 0.0
16.726988 -0.74006987 15.333367
16.726988 -0.74006987 15.333367
11.816625 17.879509 7.79116
16.726988 -0.74006987 15.333367
-0.36141777 4.9450493 22.258198
0.0 18.0 0.0
0.0 21.0 0.0
0.0 21.0 0.0
-20.507862 12.46706 0.0
0.0 21.0 0.0
0.0 24.0 0.0
0.0 24.0 0.0
23.071344 14.025443 0.0
0.0 24.0 0.0
0.0 27.0 0.0
