0.0 0.0 0.0
0.0 3.0 0.0
0.0 3.0 0.0
-2.7276278 7.5206413 0.0
0.0 3.0 0.0
0.0 6.0 0.0
0.0 6.0 0.0
3.7504883 10.340881 0.0
0.0 6.0 0.0
0.0 9.0 0.0
0.0 9.0 0.0
-4.773349 13.161122 0.0
-4.773349 13.161122 0.0
-14.453918 11.590178 3.059942
-4.773349 13.161122 0.0
-10.410547 15.542939 1.6274898
-10.410547 15.542939 1.6274898
-10.410547 20.542938 1.6274898
-10.410547 15.542939 1.6274898
-15.682865 16.164377 5.079483
0.0 9.0 0.0
0.0 12.0 0.0
0.0 12.0 0.0
-5.796209 15.981363 0.0
0.0 12.0 0.0
0.0 15.0 0.0
0.0 15.0 0.0
6.8190694 18.801603 0.0
0.0 15.0 0.0
0.0 18.0 0.0
0.0 18.0 0.0
7.84193 21.621843 0.0
7.84193 21.621843 0.0
7.84193 26.621843 0.0
7.84193 21.621843 0.0
16.007122 22.513144 2.6737332
16.007122 22.513144 2.6737332
25.750866 14.339547 12.313416
16.007122 22.513144 2.6737332
22.670013 21.04472 7.971207
0.0 18.0 0.0
0.0 21.0 0.0
0.0 21.0 0.0
-8.86479 24.442085 0.0
0.0 21.0 0.0
0.0 24.0 0.0
0.0 24.0 0.0
9.8876505 27.262325 0.0
0.0 24.0 0.0
0.0 27.0 0.0
0.0 27.0 0.0
-10.910511 30.082565 0.0
-10.910511 30.082565 0.0
-28.916512 21.557898 6.994153
-10.910511 30.082565 0.0
-21.603695 29.483347 3.7199767
-21.603695 29.483347 3.7199767
-21.603695 34.483345 3.7199767
-21.603695 29.483347 3.7199767
-29.657158 25.92506 10.862931
-29.657158 25.92506 10.862931
-31.949614 13.607597 27.348953
-31.949614 13.607597 27.348953
-12.275947 15.900873 41.369663
-31.949614 13.607597 27.348953
-17.292727 9.80082 41.471573
-17.292727 9.80082 41.471573
-7.036234 13.19227 44.882618
-17.292727 9.80082 41.471573
0.72975636 19.893942 42.914948
-29.657158 25.92506 10.862931
-33.271713 20.829025 20.323738
-33.271713 20.829025 20.323738
-26.157236 11.805843 36.92724
-33.271713 20.829025 20.323738
-31.69616 15.979606 30.45005
-31.69616 15.979606 30.45005
-31.69616 20.979607 30.45005
-31.69616 15.979606 30.45005
-25.404613 13.1029415 39.432404
-25.404613 13.1029415 39.432404
-25.404613 18.102942 39.432404
-25.404613 18.102942 39.432404
-17.689358 18.159826 45.731415
-25.404613 18.102942 39.432404
-25.404613 23.102942 39.432404
-25.404613 23.102942 39.432404
-25.508568 39.145782 28.407831
-25.404613 23.102942 39.432404
-25.404613 28.102942 39.432404
-25.404613 13.1029415 39.432404
-15.984591 13.459427 45.731415
-15.984591 13.459427 45.731415
1.2508488 25.096085 45.345802
-15.984591 13.459427 45.731415
-5.762202 17.546144 48.441196
-5.762202 17.546144 48.441196
-5.762202 22.546144 48.441196
-5.762202 17.546144 48.441196
2.7470102 24.979515 47.50325
0.0 27.0 0.0
0.0 30.0 0.0
0.0 30.0 0.0
-11.933372 32.902805 0.0
0.0 30.0 0.0
0.0 33.0 0.0
0.0 33.0 0.0
12.956232 35.723045 0.0
0.0 33.0 0.0
0.0 36.0 0.0
0.0 36.0 0.0
-13.979093 38.543285 0.0
-13.979093 38.543285 0.0
-36.147808 26.541758 8.961259
-13.979093 38.543285 0.0
-27.200268 36.45355 4.76622
-27.200268 36.45355 4.76622
-27.200268 41.45355 4.76622
-27.200268 36.45355 4.76622
-36.644302 30.8054 13.754655
0.0 36.0 0.0
0.0 39.0 0.0
0.0 39.0 0.0
-15.001953 41.363525 0.0
0.0 39.0 0.0
0.0 42.0 0.0
0.0 42.0 0.0
16.024813 44.18377 0.0
0.0 42.0 0.0
0.0 45.0 0.0
0.0 45.0 0.0
17.047674 47.00401 0.0
17.047674 47.00401 0.0
17.047674 52.00401 0.0
17.047674 47.00401 0.0
32.79684 43.42376 5.8124638
32.79684 43.42376 5.8124638
47.50142 23.417688 25.4854
32.79684 43.42376 5.8124638
43.631447 35.68575 16.646378
0.0 45.0 0.0
0.0 48.0 0.0
0.0 48.0 0.0
-18.070534 49.82425 0.0
0.0 48.0 0.0
0.0 51.0 0.0
0.0 51.0 0.0
19.093395 52.64449 0.0
0.0 51.0 0.0
0.0 54.0 0.0
0.0 54.0 0.0
20.116255 55.46473 0.0
20.116255 55.46473 0.0
20.116255 60.46473 0.0
20.116255 55.46473 0.0
38.393417 50.39396 6.858707
38.393417 50.39396 6.858707
54.751595 26.443731 29.87606
38.393417 50.39396 6.858707
50.618595 40.566086 19.538103
50.618595 40.566086 19.538103
50.618595 45.566086 19.538103
50.618595 45.566086 19.538103
33.75596 66.03192 1.108799
50.618595 45.566086 19.538103
50.618595 50.566086 19.538103
50.618595 50.566086 19.538103
57.417248 38.283413 35.62597
50.618595 50.566086 19.538103
50.618595 55.566086 19.538103
50.618595 40.566086 19.538103
54.007713 28.88261 35.62597
54.007713 28.88261 35.62597
54.007713 33.88261 35.62597
54.007713 28.88261 35.62597
47.862785 18.683117 51.905388
47.862785 18.683117 51.905388
17.838284 15.958193 70.51977
47.862785 18.683117 51.905388
33.73671 12.9568405 65.11421
33.73671 12.9568405 65.11421
-0.65242004 23.941418 71.60208
-0.65242004 23.941418 71.60208
-13.659055 35.74006 67.08926
-0.65242004 23.941418 71.60208
-17.060057 51.957848 54.536472
-17.060057 51.957848 54.536472
21.20701 76.80402 12.683559
-17.060057 51.957848 54.536472
-0.3689041 74.520164 30.92052
33.73671 12.9568405 65.11421
15.066648 13.636937 72.715225
15.066648 13.636937 72.715225
15.066648 18.636936 72.715225
15.066648 13.636937 72.715225
-3.637457 21.14409 73.49516
-3.637457 21.14409 73.49516
-21.543041 52.05749 54.075863
-3.637457 21.14409 73.49516
-17.85762 34.287193 67.85114
0.0 54.0 0.0
0.0 57.0 0.0
0.0 57.0 0.0
-21.139114 58.28497 0.0
0.0 57.0 0.0
0.0 60.0 0.0
0.0 60.0 0.0
22.161976 61.10521 0.0
0.0 60.0 0.0
0.0 63.0 0.0
0.0 63.0 0.0
-23.184835 63.925453 0.0
-23.184835 63.925453 0.0
-57.841698 41.49334 14.862575
-23.184835 63.925453 0.0
-43.98999 57.364162 7.90495
-43.98999 57.364162 7.90495
-43.98999 62.364162 7.90495
-43.98999 57.364162 7.90495
-57.605743 45.446426 22.429827
0.0 63.0 0.0
0.0 66.0 0.0
0.0 66.0 0.0
-24.207697 66.74569 0.0
0.0 66.0 0.0
0.0 69.0 0.0
0.0 69.0 0.0
25.230556 69.56593 0.0
0.0 69.0 0.0
0.0 72.0 0.0
0.0 72.0 0.0
26.253418 72.38617 0.0
26.253418 72.38617 0.0
26.253418 77.38617 0.0
26.253418 72.38617 0.0
49.58656 64.334366 8.951194
49.58656 64.334366 8.951194
69.25196 32.495827 38.65738
49.58656 64.334366 8.951194
64.59288 50.32677 25.321548
0.0 72.0 0.0
0.0 75.0 0.0
0.0 75.0 0.0
-27.276278 75.20641 0.0
0.0 75.0 0.0
0.0 78.0 0.0
0.0 78.0 0.0
28.299137 78.02666 0.0
0.0 78.0 0.0
0.0 81.0 0.0
