0.0 0.0 0.0
0.0 3.0 0.0
0.0 3.0 0.0
-5.7325525 4.017193 0.0
0.0 3.0 0.0
0.0 6.0 0.0
0.0 6.0 0.0
8.189362 5.7388473 0.0
0.0 6.0 0.0
0.0 9.0 0.0
0.0 9.0 0.0
-10.64617 7.4605017 0.0
-10.64617 7.4605017 0.0
-12.012514 -0.4961443 10.0068655
-10.64617 7.4605017 0.0
-12.891667 1.5735741 8.718533
-12.891667 1.5735741 8.718533
-12.891667 5.573574 8.718533
-12.891667 1.5735741 8.718533
-4.7126985 2.9869678 15.560884
0.0 9.0 0.0
0.0 12.0 0.0
0.0 12.0 0.0
-13.102978 9.182156 0.0
0.0 12.0 0.0
0.0 15.0 0.0
0.0 15.0 0.0
15.559786 10.90381 0.0
0.0 15.0 0.0
0.0 18.0 0.0
0.0 18.0 0.0
18.016594 12.6254635 0.0
18.016594 12.6254635 0.0
18.016594 16.625463 0.0
18.016594 12.6254635 0.0
19.548843 1.0737524 14.754439
19.548843 1.0737524 14.754439
11.779873 17.57549 13.339055
19.548843 1.0737524 14.754439
3.6591504 3.6194415 24.4766
0.0 18.0 0.0
0.0 21.0 0.0
0.0 21.0 0.0
-20.473402 14.347118 0.0
0.0 21.0 0.0
0.0 24.0 0.0
0.0 24.0 0.0
22.93021 16.068771 0.0
0.0 24.0 0.0
0.0 27.0 0.0
