0.0 0.0 0.0
0.0 3.0 0.0
0.0 3.0 0.0
-4.6359887 5.24477 0.0
0.0 3.0 0.0
0.0 6.0 0.0
0.0 6.0 0.0
6.622841 7.4925284 0.0
0.0 6.0 0.0
0.0 10.0 0.0
0.0 6.0 0.0
-6.622841 7.4925284 0.0
-6.622841 7.4925284 0.0
-11.50541 0.6039505 6.572748
-6.622841 7.4925284 0.0
-11.329248 5.3244357 4.386202
-11.329248 5.3244357 4.386202
-11.329248 9.324436 4.386202
-11.329248 5.3244357 4.386202
-10.358924 3.2884576 10.789556
0.0 6.0 0.0
0.0 9.0 0.0
0.0 9.0 0.0
-8.609693 9.740287 0.0
0.0 9.0 0.0
0.0 12.0 0.0
0.0 12.0 0.0
10.596545 11.988046 0.0
0.0 12.0 0.0
0.0 16.0 0.0
0.0 12.0 0.0
10.596545 11.988046 0.0
10.596545 11.988046 0.0
10.596545 15.988046 0.0
10.596545 11.988046 0.0
16.537315 6.72089 7.0179234
16.537315 6.72089 7.0179234
10.034017 6.2134957 17.27375
16.537315 6.72089 7.0179234
12.901568 2.9047432 16.2106
0.0 12.0 0.0
0.0 16.0 0.0
0.0 16.0 0.0
-13.245682 14.985057 0.0
0.0 16.0 0.0
0.0 20.0 0.0
0.0 20.0 0.0
15.894817 17.982069 0.0
0.0 20.0 0.0
0.0 24.0 0.0
