0.0 0.0 0.0
0.0 3.0 0.0
0.0 3.0 0.0
-4.569538 5.3027654 0.0
0.0 3.0 0.0
0.0 6.0 0.0
0.0 6.0 0.0
6.527911 7.575379 0.0
0.0 6.0 0.0
0.0 10.0 0.0
0.0 6.0 0.0
-6.527911 7.575379 0.0
-6.527911 7.575379 0.0
-11.590836 0.7562301 6.4562874
-6.527911 7.575379 0.0
-11.302436 5.5406446 4.2613626
-11.302436 5.5406446 4.2613626
-11.302436 9.540645 4.2613626
-11.302436 5.5406446 4.2613626
-10.606802 3.4541082 10.606274
0.0 6.0 0.0
0.0 9.0 0.0
0.0 9.0 0.0
-8.486285 9.847993 0.0
0.0 9.0 0.0
0.0 12.0 0.0
0.0 12.0 0.0
10.444658 12.120606 0.0
0.0 12.0 0.0
0.0 16.0 0.0
0.0 12.0 0.0
10.444658 12.120606 0.0
10.444658 12.120606 0.0
10.444658 16.120605 0.0
10.444658 12.120606 0.0
16.517199 7.0469394 6.8181806
16.517199 7.0469394 6.8181806
10.290014 5.888049 17.343206
16.517199 7.0469394 6.8181806
13.318279 3.1059637 15.947311
0.0 12.0 0.0
0.0 16.0 0.0
0.0 16.0 0.0
-13.055822 15.150758 0.0
0.0 16.0 0.0
0.0 20.0 0.0
0.0 20.0 0.0
15.666987 18.18091 0.0
0.0 20.0 0.0
0.0 24.0 0.0
