0.0 0.0 0.0
0.0 3.0 0.0
0.0 3.0 0.0
-3.108287 6.272045 0.0
0.0 3.0 0.0
0.0 6.0 0.0
0.0 6.0 0.0
4.44041 8.960065 0.0
0.0 6.0 0.0
0.0 10.0 0.0
0.0 6.0 0.0
-4.44041 8.960065 0.0
-4.44041 8.960065 0.0
-11.9415 5.7093353 3.5333555
-4.44041 8.960065 0.0
-9.319684 9.845624 1.9717243
-9.319684 9.845624 1.9717243
-9.319684 13.845624 1.9717243
-9.319684 9.845624 1.9717243
-12.845648 9.086575 5.9049997
0.0 6.0 0.0
0.0 9.0 0.0
0.0 9.0 0.0
-5.7725334 11.648084 0.0
0.0 9.0 0.0
0.0 12.0 0.0
0.0 12.0 0.0
7.104656 14.336103 0.0
0.0 12.0 0.0
0.0 16.0 0.0
0.0 12.0 0.0
7.104656 14.336103 0.0
7.104656 14.336103 0.0
7.104656 18.336103 0.0
7.104656 14.336103 0.0
13.845797 13.602584 3.1547587
13.845797 13.602584 3.1547587
17.565353 5.98584 12.928174
13.845797 13.602584 3.1547587
17.676893 10.885323 8.974786
0.0 12.0 0.0
0.0 16.0 0.0
0.0 16.0 0.0
-8.88082 17.92013 0.0
0.0 16.0 0.0
0.0 20.0 0.0
0.0 20.0 0.0
10.656984 21.504154 0.0
0.0 20.0 0.0
0.0 24.0 0.0
