0.0 0.0 0.0
0.0 3.0 0.0
0.0 3.0 0.0
-4.774156 3.6342034 0.0
0.0 3.0 0.0
0.0 6.0 0.0
0.0 6.0 0.0
7.161234 5.451305 0.0
0.0 6.0 0.0
0.0 9.0 0.0
0.0 6.0 0.0
-7.161234 5.451305 0.0
-7.161234 5.451305 0.0
-8.653906 -0.41231263 6.9027348
-7.161234 5.451305 0.0
-9.351906 1.6675928 5.6981416
-9.351906 1.6675928 5.6981416
-9.351906 4.667593 5.6981416
-9.351906 1.6675928 5.6981416
-4.398705 1.927645 10.892611
0.0 6.0 0.0
0.0 9.0 0.0
0.0 9.0 0.0
-9.548312 7.268407 0.0
0.0 9.0 0.0
0.0 12.0 0.0
0.0 12.0 0.0
11.93539 9.085508 0.0
0.0 12.0 0.0
0.0 15.0 0.0
0.0 12.0 0.0
11.93539 9.085508 0.0
11.93539 9.085508 0.0
11.93539 12.085508 0.0
11.93539 9.085508 0.0
13.995125 1.5679197 9.496902
13.995125 1.5679197 9.496902
7.8324714 11.199179 10.961357
13.995125 1.5679197 9.496902
4.19205 2.0345638 16.888098
0.0 12.0 0.0
0.0 15.0 0.0
0.0 15.0 0.0
-14.322468 10.90261 0.0
0.0 15.0 0.0
0.0 18.0 0.0
0.0 18.0 0.0
16.709547 12.719711 0.0
0.0 18.0 0.0
0.0 21.0 0.0
