0.0 0.0 0.0
0.0 3.0 0.0
0.0 3.0 0.0
-6.265274 4.9745693 0.0
0.0 3.0 0.0
0.0 6.0 0.0
0.0 6.0 0.0
8.614752 6.8400326 0.0
0.0 6.0 0.0
0.0 11.0 0.0
0.0 6.0 0.0
-8.614752 6.8400326 0.0
-8.614752 6.8400326 0.0
-11.9744835 -0.7819272 8.39051
-8.614752 6.8400326 0.0
-12.603624 3.167128 6.7467227
-12.603624 3.167128 6.7467227
-12.603624 8.167128 6.7467227
-12.603624 3.167128 6.7467227
-7.983946 3.078741 14.065901
0.0 6.0 0.0
0.0 9.0 0.0
0.0 9.0 0.0
-10.96423 8.705496 0.0
0.0 9.0 0.0
0.0 12.0 0.0
0.0 12.0 0.0
13.313707 10.57096 0.0
0.0 12.0 0.0
0.0 17.0 0.0
0.0 12.0 0.0
13.313707 10.57096 0.0
13.313707 10.57096 0.0
13.313707 15.57096 0.0
13.313707 10.57096 0.0
17.342442 3.1987767 10.426753
17.342442 3.1987767 10.426753
11.178441 11.861332 14.5275135
17.342442 3.1987767 10.426753
8.048931 3.0477915 20.06547
0.0 12.0 0.0
0.0 17.0 0.0
0.0 17.0 0.0
-17.229504 13.680065 0.0
0.0 17.0 0.0
0.0 22.0 0.0
0.0 22.0 0.0
21.1453 16.789171 0.0
0.0 22.0 0.0
0.0 27.0 0.0
0.0 12.0 0.0
-13.313707 10.57096 0.0
-13.313707 10.57096 0.0
-15.849738 -0.5902233 12.967152
-13.313707 10.57096 0.0
-17.342442 3.1987767 10.426753
-17.342442 3.1987767 10.426753
-17.342442 8.198776 10.426753
-17.342442 3.1987767 10.426753
-8.048931 3.0477915 20.06547
-17.342442 3.1987767 10.426753
-11.178441 11.861332 14.5275135
-11.178441 11.861332 14.5275135
-21.968813 -8.250553 -8.34328
-11.178441 11.861332 14.5275135
-20.204142 12.426918 7.594414
-20.204142 12.426918 7.594414
-17.761852 5.6552587 20.54543
-20.204142 12.426918 7.594414
-19.6881 7.714514 17.956749
-17.342442 3.1987767 10.426753
-8.048931 3.0477915 20.06547
-8.048931 3.0477915 20.06547
-12.681866 18.987223 3.2910385
-8.048931 3.0477915 20.06547
0.35666847 13.391502 18.78073
0.35666847 13.391502 18.78073
0.35666847 18.391502 18.78073
0.35666847 13.391502 18.78073
-5.1196327 23.12886 11.398927
0.35666847 13.391502 18.78073
0.35666847 18.391502 18.78073
0.35666847 18.391502 18.78073
-9.035428 26.237965 11.398927
0.35666847 18.391502 18.78073
0.35666847 23.391502 18.78073
0.35666847 23.391502 18.78073
13.227044 28.999687 11.957583
0.35666847 23.391502 18.78073
0.35666847 28.391502 18.78073
0.35666847 13.391502 18.78073
-5.1196327 23.12886 11.398927
-5.1196327 23.12886 11.398927
-30.17634 5.5673532 2.402495
-5.1196327 23.12886 11.398927
-18.457836 21.989336 11.097582
-18.457836 21.989336 11.097582
-18.457836 26.989336 11.097582
-18.457836 21.989336 11.097582
-22.869528 14.600425 21.356136
0.0 12.0 0.0
0.0 15.0 0.0
0.0 15.0 0.0
-15.663185 12.436423 0.0
0.0 15.0 0.0
0.0 18.0 0.0
0.0 18.0 0.0
18.012663 14.301887 0.0
0.0 18.0 0.0
0.0 23.0 0.0
0.0 18.0 0.0
-18.012663 14.301887 0.0
-18.012663 14.301887 0.0
-19.724995 -0.39851928 17.543793
-18.012663 14.301887 0.0
-22.081257 3.2304258 14.106784
-22.081257 3.2304258 14.106784
-22.081257 8.230426 14.106784
-22.081257 3.2304258 14.106784
-8.113915 3.0168447 26.065037
0.0 18.0 0.0
0.0 21.0 0.0
0.0 21.0 0.0
-20.36214 16.16735 0.0
0.0 21.0 0.0
0.0 24.0 0.0
0.0 24.0 0.0
22.711618 18.032814 0.0
0.0 24.0 0.0
0.0 29.0 0.0
0.0 24.0 0.0
22.711618 18.032814 0.0
22.711618 18.032814 0.0
22.711618 23.032814 0.0
22.711618 18.032814 0.0
26.82007 3.2620735 17.786814
26.82007 3.2620735 17.786814
13.352002 20.921303 22.090084
26.82007 3.2620735 17.786814
8.178899 2.9858959 32.064606
0.0 24.0 0.0
0.0 29.0 0.0
0.0 29.0 0.0
-26.627415 21.14192 0.0
0.0 29.0 0.0
0.0 34.0 0.0
0.0 34.0 0.0
30.543211 24.251026 0.0
0.0 34.0 0.0
0.0 39.0 0.0
0.0 24.0 0.0
22.711618 18.032814 0.0
22.711618 18.032814 0.0
22.711618 23.032814 0.0
22.711618 18.032814 0.0
26.82007 3.2620735 17.786814
26.82007 3.2620735 17.786814
13.352002 20.921303 22.090084
26.82007 3.2620735 17.786814
8.178899 2.9858959 32.064606
26.82007 3.2620735 17.786814
26.82007 8.2620735 17.786814
26.82007 8.2620735 17.786814
8.645888 32.21695 -9.94417
26.82007 8.2620735 17.786814
26.82007 13.2620735 17.786814
26.82007 13.2620735 17.786814
16.01049 9.204107 32.064606
26.82007 13.2620735 17.786814
26.82007 18.262074 17.786814
26.82007 3.2620735 17.786814
8.178899 2.9858959 32.064606
8.178899 2.9858959 32.064606
8.178899 7.985896 32.064606
8.178899 2.9858959 32.064606
-6.198287 20.649252 26.34383
-6.198287 20.649252 26.34383
30.479218 17.80769 -12.008484
-6.198287 20.649252 26.34383
4.861758 35.125404 11.526905
-6.198287 20.649252 26.34383
30.479218 17.80769 -12.008484
30.479218 17.80769 -12.008484
35.495148 -8.025883 16.402952
30.479218 17.80769 -12.008484
21.12891 -9.83234 32.40789
21.12891 -9.83234 32.40789
27.7261 18.481472 -20.24234
21.12891 -9.83234 32.40789
3.5340014 36.50284 13.232803
-6.198287 20.649252 26.34383
4.861758 35.125404 11.526905
4.861758 35.125404 11.526905
4.861758 40.125404 11.526905
4.861758 35.125404 11.526905
27.691008 29.653114 10.975204
27.691008 29.653114 10.975204
37.596992 8.669734 24.482386
27.691008 29.653114 10.975204
32.501194 14.794449 28.511082
0.0 24.0 0.0
0.0 29.0 0.0
0.0 29.0 0.0
-26.627415 21.14192 0.0
0.0 29.0 0.0
0.0 34.0 0.0
0.0 34.0 0.0
30.543211 24.251026 0.0
0.0 34.0 0.0
0.0 39.0 0.0
0.0 34.0 0.0
-30.543211 24.251026 0.0
-30.543211 24.251026 0.0
-30.059006 0.1126914 29.74817
-30.543211 24.251026 0.0
-34.718098 3.3148222 23.920198
-34.718098 3.3148222 23.920198
-34.718098 8.314822 23.920198
-34.718098 3.3148222 23.920198
-8.287206 2.934316 42.063885
0.0 34.0 0.0
0.0 39.0 0.0
0.0 39.0 0.0
-34.459007 27.36013 0.0
0.0 39.0 0.0
0.0 44.0 0.0
0.0 44.0 0.0
38.3748 30.469236 0.0
0.0 44.0 0.0
0.0 49.0 0.0
0.0 44.0 0.0
38.3748 30.469236 0.0
38.3748 30.469236 0.0
38.3748 35.46924 0.0
38.3748 30.469236 0.0
42.616123 3.367569 30.053581
42.616123 3.367569 30.053581
16.974606 36.021255 34.69437
42.616123 3.367569 30.053581
8.395512 2.882736 52.063164
0.0 44.0 0.0
0.0 49.0 0.0
0.0 49.0 0.0
-42.2906 33.578342 0.0
0.0 49.0 0.0
0.0 54.0 0.0
0.0 54.0 0.0
46.206398 36.68745 0.0
0.0 54.0 0.0
0.0 59.0 0.0
