0.0 0.0 0.0
0.0 3.0 0.0
0.0 3.0 0.0
-5.530574 4.2910085 0.0
0.0 3.0 0.0
0.0 6.0 0.0
0.0 6.0 0.0
7.90082 6.1300125 0.0
0.0 6.0 0.0
0.0 9.0 0.0
0.0 9.0 0.0
-10.271066 7.969016 0.0
-10.271066 7.969016 0.0
-12.227749 -0.5018935 9.94899
-10.271066 7.969016 0.0
-13.316068 2.3625264 8.114984
-13.316068 2.3625264 8.114984
-13.316068 6.3625264 8.114984
-13.316068 2.3625264 8.114984
-6.100444 2.5165951 15.49528
0.0 9.0 0.0
0.0 12.0 0.0
0.0 12.0 0.0
-12.641312 9.80802 0.0
0.0 12.0 0.0
0.0 15.0 0.0
0.0 15.0 0.0
15.011558 11.647023 0.0
0.0 15.0 0.0
0.0 18.0 0.0
0.0 18.0 0.0
17.381804 13.486027 0.0
17.381804 13.486027 0.0
17.381804 17.486027 0.0
17.381804 13.486027 0.0
20.346964 2.30058 13.733049
20.346964 2.30058 13.733049
10.664169 16.216707 16.296833
20.346964 2.30058 13.733049
5.972556 2.5803723 24.494144
0.0 18.0 0.0
0.0 21.0 0.0
0.0 21.0 0.0
-19.752048 15.32503 0.0
0.0 21.0 0.0
0.0 24.0 0.0
0.0 24.0 0.0
22.122295 17.164034 0.0
0.0 24.0 0.0
0.0 27.0 0.0
