0.0 0.0 0.0
0.0 3.0 0.0
0.0 3.0 0.0
-2.8894458 6.375822 0.0
0.0 3.0 0.0
0.0 6.0 0.0
0.0 6.0 0.0
4.1277795 9.108316 0.0
0.0 6.0 0.0
0.0 9.0 0.0
0.0 9.0 0.0
-5.3661137 11.840812 0.0
-5.3661137 11.840812 0.0
-14.243399 7.782724 4.035009
-5.3661137 11.840812 0.0
-10.990542 12.410809 2.2150135
-10.990542 12.410809 2.2150135
-10.990542 16.410809 2.2150135
-10.990542 12.410809 2.2150135
-15.059151 11.192763 6.554158
0.0 9.0 0.0
0.0 12.0 0.0
0.0 12.0 0.0
-6.6044474 14.573307 0.0
0.0 12.0 0.0
0.0 15.0 0.0
0.0 15.0 0.0
7.842781 17.305801 0.0
0.0 15.0 0.0
0.0 18.0 0.0
0.0 18.0 0.0
9.081115 20.038298 0.0
9.081115 20.038298 0.0
9.081115 24.038298 0.0
9.081115 20.038298 0.0
17.456303 18.480606 3.7484841
17.456303 18.480606 3.7484841
22.632195 8.286194 15.597244
17.456303 18.480606 3.7484841
22.352177 14.551668 10.619815
0.0 18.0 0.0
0.0 21.0 0.0
0.0 21.0 0.0
-10.319449 22.770792 0.0
0.0 21.0 0.0
0.0 24.0 0.0
0.0 24.0 0.0
11.557783 25.503288 0.0
0.0 24.0 0.0
0.0 27.0 0.0
