0.0 0.0 0.0
0.0 3.0 0.0
0.0 3.0 0.0
-3.6292698 4.7779074 0.0
0.0 3.0 0.0
0.0 6.0 0.0
0.0 6.0 0.0
5.443905 7.1668615 0.0
0.0 6.0 0.0
0.0 9.0 0.0
0.0 6.0 0.0
-5.443905 7.1668615 0.0
-5.443905 7.1668615 0.0
-10.185972 1.3204259 5.2443905
-5.443905 7.1668615 0.0
-9.601815 5.473859 3.2928998
-9.601815 5.473859 3.2928998
-9.601815 8.473859 3.2928998
-9.601815 5.473859 3.2928998
-9.628269 3.327726 8.430124
0.0 6.0 0.0
0.0 9.0 0.0
0.0 9.0 0.0
-7.2585397 9.555815 0.0
0.0 9.0 0.0
0.0 12.0 0.0
0.0 12.0 0.0
9.073174 11.944769 0.0
0.0 12.0 0.0
0.0 15.0 0.0
0.0 12.0 0.0
9.073174 11.944769 0.0
9.073174 11.944769 0.0
9.073174 14.944769 0.0
9.073174 11.944769 0.0
14.793268 7.5304623 5.4881663
14.793268 7.5304623 5.4881663
9.790765 4.0952225 15.723279
14.793268 7.5304623 5.4881663
13.1068735 3.2680402 13.318452
0.0 12.0 0.0
0.0 15.0 0.0
0.0 15.0 0.0
-10.88781 14.333723 0.0
0.0 15.0 0.0
0.0 18.0 0.0
0.0 18.0 0.0
12.702444 16.722677 0.0
0.0 18.0 0.0
0.0 21.0 0.0
0.0 12.0 0.0
-9.073174 11.944769 0.0
-9.073174 11.944769 0.0
-15.049918 1.6642203 8.740651
-9.073174 11.944769 0.0
-14.793268 7.5304623 5.4881663
-14.793268 7.5304623 5.4881663
-14.793268 10.530462 5.4881663
-14.793268 7.5304623 5.4881663
-13.1068735 3.2680402 13.318452
-14.793268 7.5304623 5.4881663
-9.790765 4.0952225 15.723279
-9.790765 4.0952225 15.723279
-13.321783 14.320951 3.2959318
-9.790765 4.0952225 15.723279
-3.4765756 13.965097 13.649626
-3.4765756 13.965097 13.649626
-5.8917036 16.829124 12.972347
-3.4765756 13.965097 13.649626
-13.066251 16.319866 7.010599
-14.793268 7.5304623 5.4881663
-13.1068735 3.2680402 13.318452
-13.1068735 3.2680402 13.318452
-3.5397599 10.654494 16.19912
-13.1068735 3.2680402 13.318452
-5.6875906 3.5510192 18.533787
-5.6875906 3.5510192 18.533787
-5.6875906 6.551019 18.533787
-5.6875906 3.5510192 18.533787
1.358073 9.258222 18.199087
-5.6875906 3.5510192 18.533787
-5.6875906 6.551019 18.533787
-5.6875906 6.551019 18.533787
-0.45656204 11.647176 18.199087
-5.6875906 6.551019 18.533787
-5.6875906 9.55102 18.533787
-5.6875906 9.55102 18.533787
-4.942059 19.515276 11.318487
-5.6875906 9.55102 18.533787
-5.6875906 12.55102 18.533787
-5.6875906 3.5510192 18.533787
1.358073 9.258222 18.199087
1.358073 9.258222 18.199087
-7.008357 20.528715 3.573504
1.358073 9.258222 18.199087
2.2125058 17.074234 13.67079
2.2125058 17.074234 13.67079
2.2125058 20.074234 13.67079
2.2125058 17.074234 13.67079
-4.154586 22.05302 9.547998
0.0 12.0 0.0
0.0 15.0 0.0
0.0 15.0 0.0
-10.88781 14.333723 0.0
0.0 15.0 0.0
0.0 18.0 0.0
0.0 18.0 0.0
12.702444 16.722677 0.0
0.0 18.0 0.0
0.0 21.0 0.0
0.0 18.0 0.0
-12.702444 16.722677 0.0
-12.702444 16.722677 0.0
-19.913864 2.0080156 12.236911
-12.702444 16.722677 0.0
-19.984722 9.587067 7.683433
-19.984722 9.587067 7.683433
-19.984722 12.587067 7.683433
-19.984722 9.587067 7.683433
-16.58548 3.2083545 18.20678
0.0 18.0 0.0
0.0 21.0 0.0
0.0 21.0 0.0
-14.517079 19.11163 0.0
0.0 21.0 0.0
0.0 24.0 0.0
0.0 24.0 0.0
16.331715 21.500584 0.0
0.0 24.0 0.0
0.0 27.0 0.0
0.0 24.0 0.0
16.331715 21.500584 0.0
16.331715 21.500584 0.0
16.331715 24.500584 0.0
16.331715 21.500584 0.0
25.176176 11.643667 9.8787
25.176176 11.643667 9.8787
13.365754 6.5900955 26.9034
25.176176 11.643667 9.8787
20.064083 3.1486654 23.095108
0.0 24.0 0.0
0.0 27.0 0.0
0.0 27.0 0.0
-18.146349 23.889538 0.0
0.0 27.0 0.0
0.0 30.0 0.0
0.0 30.0 0.0
19.960983 26.278492 0.0
0.0 30.0 0.0
0.0 33.0 0.0
0.0 24.0 0.0
16.331715 21.500584 0.0
16.331715 21.500584 0.0
16.331715 24.500584 0.0
16.331715 21.500584 0.0
25.176176 11.643667 9.8787
25.176176 11.643667 9.8787
13.365754 6.5900955 26.9034
25.176176 11.643667 9.8787
20.064083 3.1486654 23.095108
25.176176 11.643667 9.8787
25.176176 14.643667 9.8787
25.176176 14.643667 9.8787
10.050829 29.791111 -7.361936
25.176176 14.643667 9.8787
25.176176 17.643667 9.8787
25.176176 17.643667 9.8787
23.693352 7.9265738 23.095108
25.176176 17.643667 9.8787
25.176176 20.643667 9.8787
25.176176 11.643667 9.8787
20.064083 3.1486654 23.095108
20.064083 3.1486654 23.095108
20.064083 6.1486654 23.095108
20.064083 3.1486654 23.095108
5.31793 3.681903 30.527378
5.31793 3.681903 30.527378
-1.0690198 28.748936 13.311834
5.31793 3.681903 30.527378
-7.2903333 13.928692 27.5262
5.31793 3.681903 30.527378
-1.0690198 28.748936 13.311834
-1.0690198 28.748936 13.311834
12.11437 30.667671 9.953826
-1.0690198 28.748936 13.311834
27.068485 21.146708 2.540985
27.068485 21.146708 2.540985
27.00105 2.5677662 24.219265
27.068485 21.146708 2.540985
24.552845 1.8405056 26.758055
5.31793 3.681903 30.527378
-7.2903333 13.928692 27.5262
-7.2903333 13.928692 27.5262
-7.2903333 16.928692 27.5262
-7.2903333 13.928692 27.5262
-7.64186 27.063421 17.509842
-7.64186 27.063421 17.509842
23.886972 26.289028 -2.6648736
-7.64186 27.063421 17.509842
4.9047766 34.027397 9.321006
0.0 24.0 0.0
0.0 27.0 0.0
0.0 27.0 0.0
-18.146349 23.889538 0.0
0.0 27.0 0.0
0.0 30.0 0.0
0.0 30.0 0.0
19.960983 26.278492 0.0
0.0 30.0 0.0
0.0 33.0 0.0
0.0 30.0 0.0
-19.960983 26.278492 0.0
-19.960983 26.278492 0.0
-29.641756 2.6956053 19.229431
-19.960983 26.278492 0.0
-30.36763 13.7002735 12.073966
-30.36763 13.7002735 12.073966
-30.36763 16.700274 12.073966
-30.36763 13.7002735 12.073966
-23.54269 3.0889807 27.983437
0.0 30.0 0.0
0.0 33.0 0.0
0.0 33.0 0.0
-21.77562 28.667446 0.0
0.0 33.0 0.0
0.0 36.0 0.0
0.0 36.0 0.0
23.590254 31.0564 0.0
0.0 36.0 0.0
0.0 39.0 0.0
0.0 36.0 0.0
23.590254 31.0564 0.0
23.590254 31.0564 0.0
23.590254 34.0564 0.0
23.590254 31.0564 0.0
35.559082 15.756877 14.269233
35.559082 15.756877 14.269233
16.940748 9.084969 38.08352
35.559082 15.756877 14.269233
27.021296 3.029296 32.871765
0.0 36.0 0.0
0.0 39.0 0.0
0.0 39.0 0.0
-25.404888 33.445354 0.0
0.0 39.0 0.0
0.0 42.0 0.0
0.0 42.0 0.0
27.219524 35.83431 0.0
0.0 42.0 0.0
0.0 45.0 0.0
