0.0 0.0 0.0
0.0 3.0 0.0
0.0 3.0 0.0
-2.118467 7.7144084 0.0
0.0 3.0 0.0
0.0 6.0 0.0
0.0 6.0 0.0
2.9128923 10.607311 0.0
0.0 6.0 0.0
0.0 11.0 0.0
0.0 6.0 0.0
-2.9128923 10.607311 0.0
-2.9128923 10.607311 0.0
-10.123949 12.139427 1.4876435
-2.9128923 10.607311 0.0
-6.841577 14.306326 0.7713583
-6.841577 14.306326 0.7713583
-6.841577 19.306326 0.7713583
-6.841577 14.306326 0.7713583
-11.2773285 16.924171 2.5555286
0.0 6.0 0.0
0.0 9.0 0.0
0.0 9.0 0.0
-3.7073174 13.500215 0.0
0.0 9.0 0.0
0.0 12.0 0.0
0.0 12.0 0.0
4.5017424 16.393118 0.0
0.0 12.0 0.0
0.0 17.0 0.0
0.0 12.0 0.0
4.5017424 16.393118 0.0
4.5017424 16.393118 0.0
4.5017424 21.393118 0.0
4.5017424 16.393118 0.0
9.851142 19.479864 1.1920991
9.851142 19.479864 1.1920991
19.2604 17.032082 6.0559883
9.851142 19.479864 1.1920991
15.338411 21.174015 3.7582073
0.0 12.0 0.0
0.0 17.0 0.0
0.0 17.0 0.0
-5.8257847 21.214622 0.0
0.0 17.0 0.0
0.0 22.0 0.0
0.0 22.0 0.0
7.1498265 26.036129 0.0
0.0 22.0 0.0
0.0 27.0 0.0
