0.0 0.0 0.0
0.0 5.0 0.0
0.0 5.0 0.0
-5.0 8.660254 0.0
0.0 5.0 0.0
0.0 10.0 0.0
0.0 10.0 0.0
7.5 12.990381 0.0
0.0 10.0 0.0
0.0 15.0 0.0
0.0 15.0 0.0
-10.0 17.320507 0.0
-10.0 17.320507 0.0
-21.830128 6.830126 8.6602545
-10.0 17.320507 0.0
-18.660254 14.999999 5.0
-18.660254 14.999999 5.0
-18.660254 20.0 5.0
-18.660254 14.999999 5.0
-21.830128 10.49038 13.660254
0.0 15.0 0.0
0.0 20.0 0.0
0.0 20.0 0.0
-12.5 21.650635 0.0
0.0 20.0 0.0
0.0 25.0 0.0
0.0 25.0 0.0
15.0 25.980762 0.0
0.0 25.0 0.0
0.0 30.0 0.0
0.0 30.0 0.0
17.5 30.310888 0.0
17.5 30.310888 0.0
17.5 35.31089 0.0
17.5 30.310888 0.0
30.780445 23.002405 8.75
30.780445 23.002405 8.75
28.157045 7.2353787 31.031649
30.780445 23.002405 8.75
33.297676 13.10997 22.967945
0.0 30.0 0.0
0.0 35.0 0.0
0.0 35.0 0.0
-20.0 34.641014 0.0
0.0 35.0 0.0
0.0 40.0 0.0
0.0 40.0 0.0
22.5 38.97114 0.0
0.0 40.0 0.0
0.0 45.0 0.0
0.0 45.0 0.0
-25.0 43.30127 0.0
-25.0 43.30127 0.0
-48.080128 13.325315 21.650637
-25.0 43.30127 0.0
-42.900635 31.004807 12.5
-42.900635 31.004807 12.5
-42.900635 36.004807 12.5
-42.900635 31.004807 12.5
-44.76522 15.729557 32.275635
-44.76522 15.729557 32.275635
-15.167868 15.187597 54.905632
-15.167868 15.187597 54.905632
-20.1876 54.905632 15.167865
-15.167868 15.187597 54.905632
2.499895 44.705147 40.588573
2.499895 44.705147 40.588573
-5.4022846 54.275547 33.900787
2.499895 44.705147 40.588573
-24.845581 56.376488 18.129313
-44.76522 15.729557 32.275635
-29.962934 6.6373215 50.33413
-29.962934 6.6373215 50.33413
4.226368 30.59493 51.115726
-29.962934 6.6373215 50.33413
-6.4955435 9.687417 58.5721
-6.4955435 9.687417 58.5721
-6.4955435 14.687417 58.5721
-6.4955435 9.687417 58.5721
13.147099 24.550049 53.9727
13.147099 24.550049 53.9727
13.147099 29.550049 53.9727
13.147099 29.550049 53.9727
15.9561615 49.107254 40.168175
13.147099 29.550049 53.9727
13.147099 34.55005 53.9727
13.147099 34.55005 53.9727
6.2644844 42.05166 53.315277
13.147099 34.55005 53.9727
13.147099 39.55005 53.9727
13.147099 24.550049 53.9727
18.456161 44.77713 40.168175
18.456161 44.77713 40.168175
-21.100891 63.006454 4.10058
18.456161 44.77713 40.168175
6.3468857 61.14205 25.558578
6.3468857 61.14205 25.558578
6.3468857 66.14205 25.558578
6.3468857 61.14205 25.558578
-17.243675 66.418625 18.960936
0.0 45.0 0.0
0.0 50.0 0.0
0.0 50.0 0.0
-27.5 47.631397 0.0
0.0 50.0 0.0
0.0 55.0 0.0
0.0 55.0 0.0
30.0 51.961525 0.0
0.0 55.0 0.0
0.0 60.0 0.0
0.0 60.0 0.0
-32.5 56.29165 0.0
-32.5 56.29165 0.0
-61.205124 16.57291 28.145826
-32.5 56.29165 0.0
-55.02082 39.00721 16.25
-55.02082 39.00721 16.25
-55.02082 44.00721 16.25
-55.02082 39.00721 16.25
-56.232765 18.349148 41.58332
0.0 60.0 0.0
0.0 65.0 0.0
0.0 65.0 0.0
-35.0 60.621777 0.0
0.0 65.0 0.0
0.0 70.0 0.0
0.0 70.0 0.0
37.5 64.951904 0.0
0.0 70.0 0.0
0.0 75.0 0.0
0.0 75.0 0.0
40.0 69.28203 0.0
40.0 69.28203 0.0
40.0 74.28203 0.0
40.0 69.28203 0.0
67.141014 47.009617 20.0
67.141014 47.009617 20.0
53.16665 11.931898 68.14583
67.141014 47.009617 20.0
67.70032 20.968737 50.891014
0.0 75.0 0.0
0.0 80.0 0.0
0.0 80.0 0.0
-42.5 73.61216 0.0
0.0 80.0 0.0
0.0 85.0 0.0
0.0 85.0 0.0
45.0 77.94228 0.0
0.0 85.0 0.0
0.0 90.0 0.0
0.0 90.0 0.0
47.5 82.272415 0.0
47.5 82.272415 0.0
47.5 87.272415 0.0
47.5 82.272415 0.0
79.26121 55.01202 23.75
79.26121 55.01202 23.75
61.50318 13.497402 80.51722
79.26121 55.01202 23.75
79.16786 23.588322 60.198708
79.16786 23.588322 60.198708
79.16786 28.588322 60.198708
79.16786 28.588322 60.198708
68.648544 78.41871 12.549679
79.16786 28.588322 60.198708
79.16786 33.58832 60.198708
79.16786 33.58832 60.198708
52.60325 14.187452 91.717545
79.16786 33.58832 60.198708
79.16786 38.58832 60.198708
79.16786 23.588322 60.198708
47.60325 5.5272007 91.717545
47.60325 5.5272007 91.717545
47.60325 10.527201 91.717545
47.60325 5.5272007 91.717545
1.251173 11.433399 103.23135
1.251173 11.433399 103.23135
-30.155949 85.09844 52.699223
1.251173 11.433399 103.23135
-35.545403 39.497803 90.02656
-35.545403 39.497803 90.02656
-9.332764 105.16044 14.230053
-9.332764 105.16044 14.230053
41.918854 103.00045 7.6572056
-9.332764 105.16044 14.230053
86.90675 69.79396 -0.9673848
86.90675 69.79396 -0.9673848
74.79396 -0.9673843 86.90675
86.90675 69.79396 -0.9673848
86.91905 -0.960289 74.77976
-35.545403 39.497803 90.02656
-43.39279 76.43448 60.192585
-43.39279 76.43448 60.192585
-43.39279 81.43448 60.192585
-43.39279 76.43448 60.192585
-17.891506 104.3621 30.431911
-17.891506 104.3621 30.431911
77.06008 85.25223 -0.27854443
-17.891506 104.3621 30.431911
28.085018 110.06558 17.409056
0.0 90.0 0.0
0.0 95.0 0.0
0.0 95.0 0.0
-50.0 86.60254 0.0
0.0 95.0 0.0
0.0 100.0 0.0
0.0 100.0 0.0
52.5 90.93266 0.0
0.0 100.0 0.0
0.0 105.0 0.0
0.0 105.0 0.0
-55.0 95.262794 0.0
-55.0 95.262794 0.0
-100.58013 26.315695 47.6314
-55.0 95.262794 0.0
-91.38139 63.014427 27.5
-91.38139 63.014427 27.5
-91.38139 68.01443 27.5
-91.38139 63.014427 27.5
-90.63541 26.20792 69.50639
0.0 105.0 0.0
0.0 110.0 0.0
0.0 110.0 0.0
-57.5 99.59292 0.0
0.0 110.0 0.0
0.0 115.0 0.0
0.0 115.0 0.0
60.0 103.92305 0.0
0.0 115.0 0.0
0.0 120.0 0.0
0.0 120.0 0.0
62.5 108.253174 0.0
62.5 108.253174 0.0
62.5 113.253174 0.0
62.5 108.253174 0.0
103.50159 71.01683 31.25
103.50159 71.01683 31.25
78.176254 16.628412 105.26001
103.50159 71.01683 31.25
102.10296 28.827503 78.81409
0.0 120.0 0.0
0.0 125.0 0.0
0.0 125.0 0.0
-65.0 112.5833 0.0
0.0 125.0 0.0
0.0 130.0 0.0
0.0 130.0 0.0
67.5 116.91343 0.0
0.0 130.0 0.0
0.0 135.0 0.0
