0.0 0.0 0.0
0.0 3.0 0.0
0.0 3.0 0.0
-5.723788 4.029671 0.0
0.0 3.0 0.0
0.0 6.0 0.0
0.0 6.0 0.0
8.17684 5.7566733 0.0
0.0 6.0 0.0
0.0 10.0 0.0
0.0 6.0 0.0
-8.17684 5.7566733 0.0
-8.17684 5.7566733 0.0
-10.115023 -0.69424605 7.6979055
-8.17684 5.7566733 0.0
-10.687622 1.7676456 6.686071
-10.687622 1.7676456 6.686071
-10.687622 5.767646 6.686071
-10.687622 1.7676456 6.686071
-5.110687 2.7597866 12.58805
0.0 6.0 0.0
0.0 9.0 0.0
0.0 9.0 0.0
-10.629892 7.483675 0.0
0.0 9.0 0.0
0.0 12.0 0.0
0.0 12.0 0.0
13.082944 9.210677 0.0
0.0 12.0 0.0
0.0 16.0 0.0
0.0 12.0 0.0
13.082944 9.210677 0.0
13.082944 9.210677 0.0
13.082944 13.210677 0.0
13.082944 9.210677 0.0
15.1377535 1.446631 10.697714
15.1377535 1.446631 10.697714
10.245104 12.450234 10.6436825
15.1377535 1.446631 10.697714
4.4346027 3.162464 18.536224
0.0 12.0 0.0
0.0 16.0 0.0
0.0 16.0 0.0
-16.35368 11.513347 0.0
0.0 16.0 0.0
0.0 20.0 0.0
0.0 20.0 0.0
19.624416 13.816015 0.0
0.0 20.0 0.0
0.0 24.0 0.0
