0.0 0.0 0.0
0.0 3.0 0.0
0.0 3.0 0.0
-2.7536213 7.5111628 0.0
0.0 3.0 0.0
0.0 6.0 0.0
0.0 6.0 0.0
3.7862294 10.327848 0.0
0.0 6.0 0.0
0.0 11.0 0.0
0.0 6.0 0.0
-3.7862294 10.327848 0.0
-3.7862294 10.327848 0.0
-12.11152 9.828571 2.4471939
-3.7862294 10.327848 0.0
-8.613541 13.167649 1.3032303
-8.613541 13.167649 1.3032303
-8.613541 18.167648 1.3032303
-8.613541 13.167649 1.3032303
-13.425235 14.42828 4.1884003
0.0 6.0 0.0
0.0 9.0 0.0
0.0 9.0 0.0
-4.818837 13.144535 0.0
0.0 9.0 0.0
0.0 12.0 0.0
0.0 12.0 0.0
5.851445 15.961221 0.0
0.0 12.0 0.0
0.0 17.0 0.0
0.0 12.0 0.0
5.851445 15.961221 0.0
5.851445 15.961221 0.0
5.851445 20.96122 0.0
5.851445 15.961221 0.0
12.3731 17.78938 2.0140831
12.3731 17.78938 2.0140831
20.940536 12.128525 9.534081
12.3731 17.78938 2.0140831
18.100464 17.636843 6.149867
0.0 12.0 0.0
0.0 17.0 0.0
0.0 17.0 0.0
-7.5724587 20.655697 0.0
0.0 17.0 0.0
0.0 22.0 0.0
0.0 22.0 0.0
9.293472 25.350174 0.0
0.0 22.0 0.0
0.0 27.0 0.0
