0.0 0.0 0.0
0.0 3.0 0.0
0.0 3.0 0.0
0.0 6.0 0.0
0.0 6.0 0.0
8.521709 6.9556065 0.0
8.521709 6.9556065 0.0
12.081211 7.500021 3.6537771
12.081211 7.500021 3.6537771
12.081211 12.500021 3.6537771
0.0 6.0 0.0
-4.7163715 9.937597 0.0
-4.7163715 9.937597 0.0
-4.7163715 14.937597 0.0
-4.7163715 14.937597 0.0
4.699133 19.838873 -2.0221965
0.0 6.0 0.0
0.0 9.0 0.0
0.0 9.0 0.0
0.0 12.0 0.0
0.0 12.0 0.0
13.169915 10.749574 0.0
13.169915 10.749574 0.0
17.501614 9.127075 5.6467466
17.501614 9.127075 5.6467466
17.501614 14.127075 5.6467466
0.0 12.0 0.0
-7.288938 15.358105 0.0
-7.288938 15.358105 0.0
-7.288938 20.358105 0.0
-7.288938 20.358105 0.0
4.9235992 25.73234 -3.125213
0.0 12.0 0.0
13.169915 10.749574 0.0
13.169915 10.749574 0.0
17.467049 3.5074139 10.2027445
17.467049 3.5074139 10.2027445
11.038323 11.51721 15.069148
11.038323 11.51721 15.069148
13.170713 15.594221 14.321125
13.170713 15.594221 14.321125
14.205102 15.165417 19.25901
17.467049 3.5074139 10.2027445
13.951587 2.7955136 16.706533
13.951587 2.7955136 16.706533
3.4336278 8.121544 21.372314
3.4336278 8.121544 21.372314
7.9754586 22.49068 8.444048
17.467049 3.5074139 10.2027445
13.951587 2.7955136 16.706533
13.951587 2.7955136 16.706533
8.257912 4.709717 21.074879
8.257912 4.709717 21.074879
5.0074267 20.274492 13.057294
5.0074267 20.274492 13.057294
15.186024 21.365288 12.135749
15.186024 21.365288 12.135749
18.997906 20.16755 17.474829
8.257912 4.709717 21.074879
8.257912 9.709717 21.074879
8.257912 9.709717 21.074879
4.883401 13.964639 22.580093
4.883401 13.964639 22.580093
5.583297 23.151363 18.061197
8.257912 4.709717 21.074879
8.257912 9.709717 21.074879
8.257912 9.709717 21.074879
8.257912 14.709717 21.074879
8.257912 14.709717 21.074879
8.247122 21.06607 19.723644
8.247122 21.06607 19.723644
10.267158 23.979946 21.35474
10.267158 23.979946 21.35474
10.267158 28.979946 21.35474
8.257912 14.709717 21.074879
6.4524145 24.87914 15.498752
6.4524145 24.87914 15.498752
6.4524145 29.87914 15.498752
6.4524145 29.87914 15.498752
14.217599 31.860327 16.768394
0.0 12.0 0.0
-7.288938 15.358105 0.0
-7.288938 15.358105 0.0
-14.6777315 15.568502 3.125213
-14.6777315 15.568502 3.125213
-4.3710155 24.841908 -3.4698663
-4.3710155 24.841908 -3.4698663
-4.3710155 29.841908 -3.4698663
-4.3710155 29.841908 -3.4698663
-19.850372 29.145803 -1.2606181
-14.6777315 15.568502 3.125213
-20.272226 7.691563 13.347011
-20.272226 7.691563 13.347011
-16.817139 6.0669913 20.74987
-16.817139 6.0669913 20.74987
-16.817139 11.066992 20.74987
-14.6777315 15.568502 3.125213
-14.6777315 20.568502 3.125213
-14.6777315 20.568502 3.125213
-14.6777315 25.568502 3.125213
-14.6777315 25.568502 3.125213
16.281792 28.395054 -9.394692
16.281792 28.395054 -9.394692
31.24615 22.135849 -1.5063348
31.24615 22.135849 -1.5063348
31.24615 27.135849 -1.5063348
-14.6777315 25.568502 3.125213
-23.875467 22.505234 9.116613
-23.875467 22.505234 9.116613
-23.875467 27.505234 9.116613
-23.875467 27.505234 9.116613
-9.080642 40.289948 -2.0007582
-14.6777315 25.568502 3.125213
-0.08340454 33.876083 -3.4698663
-0.08340454 33.876083 -3.4698663
17.944532 34.515774 -3.1705
17.944532 34.515774 -3.1705
40.131554 2.2927551 16.666025
40.131554 2.2927551 16.666025
13.531743 -5.0453234 41.62834
13.531743 -5.0453234 41.62834
-5.100068 2.3703172 43.409676
17.944532 34.515774 -3.1705
17.944532 39.515774 -3.1705
17.944532 39.515774 -3.1705
34.960403 32.68268 4.82963
34.960403 32.68268 4.82963
40.805454 9.600487 30.137764
