0.0 0.0 0.0
0.0 3.0 0.0
0.0 3.0 0.0
-4.4048786 5.440316 0.0
0.0 3.0 0.0
0.0 6.0 0.0
0.0 6.0 0.0
6.292684 7.7718806 0.0
0.0 6.0 0.0
0.0 9.0 0.0
0.0 9.0 0.0
-8.18049 10.103445 0.0
-8.18049 10.103445 0.0
-14.148925 1.2694649 8.001499
-8.18049 10.103445 0.0
-13.816042 6.9602795 5.1477237
-13.816042 6.9602795 5.1477237
-13.816042 10.960279 5.1477237
-13.816042 6.9602795 5.1477237
-12.724596 3.7997146 12.694748
0.0 9.0 0.0
0.0 12.0 0.0
0.0 12.0 0.0
-10.068295 12.435009 0.0
0.0 12.0 0.0
0.0 15.0 0.0
0.0 15.0 0.0
11.9560995 14.766573 0.0
0.0 15.0 0.0
0.0 18.0 0.0
0.0 18.0 0.0
13.8439045 17.098137 0.0
13.8439045 17.098137 0.0
13.8439045 21.098137 0.0
13.8439045 17.098137 0.0
21.638405 9.626722 8.711532
21.638405 9.626722 8.711532
12.492399 6.766209 22.977322
21.638405 9.626722 8.711532
17.384462 3.4576306 20.386864
0.0 18.0 0.0
0.0 21.0 0.0
0.0 21.0 0.0
-15.73171 19.4297 0.0
0.0 21.0 0.0
0.0 24.0 0.0
0.0 24.0 0.0
17.619514 21.761265 0.0
0.0 24.0 0.0
0.0 27.0 0.0
