0.0 0.0 0.0
0.0 3.0 0.0
0.0 3.0 0.0
-5.737509 5.575033 0.0
0.0 3.0 0.0
0.0 6.0 0.0
0.0 6.0 0.0
7.8890743 7.6656704 0.0
0.0 6.0 0.0
0.0 9.0 0.0
0.0 9.0 0.0
-10.04064 9.756308 0.0
-10.04064 9.756308 0.0
-14.758503 -0.13554808 10.036498
-10.04064 9.756308 0.0
-15.459198 5.265114 7.2010326
-15.459198 5.265114 7.2010326
-15.459198 10.265114 7.2010326
-15.459198 5.265114 7.2010326
-11.270604 3.1310525 16.10541
0.0 9.0 0.0
0.0 12.0 0.0
0.0 12.0 0.0
-12.192206 11.846946 0.0
0.0 12.0 0.0
0.0 15.0 0.0
0.0 15.0 0.0
14.343772 13.937583 0.0
0.0 15.0 0.0
0.0 18.0 0.0
0.0 18.0 0.0
16.495338 16.028221 0.0
16.495338 16.028221 0.0
16.495338 21.028221 0.0
16.495338 16.028221 0.0
23.092007 6.4098616 11.830269
23.092007 6.4098616 11.830269
11.763814 12.155737 22.742727
23.092007 6.4098616 11.830269
13.484743 2.4950638 24.805592
0.0 18.0 0.0
0.0 21.0 0.0
0.0 21.0 0.0
-18.646904 18.118858 0.0
0.0 21.0 0.0
0.0 24.0 0.0
0.0 24.0 0.0
20.79847 20.209496 0.0
0.0 24.0 0.0
0.0 27.0 0.0
0.0 27.0 0.0
-22.950035 22.300133 0.0
-22.950035 22.300133 0.0
-27.3078 -0.12520224 22.940569
-22.950035 22.300133 0.0
-30.724812 7.5546083 16.459503
-30.724812 7.5546083 16.459503
-30.724812 12.554608 16.459503
-30.724812 7.5546083 16.459503
-15.698878 1.859077 33.505768
-15.698878 1.859077 33.505768
-7.8310504 33.731815 14.730151
-7.8310504 33.731815 14.730151
-37.77276 -17.909504 -5.560994
-7.8310504 33.731815 14.730151
-39.145157 13.830471 7.4047856
-39.145157 13.830471 7.4047856
-28.81461 -2.6332207 33.234703
-39.145157 13.830471 7.4047856
-19.06756 7.9816318 38.91635
-15.698878 1.859077 33.505768
4.2027106 14.167755 34.60853
4.2027106 14.167755 34.60853
-20.149895 33.90886 -5.1948986
4.2027106 14.167755 34.60853
5.591237 33.259323 21.103827
5.591237 33.259323 21.103827
5.591237 38.259323 21.103827
5.591237 33.259323 21.103827
-14.176258 40.311543 10.696845
-14.176258 40.311543 10.696845
-14.176258 45.311543 10.696845
-14.176258 45.311543 10.696845
-37.621212 33.477882 17.621458
-14.176258 45.311543 10.696845
-14.176258 50.311543 10.696845
-14.176258 50.311543 10.696845
27.438026 51.13269 -2.7126422
-14.176258 50.311543 10.696845
-14.176258 55.311543 10.696845
-14.176258 40.311543 10.696845
-34.03527 29.993488 17.621458
-34.03527 29.993488 17.621458
-35.512985 17.579004 33.515163
-34.03527 29.993488 17.621458
-32.818745 16.43938 36.689735
-32.818745 16.43938 36.689735
-32.818745 21.43938 36.689735
-32.818745 16.43938 36.689735
-12.9768915 17.409767 49.10554
0.0 27.0 0.0
0.0 30.0 0.0
0.0 30.0 0.0
-25.1016 24.39077 0.0
0.0 30.0 0.0
0.0 33.0 0.0
0.0 33.0 0.0
27.253166 26.481407 0.0
0.0 33.0 0.0
0.0 36.0 0.0
0.0 36.0 0.0
-29.404732 28.572044 0.0
-29.404732 28.572044 0.0
-33.58245 -0.12002927 29.392603
-29.404732 28.572044 0.0
-38.35762 8.699356 21.088737
-38.35762 8.699356 21.088737
-38.35762 13.699356 21.088737
-38.35762 8.699356 21.088737
-17.913017 1.2230883 42.205948
0.0 36.0 0.0
0.0 39.0 0.0
0.0 39.0 0.0
-31.556297 30.662682 0.0
0.0 39.0 0.0
0.0 42.0 0.0
0.0 42.0 0.0
33.707863 32.75332 0.0
0.0 42.0 0.0
0.0 45.0 0.0
0.0 45.0 0.0
35.85943 34.843956 0.0
35.85943 34.843956 0.0
35.85943 39.843956 0.0
35.85943 34.843956 0.0
45.990425 9.844103 25.717974
45.990425 9.844103 25.717974
15.614202 26.590708 45.23286
45.990425 9.844103 25.717974
20.127151 0.58710194 50.906128
0.0 45.0 0.0
0.0 48.0 0.0
0.0 48.0 0.0
-38.010994 36.934593 0.0
0.0 48.0 0.0
0.0 51.0 0.0
0.0 51.0 0.0
40.16256 39.02523 0.0
0.0 51.0 0.0
0.0 54.0 0.0
0.0 54.0 0.0
42.31413 41.11587 0.0
42.31413 41.11587 0.0
42.31413 46.11587 0.0
42.31413 41.11587 0.0
53.623234 10.98885 30.34721
53.623234 10.98885 30.34721
16.897663 31.402367 52.729576
53.623234 10.98885 30.34721
22.34129 -0.0488863 59.60631
22.34129 -0.0488863 59.60631
22.34129 4.9511137 59.60631
22.34129 4.9511137 59.60631
33.503876 48.75983 25.515476
22.34129 4.9511137 59.60631
22.34129 9.951114 59.60631
22.34129 9.951114 59.60631
-8.218259 29.912151 57.561314
22.34129 9.951114 59.60631
22.34129 14.951114 59.60631
22.34129 -0.0488863 59.60631
-15.390144 22.94336 57.561314
-15.390144 22.94336 57.561314
-15.390144 27.94336 57.561314
-15.390144 22.94336 57.561314
-16.202208 56.77225 29.075642
-16.202208 56.77225 29.075642
62.56809 26.812506 -17.030546
-16.202208 56.77225 29.075642
21.902079 66.10089 8.642171
21.902079 66.10089 8.642171
71.33772 7.2218447 21.644852
71.33772 7.2218447 21.644852
32.591896 -16.003767 66.246445
71.33772 7.2218447 21.644852
12.897003 23.323902 70.686676
12.897003 23.323902 70.686676
61.362484 17.854124 -43.37116
12.897003 23.323902 70.686676
30.352068 70.18519 10.861634
21.902079 66.10089 8.642171
57.309982 43.04739 21.730469
57.309982 43.04739 21.730469
57.309982 48.04739 21.730469
57.309982 43.04739 21.730469
51.43034 16.017323 56.245575
51.43034 16.017323 56.245575
22.665722 57.072006 49.79381
51.43034 16.017323 56.245575
11.938856 17.872414 76.08162
0.0 54.0 0.0
0.0 57.0 0.0
0.0 57.0 0.0
-44.465694 43.20651 0.0
0.0 57.0 0.0
0.0 60.0 0.0
0.0 60.0 0.0
46.61726 45.297146 0.0
0.0 60.0 0.0
0.0 63.0 0.0
0.0 63.0 0.0
-48.768826 47.387783 0.0
-48.768826 47.387783 0.0
-52.4064 -0.10451043 48.74871
-48.768826 47.387783 0.0
-61.256042 12.133598 34.976444
-61.256042 12.133598 34.976444
-61.256042 17.133598 34.976444
-61.256042 12.133598 34.976444
-24.555428 -0.68487453 68.30649
0.0 63.0 0.0
0.0 66.0 0.0
0.0 66.0 0.0
-50.92039 49.47842 0.0
0.0 66.0 0.0
0.0 69.0 0.0
0.0 69.0 0.0
53.071957 51.569057 0.0
0.0 69.0 0.0
0.0 72.0 0.0
0.0 72.0 0.0
55.223522 53.659695 0.0
55.223522 53.659695 0.0
55.223522 58.659695 0.0
55.223522 53.659695 0.0
68.88885 13.278347 39.60568
68.88885 13.278347 39.60568
19.46459 41.025677 67.723
68.88885 13.278347 39.60568
26.76957 -1.3208628 77.00667
0.0 72.0 0.0
0.0 75.0 0.0
0.0 75.0 0.0
-57.375088 55.75033 0.0
0.0 75.0 0.0
0.0 78.0 0.0
0.0 78.0 0.0
59.526653 57.84097 0.0
0.0 78.0 0.0
0.0 81.0 0.0
