0.0 0.0 0.0
0.0 3.0 0.0
0.0 3.0 0.0
-4.1564937 4.3270726 0.0
0.0 3.0 0.0
0.0 6.0 0.0
0.0 6.0 0.0
6.2347407 6.490609 0.0
0.0 6.0 0.0
0.0 9.0 0.0
0.0 9.0 0.0
-8.312987 8.654145 0.0
-8.312987 8.654145 0.0
-11.658158 0.13457695 8.306269
-8.312987 8.654145 0.0
-12.396972 4.2515883 5.7588134
-12.396972 4.2515883 5.7588134
-12.396972 7.2515883 5.7588134
-12.396972 4.2515883 5.7588134
-8.594101 1.7998774 12.741123
0.0 9.0 0.0
0.0 12.0 0.0
0.0 12.0 0.0
-10.391234 10.817681 0.0
0.0 12.0 0.0
0.0 15.0 0.0
0.0 15.0 0.0
12.469481 12.981218 0.0
0.0 15.0 0.0
0.0 18.0 0.0
0.0 18.0 0.0
14.547729 15.144754 0.0
14.547729 15.144754 0.0
14.547729 18.144754 0.0
14.547729 15.144754 0.0
20.136017 5.8176265 10.077924
20.136017 5.8176265 10.077924
8.438255 9.607321 20.52485
20.136017 5.8176265 10.077924
11.546231 1.1356225 21.21719
0.0 18.0 0.0
0.0 21.0 0.0
0.0 21.0 0.0
-16.625975 17.30829 0.0
0.0 21.0 0.0
0.0 24.0 0.0
0.0 24.0 0.0
18.704222 19.471827 0.0
0.0 24.0 0.0
0.0 27.0 0.0
