0.0 0.0 0.0
0.0 3.0 0.0
0.0 3.0 0.0
-4.2207503 5.5843773 0.0
0.0 3.0 0.0
0.0 6.0 0.0
0.0 6.0 0.0
6.0296435 7.9776816 0.0
0.0 6.0 0.0
0.0 9.0 0.0
0.0 9.0 0.0
-7.8385363 10.370986 0.0
-7.8385363 10.370986 0.0
-14.409262 1.8636646 7.541075
-7.8385363 10.370986 0.0
-13.653904 7.6941767 4.726358
-13.653904 7.6941767 4.726358
-13.653904 11.694177 4.726358
-13.653904 7.6941767 4.726358
-13.46748 4.479706 12.003355
0.0 9.0 0.0
0.0 12.0 0.0
0.0 12.0 0.0
-9.647429 12.764291 0.0
0.0 12.0 0.0
0.0 15.0 0.0
0.0 15.0 0.0
11.456323 15.157596 0.0
0.0 15.0 0.0
0.0 18.0 0.0
0.0 18.0 0.0
13.265216 17.5509 0.0
13.265216 17.5509 0.0
13.265216 21.5509 0.0
13.265216 17.5509 0.0
21.43686 10.81171 7.998452
21.43686 10.81171 7.998452
13.746053 5.817097 22.805883
21.43686 10.81171 7.998452
18.72662 4.4125943 19.306572
0.0 18.0 0.0
0.0 21.0 0.0
0.0 21.0 0.0
-15.074108 19.944204 0.0
0.0 21.0 0.0
0.0 24.0 0.0
0.0 24.0 0.0
16.883001 22.33751 0.0
0.0 24.0 0.0
0.0 27.0 0.0
