0.0 0.0 0.0
0.0 3.0 0.0
0.0 3.0 0.0
-3.4854398 6.070561 0.0
0.0 3.0 0.0
0.0 6.0 0.0
0.0 6.0 0.0
4.9792 8.67223 0.0
0.0 6.0 0.0
0.0 10.0 0.0
0.0 6.0 0.0
-4.9792 8.67223 0.0
-4.9792 8.67223 0.0
-12.209488 4.2208147 4.300113
-4.9792 8.67223 0.0
-10.054491 8.839592 2.479243
-10.054491 8.839592 2.479243
-10.054491 12.839592 2.479243
-10.054491 8.839592 2.479243
-12.884272 7.4078484 7.1563883
0.0 6.0 0.0
0.0 9.0 0.0
0.0 9.0 0.0
-6.4729595 11.273898 0.0
0.0 9.0 0.0
0.0 12.0 0.0
0.0 12.0 0.0
7.9667196 13.875567 0.0
0.0 12.0 0.0
0.0 16.0 0.0
0.0 12.0 0.0
7.9667196 13.875567 0.0
7.9667196 13.875567 0.0
7.9667196 17.875568 0.0
7.9667196 13.875567 0.0
14.892179 12.062014 3.9667888
14.892179 12.062014 3.9667888
15.929413 4.572294 14.860974
14.892179 12.062014 3.9667888
17.484753 8.482254 10.855204
0.0 12.0 0.0
0.0 16.0 0.0
0.0 16.0 0.0
-9.9584 17.34446 0.0
0.0 16.0 0.0
0.0 20.0 0.0
0.0 20.0 0.0
11.950079 20.81335 0.0
0.0 20.0 0.0
0.0 24.0 0.0
