0.0 0.0 0.0
0.0 3.0 0.0
0.0 3.0 0.0
-2.3988876 7.6318636 0.0
0.0 3.0 0.0
0.0 6.0 0.0
0.0 6.0 0.0
3.2984705 10.493813 0.0
0.0 6.0 0.0
0.0 9.0 0.0
0.0 9.0 0.0
-4.1980534 13.355762 0.0
-4.1980534 13.355762 0.0
-13.325699 13.084904 2.4018087
-4.1980534 13.355762 0.0
-9.324756 16.310179 1.2588323
-9.324756 16.310179 1.2588323
-9.324756 21.310179 1.2588323
-9.324756 16.310179 1.2588323
-14.516291 17.775278 3.9970348
0.0 9.0 0.0
0.0 12.0 0.0
0.0 12.0 0.0
-5.097636 16.21771 0.0
0.0 12.0 0.0
0.0 15.0 0.0
0.0 15.0 0.0
5.997219 19.079659 0.0
0.0 15.0 0.0
0.0 18.0 0.0
0.0 18.0 0.0
6.896802 21.941608 0.0
6.896802 21.941608 0.0
6.896802 26.941608 0.0
6.896802 21.941608 0.0
14.355402 23.728922 2.0680816
14.355402 23.728922 2.0680816
25.122597 17.503355 9.909247
14.355402 23.728922 2.0680816
21.087696 23.486319 6.2775393
0.0 18.0 0.0
0.0 21.0 0.0
0.0 21.0 0.0
-7.796385 24.803556 0.0
0.0 21.0 0.0
0.0 24.0 0.0
0.0 24.0 0.0
8.695968 27.665506 0.0
0.0 24.0 0.0
0.0 27.0 0.0
