0.0 0.0 0.0
0.0 3.0 0.0
0.0 3.0 0.0
-2.6506374 6.478744 0.0
0.0 3.0 0.0
0.0 6.0 0.0
0.0 6.0 0.0
3.786625 9.255348 0.0
0.0 6.0 0.0
0.0 9.0 0.0
0.0 9.0 0.0
-4.9226127 12.031953 0.0
-4.9226127 12.031953 0.0
-13.741401 8.973526 3.4504101
-4.9226127 12.031953 0.0
-10.287481 13.112925 1.8640088
-10.287481 13.112925 1.8640088
-10.287481 17.112925 1.8640088
-10.287481 13.112925 1.8640088
-14.63916 12.500474 5.6206884
0.0 9.0 0.0
0.0 12.0 0.0
0.0 12.0 0.0
-6.0586 14.8085575 0.0
0.0 12.0 0.0
0.0 15.0 0.0
0.0 15.0 0.0
7.194587 17.585161 0.0
0.0 15.0 0.0
0.0 18.0 0.0
0.0 18.0 0.0
8.330575 20.361767 0.0
8.330575 20.361767 0.0
8.330575 24.361767 0.0
8.330575 20.361767 0.0
16.360981 19.628086 3.1544764
16.360981 19.628086 3.1544764
23.307419 10.222798 13.717778
16.360981 19.628086 3.1544764
21.856594 16.586964 9.114868
0.0 18.0 0.0
0.0 21.0 0.0
0.0 21.0 0.0
-9.466562 23.13837 0.0
0.0 21.0 0.0
0.0 24.0 0.0
0.0 24.0 0.0
10.60255 25.914976 0.0
0.0 24.0 0.0
0.0 27.0 0.0
