0.0 0.0 0.0
0.0 3.0 0.0
0.0 3.0 0.0
-3.9284043 4.535156 0.0
0.0 3.0 0.0
0.0 6.0 0.0
0.0 6.0 0.0
5.8926067 6.802734 0.0
0.0 6.0 0.0
0.0 9.0 0.0
0.0 6.0 0.0
-5.8926067 6.802734 0.0
-5.8926067 6.802734 0.0
-9.822392 0.56636244 5.832347
-5.8926067 6.802734 0.0
-9.784768 4.4933147 3.8580904
-9.784768 4.4933147 3.8580904
-9.784768 7.4933147 3.8580904
-9.784768 4.4933147 3.8580904
-8.587076 2.475412 9.322595
0.0 6.0 0.0
0.0 9.0 0.0
0.0 9.0 0.0
-7.8568087 9.070312 0.0
0.0 9.0 0.0
0.0 12.0 0.0
0.0 12.0 0.0
9.821012 11.33789 0.0
0.0 12.0 0.0
0.0 15.0 0.0
0.0 12.0 0.0
9.821012 11.33789 0.0
9.821012 11.33789 0.0
9.821012 14.33789 0.0
9.821012 11.33789 0.0
14.998478 5.9771376 6.430151
14.998478 5.9771376 6.430151
8.282665 5.462265 15.762338
14.998478 5.9771376 6.430151
11.264421 2.119359 14.680305
0.0 12.0 0.0
0.0 15.0 0.0
0.0 15.0 0.0
-11.785213 13.605468 0.0
0.0 15.0 0.0
0.0 18.0 0.0
0.0 18.0 0.0
13.749415 15.873046 0.0
0.0 18.0 0.0
0.0 21.0 0.0
