0.0 0.0 0.0
0.0 3.0 0.0
0.0 3.0 0.0
-5.3423204 5.9547973 0.0
0.0 3.0 0.0
0.0 6.0 0.0
0.0 6.0 0.0
7.3456907 8.187846 0.0
0.0 6.0 0.0
0.0 11.0 0.0
0.0 6.0 0.0
-7.3456907 8.187846 0.0
-7.3456907 8.187846 0.0
-13.196406 0.6362671 7.3026347
-7.3456907 8.187846 0.0
-12.876639 6.1650515 4.9053793
-12.876639 6.1650515 4.9053793
-12.876639 11.165051 4.9053793
-12.876639 6.1650515 4.9053793
-12.151981 4.0976424 12.250209
0.0 6.0 0.0
0.0 9.0 0.0
0.0 9.0 0.0
-9.349061 10.420896 0.0
0.0 9.0 0.0
0.0 12.0 0.0
0.0 12.0 0.0
11.352431 12.653944 0.0
0.0 12.0 0.0
0.0 17.0 0.0
0.0 12.0 0.0
11.352431 12.653944 0.0
11.352431 12.653944 0.0
11.352431 17.653944 0.0
11.352431 12.653944 0.0
18.079016 7.497762 7.581041
18.079016 7.497762 7.581041
11.821018 6.900481 18.792656
18.079016 7.497762 7.581041
14.594374 3.6968985 17.71593
0.0 12.0 0.0
0.0 17.0 0.0
0.0 17.0 0.0
-14.691381 16.375692 0.0
0.0 17.0 0.0
0.0 22.0 0.0
0.0 22.0 0.0
18.03033 20.09744 0.0
0.0 22.0 0.0
0.0 27.0 0.0
