0.0 0.0 0.0
0.0 3.0 0.0
0.0 3.0 0.0
0.0 6.0 0.0
0.0 6.0 0.0
5.6584396 9.433031 0.0
5.6584396 9.433031 0.0
9.107325 12.454174 1.5101343
9.107325 12.454174 1.5101343
9.107325 17.454174 1.5101343
0.0 6.0 0.0
-2.9356995 10.601022 0.0
-2.9356995 10.601022 0.0
-2.9356995 15.601022 0.0
-2.9356995 15.601022 0.0
2.7714353 20.608875 -0.78348464
0.0 6.0 0.0
0.0 9.0 0.0
0.0 9.0 0.0
0.0 12.0 0.0
0.0 12.0 0.0
8.744861 14.57832 0.0
8.744861 14.57832 0.0
13.3470955 16.619007 2.333844
13.3470955 16.619007 2.333844
13.3470955 21.619007 2.333844
0.0 12.0 0.0
-4.53699 16.383398 0.0
-4.53699 16.383398 0.0
-4.53699 21.383398 0.0
-4.53699 21.383398 0.0
2.8274088 26.593374 -1.21084
0.0 12.0 0.0
8.744861 14.57832 0.0
8.744861 14.57832 0.0
16.502031 12.93177 4.498388
16.502031 12.93177 4.498388
17.609331 5.089253 16.676687
17.609331 5.089253 16.676687
7.346294 6.9157524 24.252789
7.346294 6.9157524 24.252789
0.83335733 13.3952465 24.576895
16.502031 12.93177 4.498388
18.955328 13.357423 8.739319
18.955328 13.357423 8.739319
19.527523 9.69321 17.245075
19.527523 9.69321 17.245075
11.309557 9.429159 26.03444
16.502031 12.93177 4.498388
18.955328 13.357423 8.739319
18.955328 13.357423 8.739319
20.25671 13.438707 13.481169
20.25671 13.438707 13.481169
16.249489 9.669995 23.968884
16.249489 9.669995 23.968884
8.922697 11.75459 28.913269
8.922697 11.75459 28.913269
5.32212 15.911326 30.245869
20.25671 13.438707 13.481169
20.256708 18.43871 13.481168
20.256708 18.43871 13.481168
21.601889 18.338717 18.398342
21.601889 18.338717 18.398342
19.775326 15.353327 26.889553
20.25671 13.438707 13.481169
20.256708 18.43871 13.481168
20.256708 18.43871 13.481168
20.256706 23.438711 13.481167
20.256706 23.438711 13.481167
23.578642 19.019075 21.980873
23.578642 19.019075 21.980873
22.655964 18.649025 27.47632
22.655964 18.649025 27.47632
22.655964 23.649027 27.476318
20.256706 23.438711 13.481167
14.691509 33.577488 7.5860486
14.691509 33.577488 7.5860486
14.691507 38.577488 7.5860476
14.691507 38.577488 7.5860476
23.323982 38.75854 11.231791
0.0 12.0 0.0
-4.53699 16.383398 0.0
-4.53699 16.383398 0.0
-9.920678 19.440886 1.21084
-9.920678 19.440886 1.21084
-3.0026727 26.192255 -1.4807261
-3.0026727 26.192255 -1.4807261
-3.0026727 31.192255 -1.4807261
-3.0026727 31.192255 -1.4807261
-12.828702 34.001774 -0.62566054
-9.920678 19.440886 1.21084
-19.333904 16.903372 6.1415863
-19.333904 16.903372 6.1415863
-22.222813 16.573647 11.078693
-22.222813 16.573647 11.078693
-22.222813 21.573647 11.078693
-9.920678 19.440886 1.21084
-9.920678 24.440886 1.21084
-9.920678 24.440886 1.21084
-9.920678 29.440886 1.21084
-9.920678 29.440886 1.21084
9.886827 34.23139 -4.0648785
9.886827 34.23139 -4.0648785
20.698265 34.976006 -1.2788284
20.698265 34.976006 -1.2788284
20.698265 39.976006 -1.2788284
-9.920678 29.440886 1.21084
-18.094284 30.726318 3.81457
-18.094284 30.726318 3.81457
-18.094284 35.72632 3.81457
-18.094284 35.72632 3.81457
-6.9175034 44.174725 -1.1528215
-9.920678 29.440886 1.21084
-0.33385468 35.82955 -1.4807261
-0.33385468 35.82955 -1.4807261
10.967433 39.329037 -1.5161189
10.967433 39.329037 -1.5161189
38.08724 24.276896 6.9022613
38.08724 24.276896 6.9022613
40.024307 10.1315 25.51123
40.024307 10.1315 25.51123
34.65033 6.1054068 35.267677
10.967433 39.329037 -1.5161189
10.967433 44.329037 -1.5161189
10.967433 44.329037 -1.5161189
23.741238 44.611008 1.4658798
23.741238 44.611008 1.4658798
42.33249 32.458843 13.469641
