0.0 0.0 0.0
0.0 3.0 0.0
0.0 3.0 0.0
-4.204947 5.596287 0.0
0.0 3.0 0.0
0.0 6.0 0.0
0.0 6.0 0.0
6.0070667 7.994695 0.0
0.0 6.0 0.0
0.0 10.0 0.0
0.0 6.0 0.0
-6.0070667 7.994695 0.0
-6.0070667 7.994695 0.0
-11.986088 1.7324218 5.7697477
-6.0070667 7.994695 0.0
-11.04472 6.7045193 3.6084852
-11.04472 6.7045193 3.6084852
-11.04472 10.704519 3.6084852
-11.04472 6.7045193 3.6084852
-11.756563 4.555863 9.519511
0.0 6.0 0.0
0.0 9.0 0.0
0.0 9.0 0.0
-7.809187 10.393104 0.0
0.0 9.0 0.0
0.0 12.0 0.0
0.0 12.0 0.0
9.611307 12.7915125 0.0
0.0 12.0 0.0
0.0 16.0 0.0
0.0 12.0 0.0
9.611307 12.7915125 0.0
9.611307 12.7915125 0.0
9.611307 16.791512 0.0
9.611307 12.7915125 0.0
16.229855 8.808504 5.7735767
16.229855 8.808504 5.7735767
12.016202 4.552671 17.19547
16.229855 8.808504 5.7735767
15.294749 4.5290613 14.365181
0.0 12.0 0.0
0.0 16.0 0.0
0.0 16.0 0.0
-12.014133 15.98939 0.0
0.0 16.0 0.0
0.0 20.0 0.0
0.0 20.0 0.0
14.416961 19.18727 0.0
0.0 20.0 0.0
0.0 24.0 0.0
