0.0 0.0 0.0
0.0 3.0 0.0
0.0 3.0 0.0
0.0 6.0 0.0
0.0 6.0 0.0
8.995949 0.2700071 0.0
8.995949 0.2700071 0.0
6.9102125 -2.1492772 6.2649508
6.9102125 -2.1492772 6.2649508
6.9102125 0.8507228 6.2649508
0.0 6.0 0.0
-6.267772 6.4587173 0.0
-6.267772 6.4587173 0.0
-6.267772 9.458717 0.0
-6.267772 9.458717 0.0
5.4485836 12.07329 -4.3649964
0.0 6.0 0.0
0.0 9.0 0.0
0.0 9.0 0.0
0.0 12.0 0.0
0.0 12.0 0.0
14.993248 0.45001185 0.0
14.993248 0.45001185 0.0
10.124183 -5.0173993 10.441585
10.124183 -5.0173993 10.441585
10.124183 -2.0173993 10.441585
0.0 12.0 0.0
-10.446287 10.764529 0.0
-10.446287 10.764529 0.0
-10.446287 13.764529 0.0
-10.446287 13.764529 0.0
6.2952976 17.25161 -7.274994
0.0 12.0 0.0
14.993248 0.45001185 0.0
14.993248 0.45001185 0.0
3.4619534 -0.34610373 14.986499
3.4619534 -0.34610373 14.986499
4.505858 -2.3879578 -14.751892
4.505858 -2.3879578 -14.751892
-4.843867 -6.208063 13.277521
-4.843867 -6.208063 13.277521
-3.6091356 13.31458 -4.4433503
3.4619534 -0.34610373 14.986499
-3.8587446 7.4427776 13.165811
-3.8587446 7.4427776 13.165811
10.039797 13.582966 -3.462023
10.039797 13.582966 -3.462023
15.086269 -8.073517 9.74683
3.4619534 -0.34610373 14.986499
-3.8587446 7.4427776 13.165811
-3.8587446 7.4427776 13.165811
-1.2946467 15.808022 6.7609463
-1.2946467 15.808022 6.7609463
16.661837 -9.647785 -5.5164876
16.661837 -9.647785 -5.5164876
-6.4643717 -6.210604 16.488838
-6.4643717 -6.210604 16.488838
-13.805788 8.923768 7.3310595
-1.2946467 15.808022 6.7609463
-1.2946467 18.808022 6.7609463
-1.2946467 18.808022 6.7609463
11.141828 19.576294 3.9502766
11.141828 19.576294 3.9502766
22.457703 4.2899146 11.255323
-1.2946467 15.808022 6.7609463
-1.2946467 18.808022 6.7609463
-1.2946467 18.808022 6.7609463
-1.2946467 21.808022 6.7609463
-1.2946467 21.808022 6.7609463
24.592947 7.5379443 -1.0912302
24.592947 7.5379443 -1.0912302
20.549572 -5.257784 16.343893
20.549572 -5.257784 16.343893
20.549572 -2.257784 16.343893
-1.2946467 21.808022 6.7609463
-14.564573 20.435137 5.75351
-14.564573 20.435137 5.75351
-14.564573 23.435137 5.75351
-14.564573 23.435137 5.75351
8.033714 29.040245 -6.014126
0.0 12.0 0.0
-10.446287 10.764529 0.0
-10.446287 10.764529 0.0
-14.965723 4.6571193 7.274994
-14.965723 4.6571193 7.274994
-6.0106487 16.50288 -5.2016234
-6.0106487 16.50288 -5.2016234
-6.0106487 19.50288 -5.2016234
-6.0106487 19.50288 -5.2016234
-21.366564 10.622105 0.4530623
-14.965723 4.6571193 7.274994
-7.448985 7.0493836 15.177242
-7.448985 7.0493836 15.177242
-3.249607 10.849933 16.07934
-3.249607 10.849933 16.07934
-3.249607 13.849933 16.07934
-14.965723 4.6571193 7.274994
-14.965723 7.6571193 7.274994
-14.965723 7.6571193 7.274994
-14.965723 10.65712 7.274994
-14.965723 10.65712 7.274994
13.419345 8.126952 -14.74073
13.419345 8.126952 -14.74073
22.027037 -5.870806 -1.2329798
22.027037 -5.870806 -1.2329798
22.027037 -2.8708062 -1.2329798
-14.965723 10.65712 7.274994
-13.582573 5.8497066 15.643208
-13.582573 5.8497066 15.643208
-13.582573 8.849707 15.643208
-13.582573 8.849707 15.643208
-6.560752 22.878946 1.7669535
-14.965723 10.65712 7.274994
-1.8321333 20.808693 -5.2016234
-1.8321333 20.808693 -5.2016234
18.236921 15.478827 -5.008801
18.236921 15.478827 -5.008801
19.445671 -6.113364 16.84141
19.445671 -6.113364 16.84141
-3.599489 16.149725 19.942173
-3.599489 16.149725 19.942173
1.5158997 25.213398 11.804454
18.236921 15.478827 -5.008801
18.236921 18.478828 -5.008801
18.236921 18.478828 -5.008801
26.853561 3.8703432 9.106049
26.853561 3.8703432 9.106049
6.6183543 8.498703 27.114664
