0.0 0.0 0.0
0.0 3.0 0.0
0.0 3.0 0.0
-3.8484447 5.8471766 0.0
0.0 3.0 0.0
0.0 6.0 0.0
0.0 6.0 0.0
5.497778 8.353109 0.0
0.0 6.0 0.0
0.0 9.0 0.0
0.0 9.0 0.0
-7.1471114 10.859042 0.0
-7.1471114 10.859042 0.0
-14.765487 3.2804317 6.5644135
-7.1471114 10.859042 0.0
-13.156028 9.129714 3.9293232
-13.156028 9.129714 3.9293232
-13.156028 13.129714 3.9293232
-13.156028 9.129714 3.9293232
-14.593485 6.11334 10.515099
0.0 9.0 0.0
0.0 12.0 0.0
0.0 12.0 0.0
-8.796445 13.364975 0.0
0.0 12.0 0.0
0.0 15.0 0.0
0.0 15.0 0.0
10.445778 15.870908 0.0
0.0 15.0 0.0
0.0 18.0 0.0
0.0 18.0 0.0
12.095112 18.37684 0.0
12.095112 18.37684 0.0
12.095112 22.37684 0.0
12.095112 18.37684 0.0
20.741585 13.137116 6.649624
20.741585 13.137116 6.649624
16.568718 4.852809 21.680391
20.741585 13.137116 6.649624
20.840187 6.799436 16.957767
0.0 18.0 0.0
0.0 21.0 0.0
0.0 21.0 0.0
-13.744445 20.882774 0.0
0.0 21.0 0.0
0.0 24.0 0.0
0.0 24.0 0.0
15.393779 23.388706 0.0
0.0 24.0 0.0
0.0 27.0 0.0
