0.0 0.0 0.0
0.0 3.0 0.0
0.0 3.0 0.0
-6.0078926 3.592384 0.0
0.0 3.0 0.0
0.0 6.0 0.0
0.0 6.0 0.0
8.582705 5.131977 0.0
0.0 6.0 0.0
0.0 10.0 0.0
0.0 6.0 0.0
-8.582705 5.131977 0.0
-8.582705 5.131977 0.0
-9.9668665 -0.74360824 7.5607176
-8.582705 5.131977 0.0
-10.098148 0.9061508 7.3662815
-10.098148 0.9061508 7.3662815
-10.098148 4.906151 7.3662815
-10.098148 0.9061508 7.3662815
-3.6258025 3.4961803 12.4473
0.0 6.0 0.0
0.0 9.0 0.0
0.0 9.0 0.0
-11.157516 6.6715703 0.0
0.0 9.0 0.0
0.0 12.0 0.0
0.0 12.0 0.0
13.7323265 8.2111635 0.0
0.0 12.0 0.0
0.0 16.0 0.0
0.0 12.0 0.0
13.7323265 8.2111635 0.0
13.7323265 8.2111635 0.0
13.7323265 12.2111635 0.0
13.7323265 8.2111635 0.0
14.097189 0.21816778 11.78605
14.097189 0.21816778 11.78605
11.786899 13.0272 6.840742
14.097189 0.21816778 11.78605
2.1418202 4.6374073 18.147774
0.0 12.0 0.0
0.0 16.0 0.0
0.0 16.0 0.0
-17.16541 10.263954 0.0
0.0 16.0 0.0
0.0 20.0 0.0
0.0 20.0 0.0
20.59849 12.316746 0.0
0.0 20.0 0.0
0.0 24.0 0.0
