0.0 0.0 0.0
0.0 3.0 0.0
0.0 3.0 0.0
0.0 6.0 0.0
0.0 6.0 0.0
8.854501 6.5267 0.0
8.854501 6.5267 0.0
12.251757 6.724567 3.9927006
12.251757 6.724567 3.9927006
12.251757 11.724567 3.9927006
0.0 6.0 0.0
-4.9601564 9.81819 0.0
-4.9601564 9.81819 0.0
-4.9601564 14.81819 0.0
-4.9601564 14.81819 0.0
4.984885 19.685326 -2.23665
0.0 6.0 0.0
0.0 9.0 0.0
0.0 9.0 0.0
0.0 12.0 0.0
0.0 12.0 0.0
13.684229 10.086718 0.0
13.684229 10.086718 0.0
17.704742 7.9582496 6.1705375
17.704742 7.9582496 6.1705375
17.704742 12.95825 6.1705375
0.0 12.0 0.0
-7.665696 15.173566 0.0
-7.665696 15.173566 0.0
-7.665696 20.173565 0.0
-7.665696 20.173565 0.0
5.244331 25.554253 -3.456641
0.0 12.0 0.0
13.684229 10.086718 0.0
13.684229 10.086718 0.0
16.961628 2.4157891 11.015183
16.961628 2.4157891 11.015183
11.68231 12.650593 12.942611
11.68231 12.650593 12.942611
15.601867 13.604935 13.675472
15.601867 13.604935 13.675472
13.937208 12.448443 20.67295
16.961628 2.4157891 11.015183
12.423382 2.0321236 17.480135
12.423382 2.0321236 17.480135
1.6855006 9.565184 20.371859
1.6855006 9.565184 20.371859
11.061525 21.956215 5.0562406
16.961628 2.4157891 11.015183
12.423382 2.0321236 17.480135
12.423382 2.0321236 17.480135
6.0329046 4.830749 21.20411
6.0329046 4.830749 21.20411
6.377231 21.262295 9.481543
6.377231 21.262295 9.481543
18.856579 18.680138 10.759126
18.856579 18.680138 10.759126
21.37006 15.734337 18.106064
6.0329046 4.830749 21.20411
6.0329056 9.8307495 21.20411
6.0329056 9.8307495 21.20411
2.9595814 15.120736 21.646376
2.9595814 15.120736 21.646376
6.8996916 24.550652 15.225912
6.0329046 4.830749 21.20411
6.0329056 9.8307495 21.20411
6.0329056 9.8307495 21.20411
6.032906 14.8307495 21.20411
6.032906 14.8307495 21.20411
7.9594555 22.624178 17.437386
7.9594555 22.624178 17.437386
11.779278 24.998388 19.153065
11.779278 24.998388 19.153065
11.779277 29.998388 19.153065
6.032906 14.8307495 21.20411
4.3982496 24.439766 16.205618
4.3982496 24.439766 16.205618
4.3982487 29.439766 16.205618
4.3982487 29.439766 16.205618
12.511243 32.264576 16.447803
0.0 12.0 0.0
-7.665696 15.173566 0.0
-7.665696 15.173566 0.0
-15.203747 14.920903 3.456641
-15.203747 14.920903 3.456641
-4.5207615 24.602663 -3.7704546
-4.5207615 24.602663 -3.7704546
-4.5207615 29.602663 -3.7704546
-4.5207615 29.602663 -3.7704546
-20.722214 28.298887 -1.3268504
-15.203747 14.920903 3.456641
-19.73695 6.7980895 14.289278
-19.73695 6.7980895 14.289278
-15.292723 5.492326 21.653927
-15.292723 5.492326 21.653927
-15.292723 10.492326 21.653927
-15.203747 14.920903 3.456641
-15.203747 19.920902 3.456641
-15.203747 19.920902 3.456641
-15.203747 24.920902 3.456641
-15.203747 24.920902 3.456641
17.081598 27.25434 -10.187376
17.081598 27.25434 -10.187376
32.252785 19.842648 -1.3903813
32.252785 19.842648 -1.3903813
32.252785 24.842648 -1.3903813
-15.203747 24.920902 3.456641
-24.213154 21.289963 9.940992
-24.213154 21.289963 9.940992
-24.213154 26.289963 9.940992
-24.213154 26.289963 9.940992
-9.1814995 39.694817 -2.0453157
-15.203747 24.920902 3.456641
-0.011528015 33.52829 -3.7704546
-0.011528015 33.52829 -3.7704546
18.881641 33.6269 -3.3705654
18.881641 33.6269 -3.3705654
39.164883 0.056879997 18.056114
39.164883 0.056879997 18.056114
9.23472 -4.005571 42.239304
9.23472 -4.005571 42.239304
-9.1949415 5.759418 41.86538
18.881641 33.6269 -3.3705654
18.881641 38.6269 -3.3705654
18.881641 38.6269 -3.3705654
36.071365 30.654968 5.5057306
36.071365 30.654968 5.5057306
38.769897 7.494834 32.302563
