0.0 0.0 0.0
0.0 3.0 0.0
0.0 3.0 0.0
-5.122457 3.1241693 0.0
0.0 3.0 0.0
0.0 6.0 0.0
0.0 6.0 0.0
7.6836853 4.686254 0.0
0.0 6.0 0.0
0.0 9.0 0.0
0.0 9.0 0.0
-10.244914 6.2483387 0.0
-10.244914 6.2483387 0.0
-10.369207 -0.06399393 9.108539
-10.244914 6.2483387 0.0
-10.673336 0.2612934 8.746522
-10.673336 0.2612934 8.746522
-10.673336 3.2612934 8.746522
-10.673336 0.2612934 8.746522
-1.7899199 3.328556 13.6665535
0.0 9.0 0.0
0.0 12.0 0.0
0.0 12.0 0.0
-12.806143 7.810424 0.0
0.0 12.0 0.0
0.0 15.0 0.0
0.0 15.0 0.0
15.367371 9.372508 0.0
0.0 15.0 0.0
0.0 18.0 0.0
0.0 18.0 0.0
17.9286 10.934593 0.0
17.9286 10.934593 0.0
17.9286 13.934593 0.0
17.9286 10.934593 0.0
16.757418 -0.71430016 15.306414
16.757418 -0.71430016 15.306414
11.772881 17.872765 7.892104
16.757418 -0.71430016 15.306414
-0.3095821 4.897308 22.276497
0.0 18.0 0.0
0.0 21.0 0.0
0.0 21.0 0.0
-20.489828 12.496677 0.0
0.0 21.0 0.0
0.0 24.0 0.0
0.0 24.0 0.0
23.051056 14.058763 0.0
0.0 24.0 0.0
0.0 27.0 0.0
