0.0 0.0 0.0
0.0 3.0 0.0
0.0 3.0 0.0
0.0 6.0 0.0
0.0 6.0 0.0
8.701864 2.297296 0.0
8.701864 2.297296 0.0
8.694063 -0.010128021 5.31008
8.694063 -0.010128021 5.31008
8.694063 2.989872 5.31008
0.0 6.0 0.0
-5.4920096 7.1300654 0.0
-5.4920096 7.1300654 0.0
-5.4920096 10.130066 0.0
-5.4920096 10.130066 0.0
4.5653353 13.057065 -3.3513522
0.0 6.0 0.0
0.0 9.0 0.0
0.0 9.0 0.0
0.0 12.0 0.0
0.0 12.0 0.0
14.503106 3.8288264 0.0
14.503106 3.8288264 0.0
13.269657 -1.6013389 8.850133
13.269657 -1.6013389 8.850133
13.269657 1.3986611 8.850133
0.0 12.0 0.0
-9.153349 11.883442 0.0
-9.153349 11.883442 0.0
-9.153349 14.883442 0.0
-9.153349 14.883442 0.0
5.1679997 18.592855 -5.5855865
0.0 12.0 0.0
14.503106 3.8288264 0.0
14.503106 3.8288264 0.0
7.5475655 -1.836266 14.022673
7.5475655 -1.836266 14.022673
12.302719 5.6443987 -8.469903
12.302719 5.6443987 -8.469903
6.7905316 -6.150874 14.624542
6.7905316 -6.150874 14.624542
-6.2133884 11.191503 10.298576
7.5475655 -1.836266 14.022673
-1.3318791 2.4948297 15.714874
-1.3318791 2.4948297 15.714874
1.3476052 16.42226 2.7235432
1.3476052 16.42226 2.7235432
19.078604 -4.736054 0.18599522
7.5475655 -1.836266 14.022673
-1.3318791 2.4948297 15.714874
-1.3318791 2.4948297 15.714874
-5.080001 10.848832 11.637043
-5.080001 10.848832 11.637043
16.160793 2.7008414 -9.195191
16.160793 2.7008414 -9.195191
8.834322 -11.129384 13.278328
8.834322 -11.129384 13.278328
-5.835309 -5.766691 15.910392
-5.080001 10.848832 11.637043
-5.080001 13.848832 11.637043
-5.080001 13.848832 11.637043
1.4674253 20.137314 6.119274
1.4674253 20.137314 6.119274
20.956238 11.26433 2.980791
-5.080001 10.848832 11.637043
-5.080001 13.848832 11.637043
-5.080001 13.848832 11.637043
-5.080001 16.848831 11.637043
-5.080001 16.848831 11.637043
15.98831 17.199087 -1.9413052
15.98831 17.199087 -1.9413052
23.299156 7.550084 8.21848
23.299156 7.550084 8.21848
23.299156 10.550084 8.21848
-5.080001 16.848831 11.637043
-9.674791 17.602283 12.319143
-9.674791 17.602283 12.319143
-9.674791 20.602283 12.319143
-9.674791 20.602283 12.319143
2.3749695 27.962887 3.8558054
0.0 12.0 0.0
-9.153349 11.883442 0.0
-9.153349 11.883442 0.0
-14.827116 7.366035 5.5855865
-14.827116 7.366035 5.5855865
-5.6805882 17.46017 -4.622785
-5.6805882 17.46017 -4.622785
-5.6805882 20.46017 -4.622785
-5.6805882 20.46017 -4.622785
-20.116062 14.118235 -0.19587922
-14.827116 7.366035 5.5855865
-9.610191 4.208316 15.7617
-9.610191 4.208316 15.7617
-2.8105159 6.933943 18.351246
-2.8105159 6.933943 18.351246
-2.8105159 9.933943 18.351246
-14.827116 7.366035 5.5855865
-14.827116 10.366035 5.5855865
-14.827116 10.366035 5.5855865
-14.827116 13.366035 5.5855865
-14.827116 13.366035 5.5855865
13.479307 13.0584955 -12.9102
13.479307 13.0584955 -12.9102
24.500519 1.3982153 -2.0024538
24.500519 1.3982153 -2.0024538
24.500519 4.3982153 -2.0024538
-14.827116 13.366035 5.5855865
-16.592564 7.8775992 13.472918
-16.592564 7.8775992 13.472918
-16.592564 10.8776 13.472918
-16.592564 10.8776 13.472918
-8.458821 24.032644 0.54847336
-14.827116 13.366035 5.5855865
-2.019249 22.213549 -4.622785
-2.019249 22.213549 -4.622785
16.353384 19.229698 -4.8944993
16.353384 19.229698 -4.8944993
21.199902 -6.9334755 16.971737
21.199902 -6.9334755 16.971737
-6.610507 9.629777 24.829752
-6.610507 9.629777 24.829752
-8.445572 22.447361 15.636976
16.353384 19.229698 -4.8944993
16.353384 22.229698 -4.8944993
16.353384 22.229698 -4.8944993
28.025764 10.259305 6.1016493
28.025764 10.259305 6.1016493
13.140214 2.1718574 28.654854
