0.0 0.0 0.0
0.0 3.0 0.0
0.0 3.0 0.0
0.0 6.0 0.0
0.0 6.0 0.0
5.7958717 6.8853374 0.0
5.7958717 6.8853374 0.0
8.503218 7.420301 1.9865662
8.503218 7.420301 1.9865662
8.503218 10.420301 1.9865662
0.0 6.0 0.0
-3.0847983 8.454823 0.0
-3.0847983 8.454823 0.0
-3.0847983 11.454823 0.0
-3.0847983 11.454823 0.0
2.232076 14.5725 -1.0573312
0.0 6.0 0.0
0.0 9.0 0.0
0.0 9.0 0.0
0.0 12.0 0.0
0.0 12.0 0.0
9.659786 11.475562 0.0
9.659786 11.475562 0.0
13.486521 10.488318 3.3109436
13.486521 10.488318 3.3109436
13.486521 13.488318 3.3109436
0.0 12.0 0.0
-5.1413307 14.091371 0.0
-5.1413307 14.091371 0.0
-5.1413307 17.09137 0.0
-5.1413307 17.09137 0.0
2.349104 20.5298 -1.7622187
0.0 12.0 0.0
9.659786 11.475562 0.0
9.659786 11.475562 0.0
14.975758 6.3152294 6.2207646
14.975758 6.3152294 6.2207646
8.568913 5.1117315 15.817353
8.568913 5.1117315 15.817353
2.328826 12.23414 15.30743
2.328826 12.23414 15.30743
3.632029 16.855598 13.210489
14.975758 6.3152294 6.2207646
14.406191 4.6596923 10.976961
14.406191 4.6596923 10.976961
7.9563665 3.3147466 17.675169
7.9563665 3.3147466 17.675169
-0.18367529 13.000958 15.70136
14.975758 6.3152294 6.2207646
14.406191 4.6596923 10.976961
14.406191 4.6596923 10.976961
11.80463 3.8466008 15.249827
11.80463 3.8466008 15.249827
2.2791448 9.780062 17.830826
2.2791448 9.780062 17.830826
0.77935076 16.04911 15.108986
0.77935076 16.04911 15.108986
2.3519912 19.419281 14.460881
11.80463 3.8466008 15.249827
11.80463 6.8466005 15.249827
11.80463 6.8466005 15.249827
8.882448 7.240701 18.372166
8.882448 7.240701 18.372166
2.7421315 11.077638 19.775566
11.80463 3.8466008 15.249827
11.80463 6.8466005 15.249827
11.80463 6.8466005 15.249827
11.80463 9.846601 15.249827
11.80463 9.846601 15.249827
7.668888 10.336678 19.268703
7.668888 10.336678 19.268703
5.1347704 12.323188 20.73005
5.1347704 12.323188 20.73005
5.1347704 15.323188 20.73005
11.80463 9.846601 15.249827
10.9249 17.660988 10.2799635
10.9249 17.660988 10.2799635
10.9249 20.660988 10.2799635
10.9249 20.660988 10.2799635
14.441285 19.917679 13.401819
0.0 12.0 0.0
-5.1413307 14.091371 0.0
-5.1413307 14.091371 0.0
-10.39548 14.400583 1.7622187
-10.39548 14.400583 1.7622187
-3.7774844 19.900837 -1.907635
-3.7774844 19.900837 -1.907635
-3.7774844 22.900837 -1.907635
-3.7774844 22.900837 -1.907635
-12.825597 22.891453 -0.49732637
-10.39548 14.400583 1.7622187
-16.421822 8.921347 8.042705
-16.421822 8.921347 8.042705
-15.988977 6.8563647 13.184183
-15.988977 6.8563647 13.184183
-15.988977 9.856365 13.184183
-10.39548 14.400583 1.7622187
-10.39548 17.400583 1.7622187
-10.39548 17.400583 1.7622187
-10.39548 20.400583 1.7622187
-10.39548 20.400583 1.7622187
8.117153 23.75472 -5.3463774
8.117153 23.75472 -5.3463774
18.055359 21.89228 -2.2403212
18.055359 21.89228 -2.2403212
18.055359 24.89228 -2.2403212
-10.39548 20.400583 1.7622187
-16.62746 18.842842 5.2185783
-16.62746 18.842842 5.2185783
-16.62746 21.842842 5.2185783
-16.62746 21.842842 5.2185783
-7.8393736 29.304989 -0.79669
-10.39548 20.400583 1.7622187
-1.720952 25.537384 -1.907635
-1.720952 25.537384 -1.907635
8.876814 27.138746 -2.3819451
8.876814 27.138746 -2.3819451
29.36601 9.383451 6.511818
29.36601 9.383451 6.511818
21.953976 -2.293477 23.893078
21.953976 -2.293477 23.893078
11.92356 -3.5983098 29.97059
8.876814 27.138746 -2.3819451
8.876814 30.138746 -2.3819451
8.876814 30.138746 -2.3819451
19.959408 27.993256 0.8049176
19.959408 27.993256 0.8049176
31.244543 14.2113495 13.469366
