0.0 0.0 0.0
0.0 3.0 0.0
0.0 3.0 0.0
-5.8872313 3.7868862 0.0
0.0 3.0 0.0
0.0 6.0 0.0
0.0 6.0 0.0
8.410331 5.4098372 0.0
0.0 6.0 0.0
0.0 10.0 0.0
0.0 6.0 0.0
-8.410331 5.4098372 0.0
-8.410331 5.4098372 0.0
-10.0088625 -0.72845054 7.653152
-8.410331 5.4098372 0.0
-10.3753805 1.2639928 7.073366
-10.3753805 1.2639928 7.073366
-10.3753805 5.263993 7.073366
-10.3753805 1.2639928 7.073366
-4.245409 3.1303403 12.552614
0.0 6.0 0.0
0.0 9.0 0.0
0.0 9.0 0.0
-10.93343 7.0327888 0.0
0.0 9.0 0.0
0.0 12.0 0.0
0.0 12.0 0.0
13.456529 8.65574 0.0
0.0 12.0 0.0
0.0 16.0 0.0
0.0 12.0 0.0
13.456529 8.65574 0.0
13.456529 8.65574 0.0
13.456529 12.65574 0.0
13.456529 8.65574 0.0
14.582129 0.7240281 11.317386
14.582129 0.7240281 11.317386
11.076684 12.914813 8.576288
14.582129 0.7240281 11.317386
3.091476 3.9261706 18.386574
0.0 12.0 0.0
0.0 16.0 0.0
0.0 16.0 0.0
-16.820662 10.8196745 0.0
0.0 16.0 0.0
0.0 20.0 0.0
0.0 20.0 0.0
20.184793 12.98361 0.0
0.0 20.0 0.0
0.0 24.0 0.0
