0.0 0.0 0.0
0.0 3.0 0.0
0.0 3.0 0.0
-3.3615031 4.969939 0.0
0.0 3.0 0.0
0.0 6.0 0.0
0.0 6.0 0.0
5.0422544 7.4549093 0.0
0.0 6.0 0.0
0.0 9.0 0.0
0.0 6.0 0.0
-5.0422544 7.4549093 0.0
-5.0422544 7.4549093 0.0
-10.402252 2.149681 4.679903
-5.0422544 7.4549093 0.0
-9.316957 6.320093 2.8249257
-9.316957 6.320093 2.8249257
-9.316957 9.320093 2.8249257
-9.316957 6.320093 2.8249257
-10.303173 4.2830324 7.559782
0.0 6.0 0.0
0.0 9.0 0.0
0.0 9.0 0.0
-6.7230062 9.939878 0.0
0.0 9.0 0.0
0.0 12.0 0.0
0.0 12.0 0.0
8.403758 12.424849 0.0
0.0 12.0 0.0
0.0 15.0 0.0
0.0 12.0 0.0
8.403758 12.424849 0.0
8.403758 12.424849 0.0
8.403758 15.424849 0.0
8.403758 12.424849 0.0
14.407761 8.876842 4.70821
14.407761 8.876842 4.70821
11.393067 3.4991367 15.124954
14.407761 8.876842 4.70821
14.354519 4.629492 11.971875
0.0 12.0 0.0
0.0 15.0 0.0
0.0 15.0 0.0
-10.084509 14.909819 0.0
0.0 15.0 0.0
0.0 18.0 0.0
0.0 18.0 0.0
11.765261 17.394789 0.0
0.0 18.0 0.0
0.0 21.0 0.0
