0.0 0.0 0.0
0.0 3.0 0.0
0.0 3.0 0.0
-3.351227 4.9768744 0.0
0.0 3.0 0.0
0.0 6.0 0.0
0.0 6.0 0.0
5.0268407 7.4653115 0.0
0.0 6.0 0.0
0.0 9.0 0.0
0.0 6.0 0.0
-5.0268407 7.4653115 0.0
-5.0268407 7.4653115 0.0
-10.408005 2.1840262 4.657825
-5.0268407 7.4653115 0.0
-9.303917 6.351844 2.8076808
-9.303917 6.351844 2.8076808
-9.303917 9.351844 2.8076808
-9.303917 6.351844 2.8076808
-10.3239975 4.3225927 7.525502
0.0 6.0 0.0
0.0 9.0 0.0
0.0 9.0 0.0
-6.702454 9.953749 0.0
0.0 9.0 0.0
0.0 12.0 0.0
0.0 12.0 0.0
8.378068 12.442185 0.0
0.0 12.0 0.0
0.0 15.0 0.0
0.0 12.0 0.0
8.378068 12.442185 0.0
8.378068 12.442185 0.0
8.378068 15.442185 0.0
8.378068 12.442185 0.0
14.389453 8.927448 4.679468
14.389453 8.927448 4.679468
11.45633 3.4890163 15.092948
14.389453 8.927448 4.679468
14.394409 4.686828 11.918575
0.0 12.0 0.0
0.0 15.0 0.0
0.0 15.0 0.0
-10.053681 14.930623 0.0
0.0 15.0 0.0
0.0 18.0 0.0
0.0 18.0 0.0
11.729295 17.41906 0.0
0.0 18.0 0.0
0.0 21.0 0.0
