0.0 0.0 0.0
0.0 5.0 0.0
0.0 5.0 0.0
0.0 10.0 0.0
0.0 10.0 0.0
-7.5 12.990381 0.0
0.0 10.0 0.0
7.5 12.990381 0.0
7.5 12.990381 0.0
14.620191 12.332531 3.75
14.620191 12.332531 3.75
14.620191 17.332531 3.75
14.620191 12.332531 3.75
17.332531 3.75 14.620191
17.332531 3.75 14.620191
8.750001 14.620192 17.332531
8.750001 14.620192 17.332531
11.673879 19.020634 16.243988
8.750001 14.620192 17.332531
26.684292 6.9781647 -1.0885434
26.684292 6.9781647 -1.0885434
16.573116 4.749149 23.653545
16.573116 4.749149 23.653545
9.74915 23.653545 16.573114
16.573116 4.749149 23.653545
27.546698 4.6467466 -12.198012
27.546698 4.6467466 -12.198012
20.201502 0.5242405 24.33714
20.201502 0.5242405 24.33714
20.3728 24.23824 5.3264427
20.201502 0.5242405 24.33714
20.201506 -5.5242376 -24.337135
20.201506 -5.5242376 -24.337135
20.201502 0.5242407 24.33714
20.201502 0.5242407 24.33714
28.45154 10.047663 -10.975828
14.620191 12.332531 3.75
17.041662 5.1480365 14.536457
17.041662 5.1480365 14.536457
6.754402 8.597106 22.026741
6.754402 8.597106 22.026741
2.3264961 14.357383 22.452917
6.754402 8.597106 22.026741
13.597107 22.026741 6.754401
13.597107 22.026741 6.754401
27.026741 6.7544007 13.597107
27.026741 6.7544007 13.597107
11.0485735 4.3721085 30.2044
27.026741 6.7544007 13.597107
22.824017 16.023552 16.607288
22.824017 16.023552 16.607288
31.104103 11.826777 11.462533
31.104103 11.826777 11.462533
16.826778 11.462533 31.104103
31.104103 11.826777 11.462533
36.704887 1.7616892 5.625209
36.704887 1.7616892 5.625209
33.345295 11.444191 13.480872
33.345295 11.444191 13.480872
28.414803 16.327496 22.137436
14.620191 12.332531 3.75
17.041662 5.1480365 14.536457
17.041662 5.1480365 14.536457
6.754402 8.597106 22.026741
6.754402 8.597106 22.026741
2.3264961 14.357383 22.452917
6.754402 8.597106 22.026741
13.597107 22.026741 6.754401
13.597107 22.026741 6.754401
27.026741 6.7544007 13.597107
27.026741 6.7544007 13.597107
11.0485735 4.3721085 30.2044
27.026741 6.7544007 13.597107
11.754401 13.597107 27.026741
11.754401 13.597107 27.026741
18.597109 27.026741 11.7544
18.597109 27.026741 11.7544
27.295446 16.776386 21.982769
18.597109 27.026741 11.7544
37.475056 0.85521317 10.228367
37.475056 0.85521317 10.228367
18.868542 20.970844 27.340166
18.868542 20.970844 27.340166
25.970846 27.340164 18.86854
18.868542 20.970844 27.340166
38.97547 -7.4860497 -14.243007
38.97547 -7.4860497 -14.243007
21.821173 15.469105 31.822544
21.821173 15.469105 31.822544
36.961624 23.0812 2.9864159
21.821173 15.469105 31.822544
21.821182 -20.4691 -31.82254
21.821182 -20.4691 -31.82254
21.821175 15.469104 31.822544
21.821175 15.469104 31.822544
40.380005 -0.32227898 -16.648544
21.821175 15.469104 31.822544
-7.648226 -19.21998 -38.46972
-7.648226 -19.21998 -38.46972
18.031689 6.009222 37.13987
18.031689 6.009222 37.13987
18.031696 -11.009219 -37.139866
18.031689 6.009222 37.13987
-21.108376 14.542322 -34.185844
-21.108376 14.542322 -34.185844
-7.3983326 -26.27034 35.373318
-7.3983326 -26.27034 35.373318
-10.230676 30.467548 -26.93503
27.026741 6.7544007 13.597107
32.034977 4.922592 1.7379322
32.034977 4.922592 1.7379322
29.740076 5.71282 14.512397
29.740076 5.71282 14.512397
22.996649 18.40572 18.499462
29.740076 5.71282 14.512397
29.74008 -10.712815 -14.512392
29.74008 -10.712815 -14.512392
29.740078 5.7128196 14.512397
29.740078 5.7128196 14.512397
33.945522 7.228359 2.301937
29.740078 5.7128196 14.512397
10.664608 -18.527308 -27.438137
10.664608 -18.527308 -27.438137
26.643167 0.2375555 18.429825
26.643167 0.2375555 18.429825
26.64317 -5.2375517 -18.429821
26.643167 0.2375555 18.429825
-5.855407 -0.33325052 -32.288574
-5.855407 -0.33325052 -32.288574
8.475992 -24.014328 21.215227
8.475992 -24.014328 21.215227
6.677696 18.100483 -22.610924
8.475992 -24.014328 21.215227
27.772346 10.074486 3.2671762
27.772346 10.074486 3.2671762
-4.697091 22.01339 -22.417978
-4.697091 22.01339 -22.417978
-27.01338 -22.41799 4.6971016
-4.697091 22.01339 -22.417978
-26.736805 15.755864 -17.065983
-26.736805 15.755864 -17.065983
-37.820324 2.1312065 -1.4111509
-37.820324 2.1312065 -1.4111509
-16.241917 -13.869434 32.0478
-37.820324 2.1312065 -1.4111509
-37.820328 7.131177 -1.4111215
-37.820328 7.131177 -1.4111215
-37.820335 12.131147 -1.411092
-37.820335 12.131147 -1.411092
-37.54184 -1.8934698 17.688148
-37.820335 12.131147 -1.411092
-19.188702 30.859913 -20.132181
-19.188702 30.859913 -20.132181
12.255867 34.331528 -27.029325
12.255867 34.331528 -27.029325
12.2558155 39.33154 -27.029335
8.475992 -24.014328 21.215227
19.014318 21.215233 -8.476002
19.014318 21.215233 -8.476002
-26.215229 -8.476023 -19.014315
-26.215229 -8.476023 -19.014315
4.689951 -1.1711854 32.210213
-26.215229 -8.476023 -19.014315
-11.776903 -27.350275 13.195914
-11.776903 -27.350275 13.195914
22.125689 -6.377729 16.79705
22.125689 -6.377729 16.79705
1.3777211 16.79704 -22.125696
22.125689 -6.377729 16.79705
24.556461 12.586837 3.4838095
24.556461 12.586837 3.4838095
11.13244 26.734865 -9.261179
11.13244 26.734865 -9.261179
-28.710308 13.742012 -14.271564
11.13244 26.734865 -9.261179
11.132407 31.734875 -9.261188
11.132407 31.734875 -9.261188
11.132371 36.734882 -9.261196
11.132371 36.734882 -9.261196
-16.528412 38.648613 -13.58662
8.475992 -24.014328 21.215227
19.014318 21.215233 -8.476002
19.014318 21.215233 -8.476002
-26.215229 -8.476023 -19.014315
-26.215229 -8.476023 -19.014315
4.689951 -1.1711854 32.210213
-26.215229 -8.476023 -19.014315
-11.776903 -27.350275 13.195914
-11.776903 -27.350275 13.195914
22.125689 -6.377729 16.79705
22.125689 -6.377729 16.79705
1.3777211 16.79704 -22.125696
22.125689 -6.377729 16.79705
22.125704 -1.3777117 16.797033
22.125704 -1.3777117 16.797033
22.125715 3.6223054 16.797016
22.125715 3.6223054 16.797016
19.556444 21.24712 3.4837666
22.125715 3.6223054 16.797016
13.632136 2.0856738 25.609491
13.632136 2.0856738 25.609491
2.6777205 6.6358476 28.99454
2.6777205 6.6358476 28.99454
2.6777341 11.635849 28.994537
2.6777205 6.6358476 28.99454
-1.808651 26.404324 16.816265
-1.808651 26.404324 16.816265
19.463097 29.097542 6.84181
19.463097 29.097542 6.84181
28.683495 22.812042 15.656717
19.463097 29.097542 6.84181
34.097534 6.841826 19.463104
34.097534 6.841826 19.463104
11.841813 19.46309 34.097546
11.841813 19.46309 34.097546
9.381433 32.67704 27.304094
22.125689 -6.377729 16.79705
24.556461 12.586837 3.4838095
24.556461 12.586837 3.4838095
11.13244 26.734865 -9.261179
11.13244 26.734865 -9.261179
-28.710308 13.742012 -14.271564
11.13244 26.734865 -9.261179
11.132407 31.734875 -9.261188
11.132407 31.734875 -9.261188
11.132371 36.734882 -9.261196
11.132371 36.734882 -9.261196
-16.528412 38.648613 -13.58662
11.132371 36.734882 -9.261196
33.226906 29.00774 -2.4542584
33.226906 29.00774 -2.4542584
42.98677 14.450361 14.487977
42.98677 14.450361 14.487977
42.986767 19.450396 14.487944
42.98677 14.450361 14.487977
21.317741 1.9773293 44.471615
21.317741 1.9773293 44.471615
-7.8848004 27.61148 40.69754
-7.8848004 27.61148 40.69754
-7.230425 41.830956 31.302727
22.125689 -6.377729 16.79705
24.556461 12.586837 3.4838095
24.556461 12.586837 3.4838095
11.13244 26.734865 -9.261179
11.13244 26.734865 -9.261179
-28.710308 13.742012 -14.271564
11.13244 26.734865 -9.261179
11.132407 31.734875 -9.261188
11.132407 31.734875 -9.261188
11.132371 36.734882 -9.261196
11.132371 36.734882 -9.261196
-16.528412 38.648613 -13.58662
11.132371 36.734882 -9.261196
11.132331 41.73489 -9.261205
11.132331 41.73489 -9.261205
11.132287 46.734898 -9.261213
11.132287 46.734898 -9.261213
-21.528496 47.308834 -13.586594
11.132287 46.734898 -9.261213
38.226852 37.66805 -2.4543157
38.226852 37.66805 -2.4543157
51.06691 19.78536 16.987894
51.06691 19.78536 16.987894
51.066902 24.7854 16.987854
51.06691 19.78536 16.987894
26.875526 3.0209627 52.719177
26.875526 3.0209627 52.719177
-9.16284 31.912369 49.634506
-9.16284 31.912369 49.634506
-9.908333 48.343277 38.403355
-9.16284 31.912369 49.634506
36.912315 49.63456 -9.162786
36.912315 49.63456 -9.162786
54.634563 -9.162775 36.91231
54.634563 -9.162775 36.91231
-5.9299126 1.9453547 65.77108
54.634563 -9.162775 36.91231
26.037024 53.42308 28.858805
26.037024 53.42308 28.858805
69.60135 3.7069683 8.119349
69.60135 3.7069683 8.119349
8.706964 8.119311 69.60136
69.60135 3.7069683 8.119349
60.07023 24.627686 27.769165
60.07023 24.627686 27.769165
71.8909 7.295191 5.986368
71.8909 7.295191 5.986368
31.212803 29.47184 59.26619
11.132371 36.734882 -9.261196
42.93677 9.101123 5.0103045
42.93677 9.101123 5.0103045
20.776625 -7.7838907 39.689472
20.776625 -7.7838907 39.689472
-2.9954872 -1.4851167 44.760406
20.776625 -7.7838907 39.689472
-2.783934 39.689445 20.776669
-2.783934 39.689445 20.776669
44.689434 20.776697 -2.7839212
44.689434 20.776697 -2.7839212
34.70112 -8.550684 37.310215
44.689434 20.776697 -2.7839212
32.290142 4.3747997 40.094162
32.290142 4.3747997 40.094162
33.552597 39.36528 7.917038
33.552597 39.36528 7.917038
44.365276 7.9170446 33.5526
33.552597 39.36528 7.917038
50.775276 -21.913462 9.9199705
50.775276 -21.913462 9.9199705
33.92015 39.11384 16.796732
33.92015 39.11384 16.796732
53.95693 5.22851 20.97737
33.92015 39.11384 16.796732
54.77025 -19.31662 2.4137106
54.77025 -19.31662 2.4137106
34.964493 36.718216 25.29483
34.964493 36.718216 25.29483
55.82312 13.252113 17.632751
34.964493 36.718216 25.29483
34.964554 -41.71818 -25.294798
34.964554 -41.71818 -25.294798
34.964497 36.718216 25.29483
34.964497 36.718216 25.29483
58.035477 -14.665207 -4.4236813
34.964497 36.718216 25.29483
-38.34085 -17.028143 -42.927563
-38.34085 -17.028143 -42.927563
19.419624 -9.579448 54.667953
19.419624 -9.579448 54.667953
-6.8174343 9.223926 -57.053658
19.419624 -9.579448 54.667953
4.5793796 54.667934 -19.419693
4.5793796 54.667934 -19.419693
-59.66791 -19.419773 -4.5793552
-59.66791 -19.419773 -4.5793552
-0.4462347 29.61239 53.963573
-59.66791 -19.419773 -4.5793552
-4.4119244 -36.481316 49.384296
-4.4119244 -36.481316 49.384296
47.544662 19.387243 28.512932
47.544662 19.387243 28.512932
-24.38728 28.512842 -47.544697
47.544662 19.387243 28.512932
35.811264 48.8357 0.92051125
35.811264 48.8357 0.92051125
0.3390789 62.359932 -17.108492
0.3390789 62.359932 -17.108492
-65.658875 20.995323 -8.8478775
34.964497 36.718216 25.29483
-5.5886354 -44.945423 -39.3882
-5.5886354 -44.945423 -39.3882
32.836765 27.166706 36.905514
32.836765 27.166706 36.905514
32.83683 -32.166676 -36.905483
32.836765 27.166706 36.905514
-35.62852 -2.6230412 -46.89025
-35.62852 -2.6230412 -46.89025
9.33843 -20.928503 54.300358
9.33843 -20.928503 54.300358
-8.544649 23.325884 -51.694725
9.33843 -20.928503 54.300358
15.928435 54.300365 -9.338498
15.928435 54.300365 -9.338498
-59.300354 -9.338592 -15.928424
-59.300354 -9.338592 -15.928424
-4.170602 15.900841 59.31981
-59.300354 -9.338592 -15.928424
-17.964886 -39.793396 43.391464
-17.964886 -39.793396 43.391464
44.429813 7.367981 37.253742
44.429813 7.367981 37.253742
-12.368028 37.253674 -44.42986
34.964497 36.718216 25.29483
-5.5886354 -44.945423 -39.3882
-5.5886354 -44.945423 -39.3882
32.836765 27.166706 36.905514
32.836765 27.166706 36.905514
32.83683 -32.166676 -36.905483
32.836765 27.166706 36.905514
-35.62852 -2.6230412 -46.89025
-35.62852 -2.6230412 -46.89025
9.33843 -20.928503 54.300358
9.33843 -20.928503 54.300358
-8.544649 23.325884 -51.694725
9.33843 -20.928503 54.300358
-7.3836823 44.64582 -35.23755
-7.3836823 44.64582 -35.23755
-29.582115 -48.053856 24.013264
-29.582115 -48.053856 24.013264
-11.057758 56.098465 -6.0050774
-29.582115 -48.053856 24.013264
43.053825 24.013353 29.582085
43.053825 24.013353 29.582085
-29.01339 29.581995 -43.053864
-29.01339 29.581995 -43.053864
-18.559347 -37.018204 46.65329
-29.01339 29.581995 -43.053864
-55.845062 -27.56264 3.5994701
-55.845062 -27.56264 3.5994701
7.137248 -32.76327 50.163013
7.137248 -32.76327 50.163013
27.763208 50.16304 -7.1373105
7.137248 -32.76327 50.163013
40.955856 -8.412337 39.87377
40.955856 -8.412337 39.87377
49.68889 24.747759 14.05369
49.68889 24.747759 14.05369
-7.254753 46.93002 -36.005047
49.68889 24.747759 14.05369
49.688866 29.747837 14.053613
49.688866 29.747837 14.053613
49.688835 34.747913 14.053535
49.688835 34.747913 14.053535
23.477926 59.452007 -12.673772
49.688835 34.747913 14.053535
51.055244 16.420246 37.015076
51.055244 16.420246 37.015076
32.973633 5.696685 57.583576
32.973633 5.696685 57.583576
32.97371 10.696736 57.583527
9.33843 -20.928503 54.300358
39.641804 36.804756 19.062792
39.641804 36.804756 19.062792
-18.039186 52.364826 -24.799463
-18.039186 52.364826 -24.799463
-57.364796 -24.799511 18.039217
-18.039186 52.364826 -24.799463
-52.950356 35.668247 -12.457332
-52.950356 35.668247 -12.457332
-65.44107 9.177139 15.686888
-65.44107 9.177139 15.686888
-21.845352 -9.483034 64.517105
-65.44107 9.177139 15.686888
-65.44107 14.177037 15.68699
-65.44107 14.177037 15.68699
-65.44108 19.176935 15.687092
-65.44108 19.176935 15.687092
-54.3765 -3.4772491 46.306026
-65.44108 19.176935 15.687092
-43.785164 53.196373 -19.13501
-43.785164 53.196373 -19.13501
4.544853 64.575356 -38.46394
4.544853 64.575356 -38.46394
4.544685 69.57536 -38.463947
4.544853 64.575356 -38.46394
78.04559 3.9719067 -15.296075
78.04559 3.9719067 -15.296075
33.90482 -40.780872 59.941334
33.90482 -40.780872 59.941334
-18.41703 -30.683115 68.86313
33.90482 -40.780872 59.941334
-35.780983 59.9412 33.90493
-35.780983 59.9412 33.90493
64.94114 33.90512 -35.78092
64.94114 33.90512 -35.78092
65.4218 -35.503407 38.3501
64.94114 33.90512 -35.78092
34.434483 -18.167969 74.13114
34.434483 -18.167969 74.13114
29.304405 77.09297 -7.244274
29.304405 77.09297 -7.244274
82.09299 -7.2441754 29.304392
29.304405 77.09297 -7.244274
59.888012 -60.216385 20.925972
59.888012 -60.216385 20.925972
26.368847 78.9826 11.821711
26.368847 78.9826 11.821711
84.44225 -21.706835 16.925282
33.92015 39.11384 16.796732
-3.889925 -48.692398 -31.50645
-3.889925 -48.692398 -31.50645
32.57139 31.64655 29.230362
32.57139 31.64655 29.230362
32.57145 -36.64652 -29.230331
32.57139 31.64655 29.230362
-36.25108 -10.504411 -42.82284
-36.25108 -10.504411 -42.82284
14.247009 -13.667679 52.8058
14.247009 -13.667679 52.8058
-7.8464537 14.538709 -52.854687
14.247009 -13.667679 52.8058
8.667613 52.805794 -14.247075
8.667613 52.805794 -14.247075
-57.805775 -14.247157 -8.667595
-57.805775 -14.247157 -8.667595
-2.690052 23.153572 54.395042
-57.805775 -14.247157 -8.667595
-10.19627 -36.15487 45.727524
-10.19627 -36.15487 45.727524
44.232445 14.303194 31.693945
44.232445 14.303194 31.693945
-19.303234 31.693865 -44.232483
