0.0 0.0 0.0
0.0 3.0 0.0
0.0 3.0 0.0
-3.5350332 4.848045 0.0
0.0 3.0 0.0
0.0 6.0 0.0
0.0 6.0 0.0
5.30255 7.272067 0.0
0.0 6.0 0.0
0.0 9.0 0.0
0.0 9.0 0.0
-7.0700665 9.69609 0.0
-7.0700665 9.69609 0.0
-12.749029 1.8236899 6.7314887
-7.0700665 9.69609 0.0
-12.09606 6.8927913 4.1654863
-12.09606 6.8927913 4.1654863
-12.09606 9.892792 4.1654863
-12.09606 6.8927913 4.1654863
-11.742783 3.680993 10.492406
0.0 9.0 0.0
0.0 12.0 0.0
0.0 12.0 0.0
-8.837583 12.120112 0.0
0.0 12.0 0.0
0.0 15.0 0.0
0.0 15.0 0.0
10.6051 14.544134 0.0
0.0 15.0 0.0
0.0 18.0 0.0
0.0 18.0 0.0
12.372616 16.968157 0.0
12.372616 16.968157 0.0
12.372616 19.968157 0.0
12.372616 16.968157 0.0
19.842468 10.244369 7.289601
19.842468 10.244369 7.289601
12.342996 4.8812895 21.121046
19.842468 10.244369 7.289601
17.287632 3.7858257 17.58068
0.0 18.0 0.0
0.0 21.0 0.0
0.0 21.0 0.0
-14.140133 19.39218 0.0
0.0 21.0 0.0
0.0 24.0 0.0
0.0 24.0 0.0
15.907649 21.816202 0.0
0.0 24.0 0.0
0.0 27.0 0.0
