0.0 0.0 0.0
0.0 3.0 0.0
0.0 3.0 0.0
-1.8739798 6.744494 0.0
0.0 3.0 0.0
0.0 6.0 0.0
0.0 6.0 0.0
2.677114 9.634992 0.0
0.0 6.0 0.0
0.0 10.0 0.0
0.0 6.0 0.0
-2.677114 9.634992 0.0
-2.677114 9.634992 0.0
-8.998661 10.497461 1.3810681
-2.677114 9.634992 0.0
-6.1354895 12.446769 0.71669394
-6.1354895 12.446769 0.71669394
-6.1354895 16.44677 0.71669394
-6.1354895 12.446769 0.71669394
-9.913886 14.315227 2.3330746
0.0 6.0 0.0
0.0 9.0 0.0
0.0 9.0 0.0
-3.4802482 12.525489 0.0
0.0 9.0 0.0
0.0 12.0 0.0
0.0 12.0 0.0
4.2833824 15.415986 0.0
0.0 12.0 0.0
0.0 16.0 0.0
0.0 12.0 0.0
4.2833824 15.415986 0.0
4.2833824 15.415986 0.0
4.2833824 19.415985 0.0
4.2833824 15.415986 0.0
9.174275 17.60243 1.1467103
9.174275 17.60243 1.1467103
17.37019 14.756717 5.7151623
9.174275 17.60243 1.1467103
14.004194 18.529697 3.5609124
0.0 12.0 0.0
0.0 16.0 0.0
0.0 16.0 0.0
-5.354228 19.269983 0.0
0.0 16.0 0.0
0.0 20.0 0.0
0.0 20.0 0.0
6.4250736 23.12398 0.0
0.0 20.0 0.0
0.0 24.0 0.0
