0.0 0.0 0.0
0.0 3.0 0.0
0.0 3.0 0.0
-2.6549242 5.3806486 0.0
0.0 3.0 0.0
0.0 6.0 0.0
0.0 6.0 0.0
3.982386 8.070972 0.0
0.0 6.0 0.0
0.0 9.0 0.0
0.0 6.0 0.0
-3.982386 8.070972 0.0
-3.982386 8.070972 0.0
-10.260308 4.812802 3.1605132
-3.982386 8.070972 0.0
-8.10142 8.347912 1.7621555
-8.10142 8.347912 1.7621555
-8.10142 11.347912 1.7621555
-8.10142 8.347912 1.7621555
-10.837267 7.3068056 5.165033
0.0 6.0 0.0
0.0 9.0 0.0
0.0 9.0 0.0
-5.3098483 10.761297 0.0
0.0 9.0 0.0
0.0 12.0 0.0
0.0 12.0 0.0
6.6373105 13.451622 0.0
0.0 12.0 0.0
0.0 15.0 0.0
0.0 12.0 0.0
6.6373105 13.451622 0.0
6.6373105 13.451622 0.0
6.6373105 16.451622 0.0
6.6373105 13.451622 0.0
12.6173935 12.119638 2.936926
12.6173935 12.119638 2.936926
15.251691 4.956439 11.800308
12.6173935 12.119638 2.936926
15.671814 9.127219 8.216798
0.0 12.0 0.0
0.0 15.0 0.0
0.0 15.0 0.0
-7.964772 16.141945 0.0
0.0 15.0 0.0
0.0 18.0 0.0
0.0 18.0 0.0
9.292234 18.83227 0.0
0.0 18.0 0.0
0.0 21.0 0.0
