0.0 0.0 0.0
0.0 3.0 0.0
0.0 3.0 0.0
-4.756209 6.4326105 0.0
0.0 3.0 0.0
0.0 6.0 0.0
0.0 6.0 0.0
6.5397873 8.844839 0.0
0.0 6.0 0.0
0.0 11.0 0.0
0.0 6.0 0.0
-6.5397873 8.844839 0.0
-6.5397873 8.844839 0.0
-13.798625 2.2251081 6.252617
-6.5397873 8.844839 0.0
-12.459344 8.005999 3.8880744
-12.459344 8.005999 3.8880744
-12.459344 13.005999 3.8880744
-12.459344 8.005999 3.8880744
-13.929182 5.87598 10.533714
0.0 6.0 0.0
0.0 9.0 0.0
0.0 9.0 0.0
-8.323365 11.257069 0.0
0.0 9.0 0.0
0.0 12.0 0.0
0.0 12.0 0.0
10.106944 13.669297 0.0
0.0 12.0 0.0
0.0 17.0 0.0
0.0 12.0 0.0
10.106944 13.669297 0.0
10.106944 13.669297 0.0
10.106944 18.669296 0.0
10.106944 13.669297 0.0
17.633915 10.179971 6.008842
17.633915 10.179971 6.008842
14.344327 5.0004587 18.620642
17.633915 10.179971 6.008842
17.553406 5.899955 15.31539
0.0 12.0 0.0
0.0 17.0 0.0
0.0 17.0 0.0
-13.079575 17.689678 0.0
0.0 17.0 0.0
0.0 22.0 0.0
0.0 22.0 0.0
16.052204 21.71006 0.0
0.0 22.0 0.0
0.0 27.0 0.0
