0.0 0.0 0.0
0.0 3.0 0.0
0.0 3.0 0.0
-6.143283 5.1244583 0.0
0.0 3.0 0.0
0.0 6.0 0.0
0.0 6.0 0.0
8.447014 7.04613 0.0
0.0 6.0 0.0
0.0 9.0 0.0
0.0 9.0 0.0
-10.750745 8.967802 0.0
-10.750745 8.967802 0.0
-14.087161 -0.6083287 10.57638
-10.750745 8.967802 0.0
-15.1371975 3.658988 8.255609
-15.1371975 3.658988 8.255609
-15.1371975 8.658988 8.255609
-15.1371975 3.658988 8.255609
-8.799469 2.9689524 16.9122
0.0 9.0 0.0
0.0 12.0 0.0
0.0 12.0 0.0
-13.054476 10.889474 0.0
0.0 12.0 0.0
0.0 15.0 0.0
0.0 15.0 0.0
15.358208 12.811146 0.0
0.0 15.0 0.0
0.0 18.0 0.0
0.0 18.0 0.0
17.661938 14.732818 0.0
17.661938 14.732818 0.0
17.661938 19.732819 0.0
17.661938 14.732818 0.0
22.399971 3.952259 13.562785
22.399971 3.952259 13.562785
11.92111 15.473394 19.603874
22.399971 3.952259 13.562785
9.39414 2.7138882 25.888912
0.0 18.0 0.0
0.0 21.0 0.0
0.0 21.0 0.0
-19.96567 16.65449 0.0
0.0 21.0 0.0
0.0 24.0 0.0
0.0 24.0 0.0
22.2694 18.57616 0.0
0.0 24.0 0.0
0.0 27.0 0.0
