0.0 0.0 0.0
0.0 3.0 0.0
0.0 3.0 0.0
-1.8238924 5.716067 0.0
0.0 3.0 0.0
0.0 6.0 0.0
0.0 6.0 0.0
2.7358384 8.5741005 0.0
0.0 6.0 0.0
0.0 9.0 0.0
0.0 9.0 0.0
-3.6477847 11.432134 0.0
-3.6477847 11.432134 0.0
-10.783082 10.042617 2.1127744
-3.6477847 11.432134 0.0
-7.6978207 12.692786 1.1088611
-7.6978207 12.692786 1.1088611
-7.6978207 15.692786 1.1088611
-7.6978207 12.692786 1.1088611
-11.435705 12.823368 3.3963866
0.0 9.0 0.0
0.0 12.0 0.0
0.0 12.0 0.0
-4.5597305 14.290167 0.0
0.0 12.0 0.0
0.0 15.0 0.0
0.0 15.0 0.0
5.471677 17.148201 0.0
0.0 15.0 0.0
0.0 18.0 0.0
0.0 18.0 0.0
6.383623 20.006233 0.0
6.383623 20.006233 0.0
6.383623 23.006233 0.0
6.383623 20.006233 0.0
12.787226 20.06885 1.9405068
12.787226 20.06885 1.9405068
20.94267 13.41894 8.988164
12.787226 20.06885 1.9405068
18.056173 18.453352 5.735765
0.0 18.0 0.0
0.0 21.0 0.0
0.0 21.0 0.0
-7.2955694 22.864267 0.0
0.0 21.0 0.0
0.0 24.0 0.0
0.0 24.0 0.0
8.207516 25.7223 0.0
0.0 24.0 0.0
0.0 27.0 0.0
