0.0 0.0 0.0
0.0 3.0 0.0
0.0 3.0 0.0
-3.9262197 4.5370474 0.0
0.0 3.0 0.0
0.0 6.0 0.0
0.0 6.0 0.0
5.8893294 6.805571 0.0
0.0 6.0 0.0
0.0 9.0 0.0
0.0 9.0 0.0
-7.8524394 9.074095 0.0
-7.8524394 9.074095 0.0
-12.110881 0.61791635 7.771055
-7.8524394 9.074095 0.0
-12.390949 5.2445955 5.1384006
-12.390949 5.2445955 5.1384006
-12.390949 8.244596 5.1384006
-12.390949 5.2445955 5.1384006
-9.937588 2.3033533 11.993793
0.0 9.0 0.0
0.0 12.0 0.0
0.0 12.0 0.0
-9.815549 11.342619 0.0
0.0 12.0 0.0
0.0 15.0 0.0
0.0 15.0 0.0
11.778659 13.611142 0.0
0.0 15.0 0.0
0.0 18.0 0.0
0.0 18.0 0.0
13.741769 15.879665 0.0
13.741769 15.879665 0.0
13.741769 18.879665 0.0
13.741769 15.879665 0.0
20.211828 7.476649 8.992201
20.211828 7.476649 8.992201
9.506957 7.438883 21.293629
20.211828 7.476649 8.992201
13.963224 1.771461 20.025686
0.0 18.0 0.0
0.0 21.0 0.0
0.0 21.0 0.0
-15.704879 18.14819 0.0
0.0 21.0 0.0
0.0 24.0 0.0
0.0 24.0 0.0
17.667988 20.416714 0.0
0.0 24.0 0.0
0.0 27.0 0.0
