0.0 0.0 0.0
0.0 3.0 0.0
0.0 3.0 0.0
-3.3978734 6.1200047 0.0
0.0 3.0 0.0
0.0 6.0 0.0
0.0 6.0 0.0
4.854105 8.742864 0.0
0.0 6.0 0.0
0.0 9.0 0.0
0.0 9.0 0.0
-6.310336 11.365723 0.0
-6.310336 11.365723 0.0
-14.8062935 5.2926426 5.3560586
-6.310336 11.365723 0.0
-12.282156 10.756013 3.0631032
-12.282156 10.756013 3.0631032
-12.282156 14.756013 3.0631032
-12.282156 10.756013 3.0631032
-15.250973 8.410323 8.639916
0.0 9.0 0.0
0.0 12.0 0.0
0.0 12.0 0.0
-7.7665677 13.988582 0.0
0.0 12.0 0.0
0.0 15.0 0.0
0.0 15.0 0.0
9.222799 16.61144 0.0
0.0 15.0 0.0
0.0 18.0 0.0
0.0 18.0 0.0
10.67903 19.2343 0.0
10.67903 19.2343 0.0
10.67903 23.2343 0.0
10.67903 19.2343 0.0
19.440975 15.7813835 5.1837134
19.440975 15.7813835 5.1837134
19.89885 5.468951 19.24193
19.440975 15.7813835 5.1837134
22.262413 10.265486 13.968904
0.0 18.0 0.0
0.0 21.0 0.0
0.0 21.0 0.0
-12.1352625 21.857159 0.0
0.0 21.0 0.0
0.0 24.0 0.0
0.0 24.0 0.0
13.591494 24.480019 0.0
0.0 24.0 0.0
0.0 27.0 0.0
