0.0 0.0 0.0
0.0 3.0 0.0
0.0 3.0 0.0
-2.9227087 6.3606424 0.0
0.0 3.0 0.0
0.0 6.0 0.0
0.0 6.0 0.0
4.175298 9.086632 0.0
0.0 6.0 0.0
0.0 9.0 0.0
0.0 9.0 0.0
-5.427888 11.812622 0.0
-5.427888 11.812622 0.0
-14.301159 7.6167464 4.118616
-5.427888 11.812622 0.0
-11.083879 12.30904 2.266305
-11.083879 12.30904 2.266305
-11.083879 16.30904 2.266305
-11.083879 12.30904 2.266305
-15.101301 11.009356 6.687158
0.0 9.0 0.0
0.0 12.0 0.0
0.0 12.0 0.0
-6.680477 14.538611 0.0
0.0 12.0 0.0
0.0 15.0 0.0
0.0 15.0 0.0
7.9330664 17.2646 0.0
0.0 15.0 0.0
0.0 18.0 0.0
0.0 18.0 0.0
9.185656 19.990591 0.0
9.185656 19.990591 0.0
9.185656 23.990591 0.0
9.185656 19.990591 0.0
17.601097 18.314384 3.8352852
17.601097 18.314384 3.8352852
22.503487 8.043459 15.853567
17.601097 18.314384 3.8352852
22.394514 14.26712 10.833965
0.0 18.0 0.0
0.0 21.0 0.0
0.0 21.0 0.0
-10.438246 22.71658 0.0
0.0 21.0 0.0
0.0 24.0 0.0
0.0 24.0 0.0
11.690835 25.44257 0.0
0.0 24.0 0.0
0.0 27.0 0.0
