0.0 0.0 0.0
0.0 3.0 0.0
0.0 3.0 0.0
-2.6804602 7.5375814 0.0
0.0 3.0 0.0
0.0 6.0 0.0
0.0 6.0 0.0
3.6856327 10.364175 0.0
0.0 6.0 0.0
0.0 11.0 0.0
0.0 6.0 0.0
-3.6856327 10.364175 0.0
-3.6856327 10.364175 0.0
-11.917031 10.109947 2.327038
-3.6856327 10.364175 0.0
-8.419753 13.312571 1.2348989
-8.419753 13.312571 1.2348989
-8.419753 18.31257 1.2348989
-8.419753 13.312571 1.2348989
-13.22044 14.734659 3.9846206
0.0 6.0 0.0
0.0 9.0 0.0
0.0 9.0 0.0
-4.6908054 13.190767 0.0
0.0 9.0 0.0
0.0 12.0 0.0
0.0 12.0 0.0
5.695978 16.01736 0.0
0.0 12.0 0.0
0.0 17.0 0.0
0.0 12.0 0.0
5.695978 16.01736 0.0
5.695978 16.01736 0.0
5.695978 21.01736 0.0
5.695978 16.01736 0.0
12.098553 18.004343 1.9084804
12.098553 18.004343 1.9084804
20.865639 12.676367 9.11877
12.098553 18.004343 1.9084804
17.845615 18.069494 5.8518767
0.0 12.0 0.0
0.0 17.0 0.0
0.0 17.0 0.0
-7.3712654 20.72835 0.0
0.0 17.0 0.0
0.0 22.0 0.0
0.0 22.0 0.0
9.046554 25.439337 0.0
0.0 22.0 0.0
0.0 27.0 0.0
