0.0 0.0 0.0
0.0 3.0 0.0
0.0 3.0 0.0
-2.7873278 6.4211216 0.0
0.0 3.0 0.0
0.0 6.0 0.0
0.0 6.0 0.0
3.9818966 9.173031 0.0
0.0 6.0 0.0
0.0 9.0 0.0
0.0 9.0 0.0
-5.1764655 11.92494 0.0
-5.1764655 11.92494 0.0
-14.047494 8.29262 3.7815182
-5.1764655 11.92494 0.0
-10.696857 12.717237 2.0612152
-10.696857 12.717237 2.0612152
-10.696857 16.717237 2.0612152
-10.696857 12.717237 2.0612152
-14.904568 11.754448 6.150137
0.0 9.0 0.0
0.0 12.0 0.0
0.0 12.0 0.0
-6.3710346 14.676849 0.0
0.0 12.0 0.0
0.0 15.0 0.0
0.0 15.0 0.0
7.5656037 17.428759 0.0
0.0 15.0 0.0
0.0 18.0 0.0
0.0 18.0 0.0
8.760173 20.180668 0.0
8.760173 20.180668 0.0
8.760173 24.180668 0.0
8.760173 20.180668 0.0
16.999695 18.981256 3.4882102
16.999695 18.981256 3.4882102
22.975761 9.074629 14.800702
16.999695 18.981256 3.4882102
22.181099 15.424533 9.968848
0.0 18.0 0.0
0.0 21.0 0.0
0.0 21.0 0.0
-9.9547415 22.932577 0.0
0.0 21.0 0.0
0.0 24.0 0.0
0.0 24.0 0.0
11.149311 25.684486 0.0
0.0 24.0 0.0
0.0 27.0 0.0
