0.0 0.0 0.0
0.0 3.0 0.0
0.0 3.0 0.0
-3.3139482 5.0017743 0.0
0.0 3.0 0.0
0.0 6.0 0.0
0.0 6.0 0.0
4.9709225 7.5026617 0.0
0.0 6.0 0.0
0.0 9.0 0.0
0.0 9.0 0.0
-6.6278963 10.003549 0.0
-6.6278963 10.003549 0.0
-12.982006 2.6901872 6.103417
-6.6278963 10.003549 0.0
-11.788155 7.7884283 3.6607509
-11.788155 7.7884283 3.6607509
-11.788155 10.788428 3.6607509
-11.788155 7.7884283 3.6607509
-12.465212 4.682639 9.562597
0.0 9.0 0.0
0.0 12.0 0.0
0.0 12.0 0.0
-8.284871 12.5044365 0.0
0.0 12.0 0.0
0.0 15.0 0.0
0.0 15.0 0.0
9.941845 15.005323 0.0
0.0 15.0 0.0
0.0 18.0 0.0
0.0 18.0 0.0
11.598819 17.50621 0.0
11.598819 17.50621 0.0
11.598819 20.50621 0.0
11.598819 17.50621 0.0
19.38654 11.754085 6.4063144
19.38654 11.754085 6.4063144
14.233346 4.2245684 20.350101
19.38654 11.754085 6.4063144
18.671791 5.3275404 16.048155
0.0 18.0 0.0
0.0 21.0 0.0
0.0 21.0 0.0
-13.255793 20.007097 0.0
0.0 21.0 0.0
0.0 24.0 0.0
0.0 24.0 0.0
14.912767 22.507984 0.0
0.0 24.0 0.0
0.0 27.0 0.0
