0.0 0.0 0.0
0.0 3.0 0.0
0.0 3.0 0.0
-3.7539368 4.680594 0.0
0.0 3.0 0.0
0.0 6.0 0.0
0.0 6.0 0.0
5.630905 7.0208907 0.0
0.0 6.0 0.0
0.0 9.0 0.0
0.0 6.0 0.0
-5.630905 7.0208907 0.0
-5.630905 7.0208907 0.0
-10.047287 0.9822649 5.4965935
-5.630905 7.0208907 0.0
-9.696344 5.06899 3.5230103
-9.696344 5.06899 3.5230103
-9.696344 8.068991 3.5230103
-9.696344 5.06899 3.5230103
-9.229678 2.9411473 8.814875
0.0 6.0 0.0
0.0 9.0 0.0
0.0 9.0 0.0
-7.5078735 9.361188 0.0
0.0 9.0 0.0
0.0 12.0 0.0
0.0 12.0 0.0
9.384842 11.701485 0.0
0.0 12.0 0.0
0.0 15.0 0.0
0.0 12.0 0.0
9.384842 11.701485 0.0
9.384842 11.701485 0.0
9.384842 14.701485 0.0
9.384842 11.701485 0.0
14.909262 6.8881183 5.871684
14.909262 6.8881183 5.871684
9.1106415 4.5819902 15.828432
14.909262 6.8881183 5.871684
12.393845 2.7353373 13.9085655
0.0 12.0 0.0
0.0 15.0 0.0
0.0 15.0 0.0
-11.26181 14.041781 0.0
0.0 15.0 0.0
0.0 18.0 0.0
0.0 18.0 0.0
13.138779 16.382078 0.0
0.0 18.0 0.0
0.0 21.0 0.0
