0.0 0.0 0.0
0.0 3.0 0.0
0.0 3.0 0.0
0.0 6.0 0.0
0.0 6.0 0.0
8.095321 3.9326558 0.0
8.095321 3.9326558 0.0
9.494688 2.235555 4.2952456
9.494688 2.235555 4.2952456
9.494688 5.2355547 4.2952456
0.0 6.0 0.0
-4.775254 7.6286926 0.0
-4.775254 7.6286926 0.0
-4.775254 10.628693 0.0
-4.775254 10.628693 0.0
3.800234 13.699746 -2.533672
0.0 6.0 0.0
0.0 9.0 0.0
0.0 9.0 0.0
0.0 12.0 0.0
0.0 12.0 0.0
13.492202 6.5544267 0.0
13.492202 6.5544267 0.0
14.763313 2.0306592 7.158743
14.763313 2.0306592 7.158743
14.763313 5.030659 7.158743
0.0 12.0 0.0
-7.958756 12.714488 0.0
-7.958756 12.714488 0.0
-7.958756 15.714488 0.0
-7.958756 15.714488 0.0
4.2113895 19.44238 -4.2227864
0.0 12.0 0.0
13.492202 6.5544267 0.0
13.492202 6.5544267 0.0
11.170157 -1.1280346 12.135967
11.170157 -1.1280346 12.135967
11.636266 11.769445 1.2790112
11.636266 11.769445 1.2790112
14.953658 0.92245114 11.432945
14.953658 0.92245114 11.432945
1.8897656 5.086589 18.446278
11.170157 -1.1280346 12.135967
3.560749 -0.020421743 16.213545
3.560749 -0.020421743 16.213545
-3.012601 13.020254 10.287522
-3.012601 13.020254 10.287522
16.987202 8.137902 -4.0947404
11.170157 -1.1280346 12.135967
3.560749 -0.020421743 16.213545
3.560749 -0.020421743 16.213545
-3.1526341 5.488599 15.632403
-3.1526341 5.488599 15.632403
10.064997 14.211745 -4.8051605
10.064997 14.211745 -4.8051605
19.292002 -0.32274008 6.9535933
19.292002 -0.32274008 6.9535933
12.154136 -4.449483 16.130114
-3.1526341 5.488599 15.632403
-3.1526341 8.488599 15.632403
-3.1526341 8.488599 15.632403
-3.1999621 15.556795 11.577797
-3.1999621 15.556795 11.577797
11.529962 18.733501 2.1807525
-3.1526341 5.488599 15.632403
-3.1526341 8.488599 15.632403
-3.1526341 8.488599 15.632403
-3.1526341 11.488599 15.632403
-3.1526341 11.488599 15.632403
6.2861214 20.217691 3.995031
6.2861214 20.217691 3.995031
15.038662 17.977629 6.721632
15.038662 17.977629 6.721632
15.038662 20.977629 6.721632
-3.1526341 11.488599 15.632403
-2.9220052 15.263962 14.923269
-2.9220052 15.263962 14.923269
-2.9220052 18.263962 14.923269
-2.9220052 18.263962 14.923269
2.4713154 23.539352 11.09908
0.0 12.0 0.0
-7.958756 12.714488 0.0
-7.958756 12.714488 0.0
-14.056066 9.74074 4.2227864
-14.056066 9.74074 4.2227864
-5.2381406 18.309835 -3.8785484
-5.2381406 18.309835 -3.8785484
-5.2381406 21.309835 -3.8785484
-5.2381406 21.309835 -3.8785484
-18.406246 17.15812 -0.5083115
-14.056066 9.74074 4.2227864
-12.484128 3.459149 14.488348
-12.484128 3.459149 14.488348
-5.8807364 3.9391193 18.90467
-5.8807364 3.9391193 18.90467
-5.8807364 6.9391193 18.90467
-14.056066 9.74074 4.2227864
-14.056066 12.74074 4.2227864
-14.056066 12.74074 4.2227864
-14.056066 15.74074 4.2227864
-14.056066 15.74074 4.2227864
12.513401 17.130068 -10.797955
12.513401 17.130068 -10.797955
24.5276 8.395292 -2.5132904
24.5276 8.395292 -2.5132904
24.5276 11.395292 -2.5132904
-14.056066 15.74074 4.2227864
-18.14339 10.75248 11.037291
-18.14339 10.75248 11.037291
-18.14339 13.75248 11.037291
-18.14339 13.75248 11.037291
-9.110996 25.466963 -0.2710209
-14.056066 15.74074 4.2227864
-2.054638 23.39563 -3.8785484
-2.054638 23.39563 -3.8785484
14.273212 22.205961 -4.3777413
14.273212 22.205961 -4.3777413
24.759466 -5.504825 14.659308
24.759466 -5.504825 14.659308
-3.2872486 1.0343915 28.676205
-3.2872486 1.0343915 28.676205
-13.11808 12.970988 22.562725
14.273212 22.205961 -4.3777413
14.273212 25.205961 -4.3777413
14.273212 25.205961 -4.3777413
27.1895 16.256638 3.8624184
27.1895 16.256638 3.8624184
20.994328 0.8528414 26.144144
