0.0 0.0 0.0
0.0 3.0 0.0
0.0 3.0 0.0
-4.4174814 5.4300885 0.0
0.0 3.0 0.0
0.0 6.0 0.0
0.0 6.0 0.0
6.3106875 7.757269 0.0
0.0 6.0 0.0
0.0 10.0 0.0
0.0 6.0 0.0
-6.3106875 7.757269 0.0
-6.3106875 7.757269 0.0
-11.772588 1.1352781 6.17863
-6.3106875 7.757269 0.0
-11.217115 6.0311146 3.982478
-11.217115 6.0311146 3.982478
-11.217115 10.031115 3.982478
-11.217115 6.0311146 3.982478
-11.130676 3.8762255 10.168087
0.0 6.0 0.0
0.0 9.0 0.0
0.0 9.0 0.0
-8.203894 10.08445 0.0
0.0 9.0 0.0
0.0 12.0 0.0
0.0 12.0 0.0
10.0971 12.411631 0.0
0.0 12.0 0.0
0.0 16.0 0.0
0.0 12.0 0.0
10.0971 12.411631 0.0
10.0971 12.411631 0.0
10.0971 16.41163 0.0
10.0971 12.411631 0.0
16.432821 7.788039 6.3719645
16.432821 7.788039 6.3719645
10.952325 5.2328205 17.38567
16.432821 7.788039 6.3719645
14.208239 3.6374454 15.313145
0.0 12.0 0.0
0.0 16.0 0.0
0.0 16.0 0.0
-12.621375 15.514538 0.0
0.0 16.0 0.0
0.0 20.0 0.0
0.0 20.0 0.0
15.145651 18.617447 0.0
0.0 20.0 0.0
0.0 24.0 0.0
