0.0 0.0 0.0
0.0 3.0 0.0
0.0 3.0 0.0
0.0 6.0 0.0
0.0 6.0 0.0
9.617022 -5.339746 0.0
9.617022 -5.339746 0.0
2.1815119 -4.3762894 8.288041
2.1815119 -4.3762894 8.288041
2.1815119 0.62371063 8.288041
0.0 6.0 0.0
-9.479905 5.5795517 0.0
-9.479905 5.5795517 0.0
-9.479905 10.579552 0.0
-9.479905 10.579552 0.0
10.987576 12.046467 -8.169873
0.0 6.0 0.0
0.0 9.0 0.0
0.0 9.0 0.0
0.0 12.0 0.0
0.0 12.0 0.0
14.862671 -8.252335 0.0
14.862671 -8.252335 0.0
1.0210383 -8.146716 12.808792
1.0210383 -8.146716 12.808792
1.0210383 -3.146716 12.808792
0.0 12.0 0.0
-14.650763 8.622943 0.0
-14.650763 8.622943 0.0
-14.650763 13.622943 0.0
-14.650763 13.622943 0.0
12.28002 15.850548 -12.626167
0.0 12.0 0.0
14.862671 -8.252335 0.0
14.862671 -8.252335 0.0
0.6588609 7.88651 12.994058
0.6588609 7.88651 12.994058
-16.58527 2.2527995 -7.4293633
-16.58527 2.2527995 -7.4293633
-16.579185 -7.671532 7.0105543
-16.579185 -7.671532 7.0105543
-3.2671514 -0.38080704 -17.897907
0.6588609 7.88651 12.994058
5.595044 15.899328 7.1588135
5.595044 15.899328 7.1588135
22.628395 -2.2987676 1.4164925
22.628395 -2.2987676 1.4164925
22.717514 -2.131454 -0.8478328
0.6588609 7.88651 12.994058
5.595044 15.899328 7.1588135
5.595044 15.899328 7.1588135
16.321373 13.471968 8.453041
16.321373 13.471968 8.453041
16.98712 -18.051102 -8.040536
16.98712 -18.051102 -8.040536
-10.819748 7.3989224 18.75454
-10.819748 7.3989224 18.75454
-0.29655075 24.948135 0.18833923
16.321373 13.471968 8.453041
16.321373 18.471968 8.453041
16.321373 18.471968 8.453041
20.73246 11.049257 18.353567
20.73246 11.049257 18.353567
26.706196 15.0367155 9.216467
16.321373 13.471968 8.453041
16.321373 18.471968 8.453041
16.321373 18.471968 8.453041
16.321373 23.471968 8.453041
16.321373 23.471968 8.453041
32.325825 -0.4332552 10.165993
32.325825 -0.4332552 10.165993
7.808655 -4.2639837 33.01522
7.808655 -4.2639837 33.01522
7.808655 0.7360163 33.01522
16.321373 23.471968 8.453041
-16.643044 27.854778 -9.778263
-16.643044 27.854778 -9.778263
-16.643044 32.85478 -9.778263
-16.643044 32.85478 -9.778263
32.61606 19.213978 -19.302982
0.0 12.0 0.0
-14.650763 8.622943 0.0
-14.650763 8.622943 0.0
-15.509792 0.50559616 12.626167
-15.509792 0.50559616 12.626167
-4.765019 18.950176 -6.962092
-4.765019 18.950176 -6.962092
-4.765019 23.950176 -6.962092
-4.765019 23.950176 -6.962092
-29.218895 7.430631 0.57514334
-15.509792 0.50559616 12.626167
-13.82674 13.560664 7.4306803
-13.82674 13.560664 7.4306803
-16.304934 8.88926 15.685095
-16.304934 8.88926 15.685095
-16.304934 13.88926 15.685095
-15.509792 0.50559616 12.626167
-15.509792 5.505596 12.626167
-15.509792 5.505596 12.626167
-15.509792 10.505596 12.626167
-15.509792 10.505596 12.626167
15.259916 -4.4583764 -19.688957
15.259916 -4.4583764 -19.688957
12.999691 -21.019249 3.1642733
12.999691 -21.019249 3.1642733
12.999691 -16.019249 3.1642733
-15.509792 10.505596 12.626167
-11.833927 10.462677 19.770884
-11.833927 10.462677 19.770884
-11.833927 15.462677 19.770884
-11.833927 15.462677 19.770884
5.9476547 30.23652 -0.17016697
-15.509792 10.505596 12.626167
3.853077 24.022495 -6.962092
3.853077 24.022495 -6.962092
29.046589 7.865958 -0.21077704
29.046589 7.865958 -0.21077704
29.346056 -12.132887 0.9400884
29.346056 -12.132887 0.9400884
1.0780845 16.63557 25.200167
1.0780845 16.63557 25.200167
7.907181 29.219542 13.711433
29.046589 7.865958 -0.21077704
29.046589 12.865958 -0.21077704
29.046589 12.865958 -0.21077704
22.962423 -3.7917109 24.925714
22.962423 -3.7917109 24.925714
17.045813 28.21085 7.9757404
