0.0 0.0 0.0
0.0 3.0 0.0
0.0 3.0 0.0
-4.0125413 4.460887 0.0
0.0 3.0 0.0
0.0 6.0 0.0
0.0 6.0 0.0
6.018812 6.6913304 0.0
0.0 6.0 0.0
0.0 9.0 0.0
0.0 9.0 0.0
-8.025083 8.921774 0.0
-8.025083 8.921774 0.0
-11.944575 0.41594023 7.980273
-8.025083 8.921774 0.0
-12.408748 4.8734775 5.3668294
-12.408748 4.8734775 5.3668294
-12.408748 7.8734775 5.3668294
-12.408748 4.8734775 5.3668294
-9.456123 2.08429 12.288572
0.0 9.0 0.0
0.0 12.0 0.0
0.0 12.0 0.0
-10.031354 11.152218 0.0
0.0 12.0 0.0
0.0 15.0 0.0
0.0 15.0 0.0
12.037624 13.382661 0.0
0.0 15.0 0.0
0.0 18.0 0.0
0.0 18.0 0.0
14.043895 15.613104 0.0
14.043895 15.613104 0.0
14.043895 18.613104 0.0
14.043895 15.613104 0.0
20.210604 6.8557534 9.391952
20.210604 6.8557534 9.391952
9.040208 8.206539 21.088871
20.210604 6.8557534 9.391952
13.093046 1.4791064 20.49872
0.0 18.0 0.0
0.0 21.0 0.0
0.0 21.0 0.0
-16.050165 17.843548 0.0
0.0 21.0 0.0
0.0 24.0 0.0
0.0 24.0 0.0
18.056437 20.073992 0.0
0.0 24.0 0.0
0.0 27.0 0.0
