0.0 0.0 0.0
0.0 3.0 0.0
0.0 3.0 0.0
0.0 6.0 0.0
0.0 6.0 0.0
5.297165 7.275991 0.0
5.297165 7.275991 0.0
7.970032 8.212613 1.6393701
7.970032 8.212613 1.6393701
7.970032 11.212613 1.6393701
0.0 6.0 0.0
-2.785326 8.558151 0.0
-2.785326 8.558151 0.0
-2.785326 11.558151 0.0
-2.785326 11.558151 0.0
1.9869142 14.663115 -0.8620046
0.0 6.0 0.0
0.0 9.0 0.0
0.0 9.0 0.0
0.0 12.0 0.0
0.0 12.0 0.0
8.8286085 12.126652 0.0
8.8286085 12.126652 0.0
12.664427 11.785875 2.7322836
12.664427 11.785875 2.7322836
12.664427 14.785875 2.7322836
0.0 12.0 0.0
-4.64221 14.263586 0.0
-4.64221 14.263586 0.0
-4.64221 17.263586 0.0
-4.64221 17.263586 0.0
2.0736008 20.634903 -1.4366742
0.0 12.0 0.0
8.8286085 12.126652 0.0
8.8286085 12.126652 0.0
14.673361 8.028137 5.196288
14.673361 8.028137 5.196288
10.360473 3.8042397 15.560112
10.360473 3.8042397 15.560112
1.6834309 9.275244 17.51828
1.6834309 9.275244 17.51828
-0.01055336 15.191484 15.153362
14.673361 8.028137 5.196288
15.151768 6.666232 9.482302
15.151768 6.666232 9.482302
11.080244 3.889808 16.58384
11.080244 3.889808 16.58384
1.5140581 9.654955 18.701723
14.673361 8.028137 5.196288
15.151768 6.666232 9.482302
15.151768 6.666232 9.482302
13.901552 5.6409063 13.705955
13.901552 5.6409063 13.705955
5.270254 7.4542193 19.298462
5.270254 7.4542193 19.298462
0.41485596 12.629265 18.70365
0.41485596 12.629265 18.70365
-0.2921629 16.531275 17.913797
13.901552 5.6409063 13.705955
13.901552 8.640906 13.705955
13.901552 8.640906 13.705955
12.139237 8.291092 17.335333
12.139237 8.291092 17.335333
6.3309655 9.357304 21.159473
13.901552 5.6409063 13.705955
13.901552 8.640906 13.705955
13.901552 8.640906 13.705955
13.901552 11.640906 13.705955
13.901552 11.640906 13.705955
11.181356 9.969593 19.26258
11.181356 9.969593 19.26258
8.455538 10.887271 21.777311
8.455538 10.887271 21.777311
8.455538 13.887271 21.777311
13.901552 11.640906 13.705955
12.07249 19.3259 8.730808
12.07249 19.3259 8.730808
12.07249 22.3259 8.730808
12.07249 22.3259 8.730808
16.184723 21.365988 12.038378
0.0 12.0 0.0
-4.64221 14.263586 0.0
-4.64221 14.263586 0.0
-9.540334 15.0499 1.4366742
-9.540334 15.0499 1.4366742
-3.4632764 20.108952 -1.586407
-3.4632764 20.108952 -1.586407
-3.4632764 23.108952 -1.586407
-3.4632764 23.108952 -1.586407
-11.678644 23.656012 -0.43670642
-9.540334 15.0499 1.4366742
-16.175467 10.55045 6.776661
-16.175467 10.55045 6.776661
-16.825527 8.77403 11.449961
-16.825527 8.77403 11.449961
-16.825527 11.77403 11.449961
-9.540334 15.0499 1.4366742
-9.540334 18.0499 1.4366742
-9.540334 18.0499 1.4366742
-9.540334 21.0499 1.4366742
-9.540334 21.0499 1.4366742
7.2361536 24.48024 -4.453721
7.2361536 24.48024 -4.453721
16.358362 23.575043 -1.995619
16.358362 23.575043 -1.995619
16.358362 26.575043 -1.995619
-9.540334 21.0499 1.4366742
-15.646763 20.199194 4.3186903
-15.646763 20.199194 4.3186903
-15.646763 23.199194 4.3186903
-15.646763 23.199194 4.3186903
-7.310932 29.931238 -0.735703
-9.540334 21.0499 1.4366742
-1.6063924 25.814386 -1.586407
-1.6063924 25.814386 -1.586407
7.93182 27.720562 -2.0056708
7.93182 27.720562 -2.0056708
28.562033 12.936999 5.247261
28.562033 12.936999 5.247261
25.5509 1.1112785 21.052979
25.5509 1.1112785 21.052979
18.180424 -1.5934398 27.926907
7.93182 27.720562 -2.0056708
7.93182 30.720562 -2.0056708
7.93182 30.720562 -2.0056708
18.198229 29.538744 0.5475409
18.198229 29.538744 0.5475409
30.78493 17.836172 11.153658
0.0 12.0 0.0
0.0 15.0 0.0
0.0 15.0 0.0
0.0 18.0 0.0
0.0 18.0 0.0
12.360051 16.977312 0.0
12.360051 16.977312 0.0
17.358818 15.3591385 3.825197
17.358818 15.3591385 3.825197
17.358818 18.359138 3.825197
0.0 18.0 0.0
-6.499094 19.96902 0.0
-6.499094 19.96902 0.0
-6.499094 22.96902 0.0
-6.499094 22.96902 0.0
2.1602883 26.60669 -2.011344
0.0 18.0 0.0
0.0 21.0 0.0
0.0 21.0 0.0
0.0 24.0 0.0
0.0 24.0 0.0
15.891495 21.827972 0.0
15.891495 21.827972 0.0
22.053213 18.932404 4.9181104
22.053213 18.932404 4.9181104
22.053213 21.932404 4.9181104
0.0 24.0 0.0
-8.355978 25.674456 0.0
-8.355978 25.674456 0.0
-8.355978 28.674456 0.0
-8.355978 28.674456 0.0
2.2469745 32.578476 -2.5860136
0.0 24.0 0.0
15.891495 21.827972 0.0
15.891495 21.827972 0.0
24.999472 12.510383 9.353318
24.999472 12.510383 9.353318
14.385133 5.927383 26.663912
14.385133 5.927383 26.663912
-0.4873252 15.891641 27.291256
-0.4873252 15.891641 27.291256
-2.1853428 24.95892 21.77661
24.999472 12.510383 9.353318
24.65267 8.287739 16.630978
24.65267 8.287739 16.630978
14.842683 3.156341 27.955122
14.842683 3.156341 27.955122
-3.1875038 14.8956785 28.41924
24.999472 12.510383 9.353318
24.65267 8.287739 16.630978
24.65267 8.287739 16.630978
20.890537 5.0715036 23.444017
20.890537 5.0715036 23.444017
2.587724 10.187105 30.671032
2.587724 10.187105 30.671032
-5.1412835 20.054749 26.318861
-5.1412835 20.054749 26.318861
-5.2591586 25.95668 23.435629
20.890537 5.0715036 23.444017
20.890537 8.071504 23.444017
20.890537 8.071504 23.444017
15.416825 6.6255717 28.758268
15.416825 6.6255717 28.758268
2.0574923 10.40838 32.32337
20.890537 5.0715036 23.444017
20.890537 8.071504 23.444017
20.890537 8.071504 23.444017
20.890537 11.071504 23.444017
20.890537 11.071504 23.444017
10.7804365 9.557157 31.248787
10.7804365 9.557157 31.248787
4.4379916 11.7610855 33.050987
4.4379916 11.7610855 33.050987
4.4379916 14.7610855 33.050987
20.890537 11.071504 23.444017
21.434088 21.773914 15.827833
21.434088 21.773914 15.827833
21.434088 24.773914 15.827833
21.434088 24.773914 15.827833
23.318733 21.618565 21.684214
0.0 24.0 0.0
-8.355978 25.674456 0.0
-8.355978 25.674456 0.0
-16.429846 24.80765 2.5860136
-16.429846 24.80765 2.5860136
-7.011323 31.525227 -2.6256645
-7.011323 31.525227 -2.6256645
-7.011323 34.525227 -2.6256645
-7.011323 34.525227 -2.6256645
-18.72582 33.36813 -0.32689047
-16.429846 24.80765 2.5860136
-25.874588 15.558965 11.760824
-25.874588 15.558965 11.760824
-25.678947 11.159704 19.19112
-25.678947 11.159704 19.19112
-25.678947 14.159704 19.19112
-16.429846 24.80765 2.5860136
-16.429846 27.80765 2.5860136
-16.429846 27.80765 2.5860136
-16.429846 30.80765 2.5860136
-16.429846 30.80765 2.5860136
7.9295673 36.045204 -7.5795326
7.9295673 36.045204 -7.5795326
21.484379 34.068783 -4.7533736
21.484379 34.068783 -4.7533736
21.484379 37.068783 -4.7533736
-16.429846 30.80765 2.5860136
-24.558006 27.560478 7.5437746
-24.558006 27.560478 7.5437746
-24.558006 30.560478 7.5437746
-24.558006 30.560478 7.5437746
-14.0395975 39.86248 -0.4268098
-16.429846 30.80765 2.5860136
-5.15444 37.230656 -2.6256645
-5.15444 37.230656 -2.6256645
8.562552 39.520966 -4.091959
8.562552 39.520966 -4.091959
39.327072 18.191092 4.534257
39.327072 18.191092 4.534257
36.01841 -0.010396957 26.812576
36.01841 -0.010396957 26.812576
25.603264 -5.188855 36.643234
8.562552 39.520966 -4.091959
8.562552 42.520966 -4.091959
8.562552 42.520966 -4.091959
23.034515 40.37438 -1.2411227
23.034515 40.37438 -1.2411227
41.174503 23.6753 12.554136
0.0 24.0 0.0
15.891495 21.827972 0.0
15.891495 21.827972 0.0
24.999472 12.510383 9.353318
24.999472 12.510383 9.353318
14.385133 5.927383 26.663912
14.385133 5.927383 26.663912
-0.4873252 15.891641 27.291256
-0.4873252 15.891641 27.291256
-2.1853428 24.95892 21.77661
24.999472 12.510383 9.353318
24.65267 8.287739 16.630978
24.65267 8.287739 16.630978
14.842683 3.156341 27.955122
14.842683 3.156341 27.955122
-3.1875038 14.8956785 28.41924
24.999472 12.510383 9.353318
21.017603 3.8839703 22.275665
21.017603 3.8839703 22.275665
7.189026 3.2812402 30.379028
7.189026 3.2812402 30.379028
-2.2243109 27.34073 16.17276
-2.2243109 27.34073 16.17276
16.123577 29.46232 7.6855454
16.123577 29.46232 7.6855454
25.987528 21.234308 15.703245
7.189026 3.2812402 30.379028
-0.49575567 6.7668824 31.112457
-0.49575567 6.7668824 31.112457
-9.379685 18.909819 24.860874
-9.379685 18.909819 24.860874
2.7059126 33.614597 6.9870386
7.189026 3.2812402 30.379028
-2.2243109 27.34073 16.17276
-2.2243109 27.34073 16.17276
23.936619 24.616589 2.8508687
23.936619 24.616589 2.8508687
29.41151 1.054245 21.854446
29.41151 1.054245 21.854446
4.107686 21.916134 29.358145
4.107686 21.916134 29.358145
15.517421 33.040806 12.926804
23.936619 24.616589 2.8508687
29.24825 6.6981373 21.058014
29.24825 6.6981373 21.058014
5.8333015 13.500491 34.302525
5.8333015 13.500491 34.302525
16.584103 34.276314 5.749659
23.936619 24.616589 2.8508687
29.24825 6.6981373 21.058014
29.24825 6.6981373 21.058014
7.914521 5.6057796 36.040108
7.914521 5.6057796 36.040108
8.693662 36.038208 7.826637
8.693662 36.038208 7.826637
35.683403 16.53798 10.677429
35.683403 16.53798 10.677429
23.029463 1.5120535 35.16252
7.914521 5.6057796 36.040108
-6.9110003 15.676314 33.79467
-6.9110003 15.676314 33.79467
-3.3075619 36.40468 14.226943
-3.3075619 36.40468 14.226943
33.028976 25.955101 1.2223048
7.914521 5.6057796 36.040108
-6.9110003 15.676314 33.79467
-6.9110003 15.676314 33.79467
-9.604979 30.094318 23.253445
-9.604979 30.094318 23.253445
23.790964 34.032482 -1.9980841
23.790964 34.032482 -1.9980841
39.12745 9.110286 18.09565
39.12745 9.110286 18.09565
24.090319 -2.5588026 37.658703
-9.604979 30.094318 23.253445
-5.2861643 36.523373 19.139278
-5.2861643 36.523373 19.139278
10.700471 41.097935 12.361725
10.700471 41.097935 12.361725
33.523163 28.89243 15.917458
7.189026 3.2812402 30.379028
-0.49575567 6.7668824 31.112457
-0.49575567 6.7668824 31.112457
-6.581601 12.413176 29.431587
-6.581601 12.413176 29.431587
-3.764164 31.472286 11.934326
-3.764164 31.472286 11.934326
12.150608 33.79427 7.4327393
12.150608 33.79427 7.4327393
20.1866 32.124012 10.828213
-6.581601 12.413176 29.431587
-6.581601 15.413176 29.431587
-6.581601 15.413176 29.431587
-8.914036 22.26498 25.949787
-8.914036 22.26498 25.949787
-3.3033876 33.656364 15.732367
-6.581601 12.413176 29.431587
-9.234207 25.788063 19.920015
-9.234207 25.788063 19.920015
1.4300852 34.568096 10.669193
1.4300852 34.568096 10.669193
32.76814 20.784018 4.6381173
32.76814 20.784018 4.6381173
28.334202 1.4265728 29.258852
28.334202 1.4265728 29.258852
7.2018547 0.23223567 40.3309
1.4300852 34.568096 10.669193
9.779909 36.324738 10.587981
9.779909 36.324738 10.587981
24.499409 30.806145 14.315983
24.499409 30.806145 14.315983
29.0079 17.581528 28.239254
1.4300852 34.568096 10.669193
25.84893 28.356009 7.416754
25.84893 28.356009 7.416754
30.765612 10.977955 25.285103
30.765612 10.977955 25.285103
14.039738 25.325876 30.703878
14.039738 25.325876 30.703878
19.306023 32.40365 22.792072
19.306023 32.40365 22.792072
24.487858 26.545326 29.00534
30.765612 10.977955 25.285103
16.303495 5.4204698 38.54941
16.303495 5.4204698 38.54941
-5.884248 22.478607 35.81694
-5.884248 22.478607 35.81694
13.221994 41.98376 5.4018
7.189026 3.2812402 30.379028
-0.49575567 6.7668824 31.112457
-0.49575567 6.7668824 31.112457
-6.581601 12.413176 29.431587
-6.581601 12.413176 29.431587
-3.764164 31.472286 11.934326
-3.764164 31.472286 11.934326
12.150608 33.79427 7.4327393
12.150608 33.79427 7.4327393
20.1866 32.124012 10.828213
-6.581601 12.413176 29.431587
-6.581601 15.413176 29.431587
-6.581601 15.413176 29.431587
-8.914036 22.26498 25.949787
-8.914036 22.26498 25.949787
-3.3033876 33.656364 15.732367
-6.581601 12.413176 29.431587
-9.842478 19.412262 25.949787
-9.842478 19.412262 25.949787
-9.600303 26.693888 21.629745
-9.600303 26.693888 21.629745
10.469155 36.16626 4.912982
10.469155 36.16626 4.912982
27.556936 28.384132 10.133739
27.556936 28.384132 10.133739
31.648134 22.704296 18.16457
-9.600303 26.693888 21.629745
-9.600303 29.693888 21.629745
-9.600303 29.693888 21.629745
-4.928027 35.985706 17.59674
-4.928027 35.985706 17.59674
11.352071 39.958485 11.325461
-9.600303 26.693888 21.629745
10.469155 36.16626 4.912982
10.469155 36.16626 4.912982
32.988228 21.223772 11.360678
32.988228 21.223772 11.360678
24.25159 11.381976 32.960434
24.25159 11.381976 32.960434
6.3400593 27.179218 33.203384
6.3400593 27.179218 33.203384
10.848969 36.469234 24.611807
32.988228 21.223772 11.360678
30.412216 7.822362 28.600475
30.412216 7.822362 28.600475
5.642297 10.659374 41.407196
5.642297 10.659374 41.407196
1.4275408 40.04682 18.088232
32.988228 21.223772 11.360678
30.412216 7.822362 28.600475
30.412216 7.822362 28.600475
12.637672 4.186017 41.0217
12.637672 4.186017 41.0217
-3.9601917 35.664494 24.627026
-3.9601917 35.664494 24.627026
18.251072 40.714867 11.23898
18.251072 40.714867 11.23898
32.31015 30.55001 19.828184
12.637672 4.186017 41.0217
1.5790393 7.0431113 42.918884
1.5790393 7.0431113 42.918884
-13.478893 22.235863 35.626873
-13.478893 22.235863 35.626873
-1.1255932 44.574493 9.982538
12.637672 4.186017 41.0217
1.5790393 7.0431113 42.918884
1.5790393 7.0431113 42.918884
-8.094517 13.196059 41.300495
-8.094517 13.196059 41.300495
-9.289332 40.435078 17.67137
-9.289332 40.435078 17.67137
11.084879 45.656635 8.818844
11.084879 45.656635 8.818844
22.486206 43.850395 11.816444
-8.094517 13.196059 41.300495
-8.094517 16.19606 41.300495
-8.094517 16.19606 41.300495
-13.532627 24.591444 36.76778
-13.532627 24.591444 36.76778
-10.100225 41.4824 21.75972
-9.600303 26.693888 21.629745
-9.600303 29.693888 21.629745
-9.600303 29.693888 21.629745
-9.600303 32.693886 21.629745
-9.600303 32.693886 21.629745
4.441862 40.917545 11.8359375
4.441862 40.917545 11.8359375
14.124897 41.587887 12.629532
14.124897 41.587887 12.629532
14.124897 44.587887 12.629532
-9.600303 32.693886 21.629745
-13.362019 33.18794 23.538956
-13.362019 33.18794 23.538956
-13.362019 36.18794 23.538956
-13.362019 36.18794 23.538956
-6.881524 43.45082 18.248041
-9.600303 32.693886 21.629745
-3.9995852 38.838425 17.59674
-3.9995852 38.838425 17.59674
4.153182 42.64681 15.495048
4.153182 42.64681 15.495048
31.036068 34.96659 12.452976
31.036068 34.96659 12.452976
36.70524 20.23994 28.334545
36.70524 20.23994 28.334545
32.0435 14.010955 38.303043
4.153182 42.64681 15.495048
4.153182 45.64681 15.495048
4.153182 45.64681 15.495048
14.250653 46.520393 16.019659
14.250653 46.520393 16.019659
30.83775 38.80308 21.33855
4.153182 42.64681 15.495048
22.20797 40.29444 14.971324
22.20797 40.29444 14.971324
32.872894 29.620272 25.1745
32.872894 29.620272 25.1745
26.785995 23.209862 39.01637
26.785995 23.209862 39.01637
11.908154 28.240198 44.580383
11.908154 28.240198 44.580383
4.9574795 35.033195 43.049545
32.872894 29.620272 25.1745
32.4112 23.755909 34.1121
32.4112 23.755909 34.1121
20.699654 18.025545 46.654087
20.699654 18.025545 46.654087
1.986701 33.100105 44.131496
-9.600303 26.693888 21.629745
-9.600303 29.693888 21.629745
-9.600303 29.693888 21.629745
-9.600303 32.693886 21.629745
-9.600303 32.693886 21.629745
4.441862 40.917545 11.8359375
4.441862 40.917545 11.8359375
14.124897 41.587887 12.629532
14.124897 41.587887 12.629532
14.124897 44.587887 12.629532
-9.600303 32.693886 21.629745
-13.362019 33.18794 23.538956
-13.362019 33.18794 23.538956
-13.362019 36.18794 23.538956
-13.362019 36.18794 23.538956
-6.881524 43.45082 18.248041
-9.600303 32.693886 21.629745
-9.600303 35.693886 21.629745
-9.600303 35.693886 21.629745
-9.600303 38.693886 21.629745
-9.600303 38.693886 21.629745
7.9733067 45.768208 11.8359375
7.9733067 45.768208 11.8359375
18.819292 45.161156 13.7224455
18.819292 45.161156 13.7224455
18.819292 48.161156 13.7224455
-9.600303 38.693886 21.629745
-15.218903 38.89337 23.538956
-15.218903 38.89337 23.538956
-15.218903 41.89337 23.538956
-15.218903 41.89337 23.538956
-6.794838 49.42261 17.67337
-9.600303 38.693886 21.629745
7.9733067 45.768208 11.8359375
7.9733067 45.768208 11.8359375
28.283014 39.732605 14.261566
28.283014 39.732605 14.261566
39.166416 17.774345 31.296345
39.166416 17.774345 31.296345
15.43376 14.106543 50.07841
15.43376 14.106543 50.07841
-3.673071 23.83397 49.56947
28.283014 39.732605 14.261566
34.60204 33.677303 22.314451
34.60204 33.677303 22.314451
33.584675 20.917038 38.40583
33.584675 20.917038 38.40583
12.680735 23.264894 49.728325
28.283014 39.732605 14.261566
34.60204 33.677303 22.314451
34.60204 33.677303 22.314451
36.07198 26.83097 31.9276
36.07198 26.83097 31.9276
21.403809 21.303299 47.942596
21.403809 21.303299 47.942596
5.480942 26.071533 51.356598
5.480942 26.071533 51.356598
-1.160511 30.950165 50.531532
36.07198 26.83097 31.9276
36.07198 29.83097 31.9276
36.07198 29.83097 31.9276
33.381744 23.661615 41.52372
33.381744 23.661615 41.52372
17.75182 20.05503 53.2172
36.07198 26.83097 31.9276
36.07198 29.83097 31.9276
36.07198 29.83097 31.9276
36.07198 32.83097 31.9276
36.07198 32.83097 31.9276
29.473057 22.863564 47.042683
29.473057 22.863564 47.042683
20.810402 20.425943 53.8545
20.810402 20.425943 53.8545
20.810402 23.425943 53.8545
36.07198 32.83097 31.9276
30.92395 47.74536 19.19656
30.92395 47.74536 19.19656
30.92395 50.74536 19.19656
30.92395 50.74536 19.19656
38.94596 43.84487 27.824486
-9.600303 38.693886 21.629745
-15.218903 38.89337 23.538956
-15.218903 38.89337 23.538956
-19.799244 37.612442 27.093285
-19.799244 37.612442 27.093285
-13.307341 47.04021 19.635677
-13.307341 47.04021 19.635677
-13.307341 50.04021 19.635677
-13.307341 50.04021 19.635677
-22.669182 48.400734 22.790043
-19.799244 37.612442 27.093285
-23.952065 32.797447 33.556705
-23.952065 32.797447 33.556705
-22.861294 30.205221 39.321964
-22.861294 30.205221 39.321964
-22.861294 33.205223 39.321964
-19.799244 37.612442 27.093285
-19.799244 40.612442 27.093285
-19.799244 40.612442 27.093285
-19.799244 43.612442 27.093285
-19.799244 43.612442 27.093285
1.6026993 56.490204 10.25007
1.6026993 56.490204 10.25007
16.843801 57.07966 10.242854
16.843801 57.07966 10.242854
16.843801 60.07966 10.242854
-19.799244 43.612442 27.093285
-24.355358 41.092327 31.890644
-24.355358 41.092327 31.890644
-24.355358 44.092327 31.890644
-24.355358 44.092327 31.890644
-16.833477 55.00226 22.787485
-19.799244 43.612442 27.093285
-11.450457 52.745647 19.635677
-11.450457 52.745647 19.635677
1.1199245 58.25925 15.127983
1.1199245 58.25925 15.127983
42.810844 45.325134 9.781094
42.810844 45.325134 9.781094
51.76913 22.08587 33.104805
51.76913 22.08587 33.104805
44.83205 11.79004 47.501095
1.1199245 58.25925 15.127983
1.1199245 61.25925 15.127983
1.1199245 61.25925 15.127983
16.447687 62.223843 14.731881
16.447687 62.223843 14.731881
42.129093 50.006916 21.590572
0.0 24.0 0.0
-8.355978 25.674456 0.0
-8.355978 25.674456 0.0
-16.429846 24.80765 2.5860136
-16.429846 24.80765 2.5860136
-7.011323 31.525227 -2.6256645
-7.011323 31.525227 -2.6256645
-7.011323 34.525227 -2.6256645
-7.011323 34.525227 -2.6256645
-18.72582 33.36813 -0.32689047
-16.429846 24.80765 2.5860136
-25.874588 15.558965 11.760824
-25.874588 15.558965 11.760824
-25.678947 11.159704 19.19112
-25.678947 11.159704 19.19112
-25.678947 14.159704 19.19112
-16.429846 24.80765 2.5860136
-22.701122 21.85505 7.5437746
-22.701122 21.85505 7.5437746
-25.998972 17.676695 14.1989765
-25.998972 17.676695 14.1989765
-21.288372 28.672699 5.4557095
-21.288372 28.672699 5.4557095
-21.288372 31.672699 5.4557095
-21.288372 31.672699 5.4557095
-28.374393 27.228115 11.776205
-25.998972 17.676695 14.1989765
-22.40591 9.2636795 26.781385
-22.40591 9.2636795 26.781385
-16.17387 7.6329117 32.40077
-16.17387 7.6329117 32.40077
-16.17387 10.632912 32.40077
-25.998972 17.676695 14.1989765
-21.288372 28.672699 5.4557095
-21.288372 28.672699 5.4557095
-11.052864 36.90518 -1.4004745
-11.052864 36.90518 -1.4004745
29.180273 27.740791 -9.772968
29.180273 27.740791 -9.772968
41.81515 7.5818367 9.273853
41.81515 7.5818367 9.273853
38.35587 -1.3550901 21.75954
-11.052864 36.90518 -1.4004745
-11.052864 39.90518 -1.4004745
-11.052864 39.90518 -1.4004745
3.6962261 43.917362 -4.752367
3.6962261 43.917362 -4.752367
32.291428 34.524952 -1.6665177
-11.052864 36.90518 -1.4004745
-11.052864 39.90518 -1.4004745
-11.052864 39.90518 -1.4004745
-11.052864 42.90518 -1.4004745
-11.052864 42.90518 -1.4004745
20.461037 41.885864 -7.6376314
20.461037 41.885864 -7.6376314
34.640278 35.92929 -0.93037224
34.640278 35.92929 -0.93037224
34.640278 38.92929 -0.93037224
-11.052864 42.90518 -1.4004745
-24.613148 40.264652 2.0889287
-24.613148 40.264652 2.0889287
-24.613148 43.264652 2.0889287
-24.613148 43.264652 2.0889287
-8.552472 51.436726 -5.630919
-11.052864 42.90518 -1.4004745
-24.613148 40.264652 2.0889287
-24.613148 40.264652 2.0889287
-35.03057 34.09735 9.603667
-35.03057 34.09735 9.603667
-23.020723 46.504948 -1.7091026
-23.020723 46.504948 -1.7091026
-23.020723 49.504948 -1.7091026
-23.020723 49.504948 -1.7091026
-37.56807 42.988865 5.4992733
-35.03057 34.09735 9.603667
-40.16014 16.649456 28.3821
-40.16014 16.649456 28.3821
-34.042316 9.584564 39.41749
-34.042316 9.584564 39.41749
-34.042316 12.584564 39.41749
-25.998972 17.676695 14.1989765
-22.40591 9.2636795 26.781385
-22.40591 9.2636795 26.781385
-9.118802 8.530703 34.838768
-9.118802 8.530703 34.838768
-9.118802 11.530703 34.838768
-9.118802 11.530703 34.838768
-2.4897964 14.470581 35.950478
-2.4897964 14.470581 35.950478
5.1962576 25.393196 30.529356
-9.118802 8.530703 34.838768
4.074774 25.282528 27.821562
4.074774 25.282528 27.821562
-0.7448664 34.441643 20.093853
-0.7448664 34.441643 20.093853
-6.34763 37.308823 19.337883
-9.118802 8.530703 34.838768
-1.5613544 11.617864 35.950478
-1.5613544 11.617864 35.950478
4.6439986 16.883999 34.668724
4.6439986 16.883999 34.668724
0.15036535 20.86165 34.40392
0.15036535 20.86165 34.40392
0.15036535 23.86165 34.40392
0.15036535 23.86165 34.40392
1.9474258 28.882298 32.66835
4.6439986 16.883999 34.668724
7.8283987 30.294748 25.294367
7.8283987 30.294748 25.294367
4.2183294 36.386612 21.629822
4.2183294 36.386612 21.629822
4.2183294 39.386612 21.629822
4.6439986 16.883999 34.668724
4.6439986 19.883999 34.668724
4.6439986 19.883999 34.668724
4.6439986 22.883999 34.668724
4.6439986 22.883999 34.668724
1.7735004 30.725914 30.761038
1.7735004 30.725914 30.761038
2.9885845 34.494484 29.799711
2.9885845 34.494484 29.799711
2.9885845 37.494484 29.799711
4.6439986 22.883999 34.668724
6.39116 29.300423 31.529463
6.39116 29.300423 31.529463
6.39116 32.300423 31.529463
6.39116 32.300423 31.529463
7.4251146 34.70638 31.959486
-25.998972 17.676695 14.1989765
-25.998972 20.676695 14.1989765
-25.998972 20.676695 14.1989765
-25.998972 23.676695 14.1989765
-25.998972 23.676695 14.1989765
-8.047502 38.856453 -3.823246
-8.047502 38.856453 -3.823246
6.802169 41.80363 -6.126093
6.802169 41.80363 -6.126093
6.802169 44.80363 -6.126093
-25.998972 23.676695 14.1989765
-27.586185 19.075817 21.548067
-27.586185 19.075817 21.548067
-27.586185 22.075817 21.548067
-27.586185 22.075817 21.548067
-23.524864 34.02683 11.95279
-25.998972 23.676695 14.1989765
-25.998972 26.676695 14.1989765
-25.998972 26.676695 14.1989765
-25.998972 29.676695 14.1989765
-25.998972 29.676695 14.1989765
-4.516056 43.707115 -3.823246
-4.516056 43.707115 -3.823246
11.496565 45.376896 -5.033179
11.496565 45.376896 -5.033179
11.496565 48.376896 -5.033179
-25.998972 29.676695 14.1989765
-29.44307 24.781254 21.548067
-29.44307 24.781254 21.548067
-29.44307 27.781254 21.548067
-29.44307 27.781254 21.548067
-23.438175 39.99862 11.37812
-25.998972 29.676695 14.1989765
-4.516056 43.707115 -3.823246
-4.516056 43.707115 -3.823246
26.35819 38.584484 -5.748911
26.35819 38.584484 -5.748911
43.74151 -0.13818645 23.318121
43.74151 -0.13818645 23.318121
6.2913733 -3.8073869 49.103634
6.2913733 -3.8073869 49.103634
-19.728203 13.3640995 43.400448
26.35819 38.584484 -5.748911
38.395073 31.235432 2.6906781
38.395073 31.235432 2.6906781
43.964058 10.3400345 24.773598
43.964058 10.3400345 24.773598
14.162553 3.188068 50.137653
26.35819 38.584484 -5.748911
38.395073 31.235432 2.6906781
38.395073 31.235432 2.6906781
44.521027 21.51321 14.441114
44.521027 21.51321 14.441114
28.31179 2.7006006 44.527683
28.31179 2.7006006 44.527683
0.6717186 6.5622954 52.66169
0.6717186 6.5622954 52.66169
-11.93092 13.939011 50.284187
44.521027 21.51321 14.441114
44.521027 24.51321 14.441114
44.521027 24.51321 14.441114
44.52186 14.443658 27.510536
44.52186 14.443658 27.510536
26.275211 2.44761 48.445114
44.521027 21.51321 14.441114
44.521027 24.51321 14.441114
44.521027 24.51321 14.441114
44.521027 27.51321 14.441114
44.521027 27.51321 14.441114
40.18587 8.4865 37.87874
40.18587 8.4865 37.87874
28.74457 2.7243624 48.455864
28.74457 2.7243624 48.455864
28.74457 5.7243624 48.455864
44.521027 27.51321 14.441114
35.06346 43.50029 -0.046257973
35.06346 43.50029 -0.046257973
35.06346 46.50029 -0.046257973
35.06346 46.50029 -0.046257973
47.03814 36.746964 10.807476
-25.998972 29.676695 14.1989765
-29.44307 24.781254 21.548067
-29.44307 24.781254 21.548067
-28.879509 19.81648 29.602242
-28.879509 19.81648 29.602242
-27.763771 33.030434 19.211292
-27.763771 33.030434 19.211292
-27.763771 36.030434 19.211292
-27.763771 36.030434 19.211292
-31.530138 30.783772 26.860477
-28.879509 19.81648 29.602242
-18.218681 14.95892 40.929462
-18.218681 14.95892 40.929462
-9.98666 15.635874 44.558388
-9.98666 15.635874 44.558388
-9.98666 18.635874 44.558388
-28.879509 19.81648 29.602242
-28.879509 22.81648 29.602242
-28.879509 22.81648 29.602242
-28.879509 25.81648 29.602242
-28.879509 25.81648 29.602242
-16.000057 47.292976 6.9340134
-16.000057 47.292976 6.9340134
-0.9434843 53.196613 1.6418848
-0.9434843 53.196613 1.6418848
-0.9434843 56.196613 1.6418848
-28.879509 25.81648 29.602242
-26.320068 21.738146 37.08659
-26.320068 21.738146 37.08659
-26.320068 24.738146 37.08659
-26.320068 24.738146 37.08659
-26.128857 37.674103 27.120296
-28.879509 25.81648 29.602242
-25.906887 38.73587 19.211292
-25.906887 38.73587 19.211292
-16.162758 49.150963 10.250446
-16.162758 49.150963 10.250446
31.804464 44.993587 -7.076904
31.804464 44.993587 -7.076904
52.401955 21.21505 12.998
52.401955 21.21505 12.998
51.051937 8.849945 28.577265
-16.162758 49.150963 10.250446
-16.162758 52.150963 10.250446
-16.162758 52.150963 10.250446
-0.56313324 58.181625 4.7451477
-0.56313324 58.181625 4.7451477
33.383976 51.37365 3.504738
-25.998972 29.676695 14.1989765
-17.574602 40.08357 5.4557095
-17.574602 40.08357 5.4557095
-4.16335 46.66293 -0.2511344
-4.16335 46.66293 -0.2511344
38.907505 30.945518 -3.5191126
38.907505 30.945518 -3.5191126
47.083138 7.710636 20.054937
47.083138 7.710636 20.054937
39.986423 -1.7503204 33.641674
-4.16335 46.66293 -0.2511344
-4.16335 49.66293 -0.2511344
-4.16335 49.66293 -0.2511344
12.607472 51.27865 -1.5272815
12.607472 51.27865 -1.5272815
40.91372 37.35314 6.185708
-4.16335 46.66293 -0.2511344
11.67903 48.425934 -1.5272815
11.67903 48.425934 -1.5272815
26.925224 45.317947 2.1621335
26.925224 45.317947 2.1621335
47.369366 16.970028 23.074402
47.369366 16.970028 23.074402
31.734081 1.5983515 46.53472
31.734081 1.5983515 46.53472
16.423185 -0.5093117 54.07122
26.925224 45.317947 2.1621335
26.925224 48.317947 2.1621335
26.925224 48.317947 2.1621335
39.591995 41.081875 10.388822
39.591995 41.081875 10.388822
46.878708 20.397583 31.701588
26.925224 45.317947 2.1621335
47.369366 16.970028 23.074402
47.369366 16.970028 23.074402
21.51104 4.3449554 51.89878
21.51104 4.3449554 51.89878
7.4715834 51.933002 21.384453
7.4715834 51.933002 21.384453
46.731384 34.056137 13.678869
46.731384 34.056137 13.678869
39.592712 8.508256 45.870667
21.51104 4.3449554 51.89878
-6.312677 13.681146 54.618065
-6.312677 13.681146 54.618065
-14.610178 48.608105 26.92654
-14.610178 48.608105 26.92654
39.863823 44.508835 -5.6330843
21.51104 4.3449554 51.89878
-6.312677 13.681146 54.618065
-6.312677 13.681146 54.618065
-20.2966 35.410263 40.44014
-20.2966 35.410263 40.44014
22.817299 54.355793 -6.893752
22.817299 54.355793 -6.893752
57.577576 18.283466 14.435297
57.577576 18.283466 14.435297
43.28976 -5.1899204 45.558777
-20.2966 35.410263 40.44014
-18.366398 46.37085 32.173355
-18.366398 46.37085 32.173355
1.7454643 59.798264 15.200356
1.7454643 59.798264 15.200356
44.238117 45.97821 10.330157
-20.2966 35.410263 40.44014
-18.366398 46.37085 32.173355
-18.366398 46.37085 32.173355
-10.796171 55.433525 24.909782
-10.796171 55.433525 24.909782
31.774937 55.74446 5.8685513
31.774937 55.74446 5.8685513
52.550514 34.40513 23.44629
52.550514 34.40513 23.44629
52.193546 22.349468 38.55858
-10.796171 55.433525 24.909782
-10.796171 58.433525 24.909782
-10.796171 58.433525 24.909782
1.9197311 63.98048 20.34565
1.9197311 63.98048 20.34565
30.996618 60.28459 17.57821
26.925224 45.317947 2.1621335
26.925224 48.317947 2.1621335
26.925224 48.317947 2.1621335
26.925224 51.317947 2.1621335
26.925224 51.317947 2.1621335
48.53913 31.850197 17.595446
48.53913 31.850197 17.595446
49.49749 20.540081 31.753532
49.49749 20.540081 31.753532
49.49749 23.540081 31.753532
26.925224 51.317947 2.1621335
8.172304 59.782074 -6.2768507
8.172304 59.782074 -6.2768507
8.172304 62.782074 -6.2768507
8.172304 62.782074 -6.2768507
29.59505 59.546364 -3.4395232
26.925224 51.317947 2.1621335
40.52044 43.934593 10.388822
40.52044 43.934593 10.388822
48.107517 33.70076 22.419083
48.107517 33.70076 22.419083
35.62618 13.378723 52.112183
35.62618 13.378723 52.112183
8.128202 14.341974 63.09839
8.128202 14.341974 63.09839
-5.852328 20.142015 62.516144
48.107517 33.70076 22.419083
48.107517 36.70076 22.419083
48.107517 36.70076 22.419083
49.188835 25.74153 36.20678
49.188835 25.74153 36.20678
31.837168 12.373165 58.222397
48.107517 33.70076 22.419083
42.375614 14.545954 46.439384
42.375614 14.545954 46.439384
15.925785 10.108873 62.484795
15.925785 10.108873 62.484795
-4.287366 55.960697 34.34882
-4.287366 55.960697 34.34882
29.957321 59.15259 16.676826
29.957321 59.15259 16.676826
48.22561 41.769474 31.114368
15.925785 10.108873 62.484795
0.06892562 13.763238 64.34587
0.06892562 13.763238 64.34587
-20.70616 35.80998 52.060566
-20.70616 35.80998 52.060566
-0.42637634 66.74942 13.769373
