0.0 0.0 0.0
0.0 3.0 0.0
0.0 3.0 0.0
-4.967398 4.9320335 0.0
0.0 3.0 0.0
0.0 6.0 0.0
0.0 6.0 0.0
7.096283 7.0457625 0.0
0.0 6.0 0.0
0.0 10.0 0.0
0.0 6.0 0.0
-7.096283 7.0457625 0.0
-7.096283 7.0457625 0.0
-11.045844 -0.028218564 7.0961018
-7.096283 7.0457625 0.0
-11.361177 4.2345314 5.035723
-11.361177 4.2345314 5.035723
-11.361177 8.234531 5.035723
-11.361177 4.2345314 5.035723
-8.965662 2.6572618 11.610264
0.0 6.0 0.0
0.0 9.0 0.0
0.0 9.0 0.0
-9.225167 9.159492 0.0
0.0 9.0 0.0
0.0 12.0 0.0
0.0 12.0 0.0
11.354053 11.27322 0.0
0.0 12.0 0.0
0.0 16.0 0.0
0.0 12.0 0.0
11.354053 11.27322 0.0
11.354053 11.27322 0.0
11.354053 15.27322 0.0
11.354053 11.27322 0.0
16.474775 5.084267 8.057157
16.474775 5.084267 8.057157
9.142439 8.109544 16.41679
16.474775 5.084267 8.057157
10.596512 2.2207417 17.367847
0.0 12.0 0.0
0.0 16.0 0.0
0.0 16.0 0.0
-14.192566 14.091525 0.0
0.0 16.0 0.0
0.0 20.0 0.0
0.0 20.0 0.0
17.031078 16.90983 0.0
0.0 20.0 0.0
0.0 24.0 0.0
