0.0 0.0 0.0
0.0 3.0 0.0
0.0 3.0 0.0
0.0 6.0 0.0
0.0 6.0 0.0
10.1822605 4.1619186 0.0
10.1822605 4.1619186 0.0
12.12529 2.8932714 5.676753
12.12529 2.8932714 5.676753
12.12529 7.8932714 5.676753
0.0 6.0 0.0
-6.132654 9.131843 0.0
-6.132654 9.131843 0.0
-6.132654 14.131843 0.0
-6.132654 14.131843 0.0
6.43978 18.721012 -3.4190407
0.0 6.0 0.0
0.0 9.0 0.0
0.0 9.0 0.0
0.0 12.0 0.0
0.0 12.0 0.0
15.736221 6.4320564 0.0
15.736221 6.4320564 0.0
17.218592 2.207327 8.773164
17.218592 2.207327 8.773164
17.218592 7.207327 8.773164
0.0 12.0 0.0
-9.477738 14.112848 0.0
-9.477738 14.112848 0.0
-9.477738 19.112848 0.0
-9.477738 19.112848 0.0
6.911401 24.404285 -5.283972
0.0 12.0 0.0
15.736221 6.4320564 0.0
15.736221 6.4320564 0.0
12.834892 -1.1858954 14.566392
12.834892 -1.1858954 14.566392
16.491095 10.841107 -1.4056244
16.491095 10.841107 -1.4056244
15.9093075 -1.2856487 16.435137
15.9093075 -1.2856487 16.435137
-0.040367126 9.915833 20.944948
12.834892 -1.1858954 14.566392
4.2301803 1.7535254 19.248178
4.2301803 1.7535254 19.248178
0.11575794 17.56644 11.198378
0.11575794 17.56644 11.198378
24.321228 6.2067432 -2.1483574
12.834892 -1.1858954 14.566392
4.2301803 1.7535254 19.248178
4.2301803 1.7535254 19.248178
-2.2281027 9.631458 18.337597
-2.2281027 9.631458 18.337597
17.86635 14.193733 -5.885819
17.86635 14.193733 -5.885819
22.385887 -4.038494 14.311232
22.385887 -4.038494 14.311232
9.340248 -5.1144056 24.361166
-2.2281027 9.631458 18.337597
-2.2281027 14.631458 18.337597
-2.2281027 14.631458 18.337597
0.9220629 23.028358 13.981079
0.9220629 23.028358 13.981079
21.180145 22.26141 6.143346
-2.2281027 9.631458 18.337597
-2.2281027 14.631458 18.337597
-2.2281027 14.631458 18.337597
-2.2281027 19.631458 18.337597
-2.2281027 19.631458 18.337597
16.059034 25.81232 4.8756785
16.059034 25.81232 4.8756785
25.989227 19.662252 13.000767
25.989227 19.662252 13.000767
25.989227 24.662252 13.000767
-2.2281027 19.631458 18.337597
-6.7807527 25.11673 16.465475
-6.7807527 25.11673 16.465475
-6.7807527 30.11673 16.465475
-6.7807527 30.11673 16.465475
7.2842064 37.408936 9.888739
0.0 12.0 0.0
-9.477738 14.112848 0.0
-9.477738 14.112848 0.0
-17.18753 11.480284 5.283972
-17.18753 11.480284 5.283972
-5.1028624 23.278675 -5.195707
-5.1028624 23.278675 -5.195707
-5.1028624 28.278675 -5.195707
-5.1028624 28.278675 -5.195707
-24.474838 23.650177 -1.46839
-17.18753 11.480284 5.283972
-15.864993 4.743395 17.909035
-15.864993 4.743395 17.909035
-8.077045 6.3123746 23.712456
-8.077045 6.3123746 23.712456
-8.077045 11.312374 23.712456
-17.18753 11.480284 5.283972
-17.18753 16.480284 5.283972
-17.18753 16.480284 5.283972
-17.18753 21.480284 5.283972
-17.18753 21.480284 5.283972
20.200686 20.56611 -13.910587
20.200686 20.56611 -13.910587
34.61357 7.5509577 -0.28595257
34.61357 7.5509577 -0.28595257
34.61357 12.550958 -0.28595257
-17.18753 21.480284 5.283972
-24.162819 15.670542 13.96887
-24.162819 15.670542 13.96887
-24.162819 20.670542 13.96887
-24.162819 20.670542 13.96887
-8.80601 36.835957 -1.874608
-17.18753 21.480284 5.283972
0.47227764 31.580353 -5.195707
0.47227764 31.580353 -5.195707
23.124273 28.534298 -4.050006
23.124273 28.534298 -4.050006
32.985374 -6.0835543 23.465702
32.985374 -6.0835543 23.465702
-4.4994087 8.1440935 39.41164
-4.4994087 8.1440935 39.41164
-14.013769 25.244263 30.209782
23.124273 28.534298 -4.050006
23.124273 33.534298 -4.050006
23.124273 33.534298 -4.050006
39.29462 20.028484 9.5299225
39.29462 20.028484 9.5299225
25.455372 3.8732386 39.979168
