0.0 0.0 0.0
0.0 3.0 0.0
0.0 3.0 0.0
-2.4606948 7.61216 0.0
0.0 3.0 0.0
0.0 6.0 0.0
0.0 6.0 0.0
3.3834553 10.466721 0.0
0.0 6.0 0.0
0.0 9.0 0.0
0.0 9.0 0.0
-4.306216 13.3212805 0.0
-4.306216 13.3212805 0.0
-13.55512 12.810852 2.5206437
-4.306216 13.3212805 0.0
-9.534191 16.172743 1.3245354
-9.534191 16.172743 1.3245354
-9.534191 21.172743 1.3245354
-9.534191 16.172743 1.3245354
-14.756964 17.481182 4.192914
0.0 9.0 0.0
0.0 12.0 0.0
0.0 12.0 0.0
-5.2289762 16.17584 0.0
0.0 12.0 0.0
0.0 15.0 0.0
0.0 15.0 0.0
6.151737 19.030401 0.0
0.0 15.0 0.0
0.0 18.0 0.0
0.0 18.0 0.0
7.0744977 21.88496 0.0
7.0744977 21.88496 0.0
7.0744977 26.88496 0.0
7.0744977 21.88496 0.0
14.674643 23.511047 2.1760225
14.674643 23.511047 2.1760225
25.302824 16.897339 10.35408
14.674643 23.511047 2.1760225
21.419033 23.039803 6.584256
0.0 18.0 0.0
0.0 21.0 0.0
0.0 21.0 0.0
-7.997258 24.739521 0.0
0.0 21.0 0.0
0.0 24.0 0.0
0.0 24.0 0.0
8.920018 27.59408 0.0
0.0 24.0 0.0
0.0 27.0 0.0
