0.0 0.0 0.0
0.0 3.0 0.0
0.0 3.0 0.0
0.0 6.0 0.0
0.0 6.0 0.0
5.7195005 8.202885 0.0
5.7195005 8.202885 0.0
8.863502 10.006098 1.7144748
8.863502 10.006098 1.7144748
8.863502 14.006098 1.7144748
0.0 6.0 0.0
-2.9975953 9.540148 0.0
-2.9975953 9.540148 0.0
-2.9975953 13.540148 0.0
-2.9975953 13.540148 0.0
2.5295827 17.590797 -0.8985578
0.0 6.0 0.0
0.0 9.0 0.0
0.0 9.0 0.0
0.0 12.0 0.0
0.0 12.0 0.0
9.151201 13.124615 0.0
9.151201 13.124615 0.0
13.462179 13.72012 2.7431598
13.462179 13.72012 2.7431598
13.462179 17.72012 2.7431598
0.0 12.0 0.0
-4.7961526 15.264236 0.0
-4.7961526 15.264236 0.0
-4.7961526 19.264236 0.0
-4.7961526 19.264236 0.0
2.6084862 23.566006 -1.4376925
0.0 12.0 0.0
9.151201 13.124615 0.0
9.151201 13.124615 0.0
15.952023 9.753709 5.2340302
15.952023 9.753709 5.2340302
13.114361 4.1884356 16.777876
13.114361 4.1884356 16.777876
3.2633734 9.172261 20.633808
3.2633734 9.172261 20.633808
0.049071312 16.023869 18.79216
15.952023 9.753709 5.2340302
17.144646 9.029671 9.775112
17.144646 9.029671 9.775112
14.402363 5.842139 17.824291
14.402363 5.842139 17.824291
4.547193 10.215446 22.292797
15.952023 9.753709 5.2340302
17.144646 9.029671 9.775112
17.144646 9.029671 9.775112
16.714432 8.405909 14.464871
16.714432 8.405909 14.464871
9.065031 8.559027 22.06988
9.065031 8.559027 22.06988
2.928359 13.268688 23.288414
2.928359 13.268688 23.288414
1.1817789 17.729744 23.095297
16.714432 8.405909 14.464871
16.714432 12.40591 14.46487
16.714432 12.40591 14.46487
15.993782 12.171324 18.810009
15.993782 12.171324 18.810009
11.185998 11.914702 24.577278
16.714432 8.405909 14.464871
16.714432 12.40591 14.46487
16.714432 12.40591 14.46487
16.71443 16.405912 14.4648695
16.71443 16.405912 14.4648695
16.131458 13.628773 21.425184
16.131458 13.628773 21.425184
13.839281 14.130094 25.275501
13.839281 14.130094 25.275501
13.839282 18.130093 25.275501
16.71443 16.405912 14.4648695
13.2322645 25.547205 8.789389
13.2322645 25.547205 8.789389
13.232264 29.547205 8.789388
13.232264 29.547205 8.789388
19.585815 29.010208 12.351703
0.0 12.0 0.0
-4.7961526 15.264236 0.0
-4.7961526 15.264236 0.0
-10.13983 17.006786 1.4376925
-10.13983 17.006786 1.4376925
-3.342867 23.069708 -1.6679308
-3.342867 23.069708 -1.6679308
-3.342867 27.069708 -1.6679308
-3.342867 27.069708 -1.6679308
-12.832919 28.53511 -0.5891744
-10.13983 17.006786 1.4376925
-18.16314 12.944687 6.978799
-18.16314 12.944687 6.978799
-19.614645 11.598362 12.102451
-19.614645 11.598362 12.102451
-19.614645 15.598362 12.102451
-10.13983 17.006786 1.4376925
-10.13983 21.006786 1.4376925
-10.13983 21.006786 1.4376925
-10.13983 25.006786 1.4376925
-10.13983 25.006786 1.4376925
9.093101 29.02148 -4.6201534
9.093101 29.02148 -4.6201534
19.495785 28.487434 -1.6819513
19.495785 28.487434 -1.6819513
19.495785 32.487434 -1.6819513
-10.13983 25.006786 1.4376925
-17.512625 24.90235 4.411091
-17.512625 24.90235 4.411091
-17.512625 28.90235 4.411091
-17.512625 28.90235 4.411091
-7.33768 36.793865 -1.0413303
-10.13983 25.006786 1.4376925
-0.94479084 30.701826 -1.6679308
-0.94479084 30.701826 -1.6679308
10.019294 33.226368 -1.8744407
10.019294 33.226368 -1.8744407
34.11468 16.728796 6.7851443
34.11468 16.728796 6.7851443
31.627342 3.2178164 25.077667
31.627342 3.2178164 25.077667
23.777468 0.09464741 33.405064
10.019294 33.226368 -1.8744407
10.019294 37.226368 -1.8744407
10.019294 37.226368 -1.8744407
22.013042 36.296867 1.2151347
22.013042 36.296867 1.2151347
37.28968 23.124828 13.587123
