0.0 0.0 0.0
0.0 3.0 0.0
0.0 3.0 0.0
-3.6477828 5.9744186 0.0
0.0 3.0 0.0
0.0 6.0 0.0
0.0 6.0 0.0
5.2111187 8.5348835 0.0
0.0 6.0 0.0
0.0 9.0 0.0
0.0 9.0 0.0
-6.774454 11.095349 0.0
-6.774454 11.095349 0.0
-14.841828 4.1436253 6.026052
-6.774454 11.095349 0.0
-12.801165 9.870679 3.5302484
-12.801165 9.870679 3.5302484
-12.801165 13.870679 3.5302484
-12.801165 9.870679 3.5302484
-14.982964 7.1036463 9.683865
0.0 9.0 0.0
0.0 12.0 0.0
0.0 12.0 0.0
-8.33779 13.655814 0.0
0.0 12.0 0.0
0.0 15.0 0.0
0.0 15.0 0.0
9.901125 16.21628 0.0
0.0 15.0 0.0
0.0 18.0 0.0
0.0 18.0 0.0
11.46446 18.776745 0.0
11.46446 18.776745 0.0
11.46446 22.776745 0.0
11.46446 18.776745 0.0
20.22043 14.340721 5.974266
20.22043 14.340721 5.974266
18.107428 4.88897 20.716146
20.22043 14.340721 5.974266
21.629854 8.282652 15.636072
0.0 18.0 0.0
0.0 21.0 0.0
0.0 21.0 0.0
-13.027796 21.33721 0.0
0.0 21.0 0.0
0.0 24.0 0.0
0.0 24.0 0.0
14.591131 23.897675 0.0
0.0 24.0 0.0
0.0 27.0 0.0
