0.0 0.0 0.0
0.0 3.0 0.0
0.0 3.0 0.0
-4.472832 6.63278 0.0
0.0 3.0 0.0
0.0 6.0 0.0
0.0 6.0 0.0
6.150144 9.120072 0.0
0.0 6.0 0.0
0.0 11.0 0.0
0.0 6.0 0.0
-6.150144 9.120072 0.0
-6.150144 9.120072 0.0
-13.954735 3.155206 5.7018204
-6.150144 9.120072 0.0
-12.122215 8.856007 3.4385703
-12.122215 8.856007 3.4385703
-12.122215 13.856007 3.4385703
-12.122215 8.856007 3.4385703
-14.485838 6.9435945 9.6284895
0.0 6.0 0.0
0.0 9.0 0.0
0.0 9.0 0.0
-7.8274565 11.607365 0.0
0.0 9.0 0.0
0.0 12.0 0.0
0.0 12.0 0.0
9.504768 14.094658 0.0
0.0 12.0 0.0
0.0 17.0 0.0
0.0 12.0 0.0
9.504768 14.094658 0.0
9.504768 14.094658 0.0
9.504768 19.094658 0.0
9.504768 14.094658 0.0
17.209503 11.425381 5.314154
17.209503 11.425381 5.314154
15.799023 4.7439313 17.946764
17.209503 11.425381 5.314154
18.549969 7.301937 14.027855
0.0 12.0 0.0
0.0 17.0 0.0
0.0 17.0 0.0
-12.300288 18.240145 0.0
0.0 17.0 0.0
0.0 22.0 0.0
0.0 22.0 0.0
15.095809 22.385633 0.0
0.0 22.0 0.0
0.0 27.0 0.0
