0.0 0.0 0.0
0.0 3.0 0.0
0.0 3.0 0.0
-2.779182 6.424651 0.0
0.0 3.0 0.0
0.0 6.0 0.0
0.0 6.0 0.0
3.9702601 9.178074 0.0
0.0 6.0 0.0
0.0 10.0 0.0
0.0 6.0 0.0
-3.9702601 9.178074 0.0
-3.9702601 9.178074 0.0
-11.465541 7.0422845 2.8934731
-3.9702601 9.178074 0.0
-8.5764675 10.648196 1.5762966
-8.5764675 10.648196 1.5762966
-8.5764675 14.648196 1.5762966
-8.5764675 10.648196 1.5762966
-12.465885 10.567486 4.851817
0.0 6.0 0.0
0.0 9.0 0.0
0.0 9.0 0.0
-5.161338 11.931496 0.0
0.0 9.0 0.0
0.0 12.0 0.0
0.0 12.0 0.0
6.352416 14.684917 0.0
0.0 12.0 0.0
0.0 16.0 0.0
0.0 12.0 0.0
6.352416 14.684917 0.0
6.352416 14.684917 0.0
6.352416 18.684917 0.0
6.352416 14.684917 0.0
12.7694845 14.834376 2.5220745
12.7694845 14.834376 2.5220745
18.45488 7.86386 11.033198
12.7694845 14.834376 2.5220745
17.315346 13.030767 7.384596
0.0 12.0 0.0
0.0 16.0 0.0
0.0 16.0 0.0
-7.9405203 18.356148 0.0
0.0 16.0 0.0
0.0 20.0 0.0
0.0 20.0 0.0
9.528624 22.027376 0.0
0.0 20.0 0.0
0.0 24.0 0.0
