0.0 0.0 0.0
0.0 3.0 0.0
0.0 3.0 0.0
-5.239448 4.642002 0.0
0.0 3.0 0.0
0.0 6.0 0.0
0.0 6.0 0.0
7.484926 6.6314316 0.0
0.0 6.0 0.0
0.0 9.0 0.0
0.0 9.0 0.0
-9.730404 8.620861 0.0
-9.730404 8.620861 0.0
-12.670171 -0.356789 9.659523
-9.730404 8.620861 0.0
-13.725653 3.5396762 7.2831354
-13.725653 3.5396762 7.2831354
-13.725653 7.539676 7.2831354
-13.725653 3.5396762 7.2831354
-8.064328 2.267363 15.103311
0.0 9.0 0.0
0.0 12.0 0.0
0.0 12.0 0.0
-11.975882 10.610291 0.0
0.0 12.0 0.0
0.0 15.0 0.0
0.0 15.0 0.0
14.221359 12.59972 0.0
0.0 15.0 0.0
0.0 18.0 0.0
0.0 18.0 0.0
16.466837 14.589149 0.0
16.466837 14.589149 0.0
16.466837 18.58915 0.0
16.466837 14.589149 0.0
21.15528 4.1538258 12.325306
21.15528 4.1538258 12.325306
9.875683 13.694271 19.516191
21.15528 4.1538258 12.325306
9.288538 1.8117108 24.00801
0.0 18.0 0.0
0.0 21.0 0.0
0.0 21.0 0.0
-18.712315 16.578579 0.0
0.0 21.0 0.0
0.0 24.0 0.0
0.0 24.0 0.0
20.957792 18.568008 0.0
0.0 24.0 0.0
0.0 27.0 0.0
