0.0 0.0 0.0
0.0 3.0 0.0
0.0 3.0 0.0
-3.5127282 6.0548115 0.0
0.0 3.0 0.0
0.0 6.0 0.0
0.0 6.0 0.0
5.0181828 8.649731 0.0
0.0 6.0 0.0
0.0 9.0 0.0
0.0 9.0 0.0
-6.523638 11.24465 0.0
-6.523638 11.24465 0.0
-14.841393 4.7557726 5.663291
-6.523638 11.24465 0.0
-12.5308895 10.354566 3.273681
-12.5308895 10.354566 3.273681
-12.5308895 14.354566 3.273681
-12.5308895 10.354566 3.273681
-15.157753 7.8015466 9.119875
0.0 9.0 0.0
0.0 12.0 0.0
0.0 12.0 0.0
-8.029093 13.839569 0.0
0.0 12.0 0.0
0.0 15.0 0.0
0.0 15.0 0.0
9.534548 16.434488 0.0
0.0 15.0 0.0
0.0 18.0 0.0
0.0 18.0 0.0
11.040003 19.029408 0.0
11.040003 19.029408 0.0
11.040003 23.029408 0.0
11.040003 19.029408 0.0
19.81647 15.127801 5.5400753
19.81647 15.127801 5.5400753
19.100183 5.130531 19.9529
19.81647 15.127801 5.5400753
22.020214 9.338619 14.736283
0.0 18.0 0.0
0.0 21.0 0.0
0.0 21.0 0.0
-12.545458 21.624327 0.0
0.0 21.0 0.0
0.0 24.0 0.0
0.0 24.0 0.0
14.050913 24.219246 0.0
0.0 24.0 0.0
0.0 27.0 0.0
