0.0 0.0 0.0
0.0 3.0 0.0
0.0 3.0 0.0
0.0 6.0 0.0
0.0 6.0 0.0
10.998258 0.195802 0.0
10.998258 0.195802 0.0
9.238155 -1.7917161 7.7074165
9.238155 -1.7917161 7.7074165
9.238155 3.208284 7.7074165
0.0 6.0 0.0
-7.708637 7.847096 0.0
-7.708637 7.847096 0.0
-7.708637 12.8470955 0.0
-7.708637 12.8470955 0.0
8.584055 16.585333 -5.402099
0.0 6.0 0.0
0.0 9.0 0.0
0.0 9.0 0.0
0.0 12.0 0.0
0.0 12.0 0.0
16.997307 0.3026031 0.0
16.997307 0.3026031 0.0
12.365918 -4.714577 11.911462
12.365918 -4.714577 11.911462
12.365918 0.2854228 11.911462
0.0 12.0 0.0
-11.913349 12.12733 0.0
-11.913349 12.12733 0.0
-11.913349 17.12733 0.0
-11.913349 17.12733 0.0
9.443802 21.740757 -8.348699
0.0 12.0 0.0
16.997307 0.3026031 0.0
16.997307 0.3026031 0.0
5.3071485 -0.20811993 16.994614
5.3071485 -0.20811993 16.994614
6.075525 -4.578525 -16.794939
6.075525 -4.578525 -16.794939
-5.204006 -6.102242 15.963726
-5.204006 -6.102242 15.963726
-1.3878285 16.031666 -4.9190245
5.3071485 -0.20811993 16.994614
-2.4370744 9.111295 15.842659
-2.4370744 9.111295 15.842659
13.826329 16.132196 -2.1546862
13.826329 16.132196 -2.1546862
20.804688 -8.769984 11.516602
5.3071485 -0.20811993 16.994614
-2.4370744 9.111295 15.842659
-2.4370744 9.111295 15.842659
0.7286844 19.06528 9.593849
0.7286844 19.06528 9.593849
22.599957 -11.139538 -6.0715075
22.599957 -11.139538 -6.0715075
-6.0233474 -6.581088 22.488302
-6.0233474 -6.581088 22.488302
-15.415655 12.927295 11.821461
0.7286844 19.06528 9.593849
0.7286844 24.06528 9.593849
0.7286844 24.06528 9.593849
15.943182 25.081621 7.3546376
15.943182 25.081621 7.3546376
29.951014 7.604019 16.07157
0.7286844 19.06528 9.593849
0.7286844 24.06528 9.593849
0.7286844 24.06528 9.593849
0.7286844 29.06528 9.593849
0.7286844 29.06528 9.593849
33.88937 10.184209 0.8993412
33.88937 10.184209 0.8993412
27.437574 -5.668339 24.390736
27.437574 -5.668339 24.390736
27.437574 -0.6683388 24.390736
0.7286844 29.06528 9.593849
-18.705454 29.377052 6.3333354
-18.705454 29.377052 6.3333354
-18.705454 34.377052 6.3333354
-18.705454 34.377052 6.3333354
14.909483 40.552048 -8.590479
0.0 12.0 0.0
-11.913349 12.12733 0.0
-11.913349 12.12733 0.0
-18.065285 6.2624335 8.348699
-18.065285 6.2624335 8.348699
-5.474566 21.165565 -6.7041535
-5.474566 21.165565 -6.7041535
-5.474566 26.165565 -6.7041535
-5.474566 26.165565 -6.7041535
-27.97792 16.203394 -0.94606304
-18.065285 6.2624335 8.348699
-11.117788 8.225013 18.211031
-11.117788 8.225013 18.211031
-5.821665 12.81978 20.782429
-5.821665 12.81978 20.782429
-5.821665 17.81978 20.782429
-18.065285 6.2624335 8.348699
-18.065285 11.262434 8.348699
-18.065285 11.262434 8.348699
-18.065285 16.262434 8.348699
-18.065285 16.262434 8.348699
21.104757 9.046043 -17.913813
21.104757 9.046043 -17.913813
29.538961 -9.32812 2.010683
29.538961 -9.32812 2.010683
29.538961 -4.32812 2.010683
-18.065285 16.262434 8.348699
-19.920135 10.236866 18.615616
-19.920135 10.236866 18.615616
-19.920135 15.236866 18.615616
-19.920135 15.236866 18.615616
-5.2619963 33.53704 -0.67987156
-18.065285 16.262434 8.348699
1.5332861 28.29929 -6.7041535
1.5332861 28.29929 -6.7041535
27.467484 19.695862 -3.7080536
27.467484 19.695862 -3.7080536
29.071888 -5.2289896 22.485123
29.071888 -5.2289896 22.485123
-0.61991787 21.95652 29.467522
-0.61991787 21.95652 29.467522
3.8438263 34.011444 20.586885
27.467484 19.695862 -3.7080536
27.467484 24.695862 -3.7080536
27.467484 24.695862 -3.7080536
36.64236 5.6316147 16.603582
36.64236 5.6316147 16.603582
10.346041 16.13543 36.932102
