0.0 0.0 0.0
0.0 3.0 0.0
0.0 3.0 0.0
-4.8378925 5.05913 0.0
0.0 3.0 0.0
0.0 6.0 0.0
0.0 6.0 0.0
6.911275 7.2273293 0.0
0.0 6.0 0.0
0.0 10.0 0.0
0.0 6.0 0.0
-6.911275 7.2273293 0.0
-6.911275 7.2273293 0.0
-11.229915 0.19317439 6.9043713
-6.911275 7.2273293 0.0
-11.369571 4.662174 4.776572
-11.369571 4.662174 4.776572
-11.369571 8.662174 4.776572
-11.369571 4.662174 4.776572
-9.53958 2.8628955 11.310009
0.0 6.0 0.0
0.0 9.0 0.0
0.0 9.0 0.0
-8.984657 9.395528 0.0
0.0 9.0 0.0
0.0 12.0 0.0
0.0 12.0 0.0
11.05804 11.563726 0.0
0.0 12.0 0.0
0.0 16.0 0.0
0.0 12.0 0.0
11.05804 11.563726 0.0
11.05804 11.563726 0.0
11.05804 15.563726 0.0
11.05804 11.563726 0.0
16.532608 5.72492 7.642515
16.532608 5.72492 7.642515
9.407048 7.3237867 16.857605
16.532608 5.72492 7.642515
11.539408 2.4209747 16.949636
0.0 12.0 0.0
0.0 16.0 0.0
0.0 16.0 0.0
-13.82255 14.4546585 0.0
0.0 16.0 0.0
0.0 20.0 0.0
0.0 20.0 0.0
16.587059 17.345589 0.0
0.0 20.0 0.0
0.0 24.0 0.0
